0.003 1.815 3.841 5.679 7.332 9.625 11.291 13.536 15.056 16.814 16.071 16.775 19.720 20.948 21.412 22.435 24.255 24.390 24.230 25.637 26.556 26.493 26.906 27.412 27.768 27.732 27.316 27.099 27.237 26.581 25.600 25.631 25.680 24.292 23.297 23.886 23.857 21.749 21.467 22.710 22.140 20.213 21.146 22.560 21.509 21.167 23.099 22.987 24.754 24.995 26.122 26.612 27.380 27.162 27.428 27.136 26.208 26.730 25.845 25.856 25.390 23.998 23.643 23.589 22.743 21.226 21.853 22.096 21.761 21.570 22.184 22.901 22.775 23.202 24.202 24.672 23.886 24.649 25.471 25.416 25.680 26.580 27.427
1.200 0.001 1.613 3.622 5.166 6.683 8.928 10.537 12.334 14.301 13.213 14.163 17.058 18.953 19.509 20.798 22.688 22.929 22.803 24.381 25.392 25.414 25.985 26.621 27.039 27.052 25.911 26.050 26.407 24.980 23.579 24.121 24.102 22.116 21.092 21.830 21.650 18.815 19.061 20.638 19.860 17.936 19.560 21.095 20.055 20.352 22.104 21.917 23.542 23.889 25.261 25.726 26.874 26.774 26.910 26.588 25.620 25.714 24.585 24.418 24.037 22.172 21.480 21.597 21.157 19.503 19.774 20.116 20.825 19.720 20.589 21.249 22.179 22.087 22.953 23.628 23.362 23.543 24.302 24.858 25.099 26.182 27.032
3.294 1.233 0.003 1.573 3.520 4.706 6.645 8.577 9.923 12.071 11.608 12.261 15.273 17.130 18.354 19.530 21.975 22.090 22.033 23.562 24.821 24.959 25.665 26.648 27.070 27.156 26.022 26.075 26.240 24.630 23.116 23.804 23.904 21.771 20.601 21.990 21.638 18.735 18.675 20.335 19.450 18.045 18.932 20.699 19.831 20.061 21.888 22.242 23.543 23.992 25.254 25.862 27.152 26.960 27.038 26.674 25.722 25.840 24.552 24.567 24.158 22.385 21.634 21.694 21.170 19.747 19.905 20.580 20.639 20.237 20.812 21.790 21.913 22.546 23.307 23.582 23.079 24.033 24.765 24.958 25.172 26.305 27.238
4.563 3.531 1.202 0.000 1.718 3.910 5.795 7.590 9.632 11.796 11.377 12.273 15.594 17.939 18.674 20.111 22.008 22.184 22.166 23.832 24.879 24.990 25.755 26.553 27.200 27.050 26.040 26.036 26.014 24.950 23.131 23.651 23.619 21.712 20.440 21.514 21.486 18.263 18.308 19.798 19.370 17.697 18.534 20.324 19.919 19.595 21.288 21.788 23.074 23.619 25.331 25.589 27.028 26.750 26.886 26.495 25.422 25.475 24.109 24.107 23.612 21.845 21.348 21.400 20.603 19.069 19.749 20.224 20.099 19.702 20.271 20.837 21.530 22.018 22.486 22.753 22.805 23.349 24.011 24.358 24.617 25.987 26.999
6.100 4.660 3.273 1.374 0.000 1.914 4.364 5.885 7.878 9.630 9.814 11.323 13.941 15.979 17.370 18.724 20.772 21.167 21.136 22.767 23.869 24.224 25.211 26.058 26.696 26.721 25.639 25.417 25.485 24.068 22.448 22.761 22.768 20.628 19.409 20.605 20.216 17.736 17.425 18.812 18.629 16.961 17.861 19.597 19.052 19.290 21.176 21.349 22.892 23.443 25.042 25.402 26.718 26.526 26.650 26.383 25.364 25.407 24.160 23.953 23.524 21.857 21.112 21.148 20.683 19.299 19.932 19.862 20.428 20.042 20.216 20.559 21.728 22.541 22.702 23.217 23.271 23.743 24.330 24.793 25.110 26.294 27.028
9.042 6.765 5.390 3.938 1.483 0.000 1.773 4.393 6.898 9.305 9.397 11.159 14.090 16.428 17.768 20.057 21.742 22.106 22.350 23.761 24.462 24.740 25.600 26.461 26.939 27.029 26.125 26.119 26.120 24.770 23.592 23.944 23.730 22.222 21.388 22.282 21.627 19.158 19.762 21.107 19.788 18.170 20.120 21.238 19.960 20.386 22.350 22.304 24.273 24.457 26.147 26.077 27.376 27.232 27.327 27.152 26.061 26.460 25.239 25.195 24.645 23.014 22.640 22.370 21.719 20.082 20.749 21.036 20.713 20.174 21.178 21.491 21.809 22.145 23.153 23.089 23.079 23.386 24.158 24.234 24.415 25.754 26.716
12.118 10.380 7.900 5.898 4.185 1.839 0.001 2.038 4.468 6.023 7.821 9.919 11.681 14.114 17.540 18.857 20.113 21.036 21.309 22.542 23.510 24.195 25.101 26.138 26.804 27.032 26.290 26.360 26.541 25.372 24.344 24.539 24.583 22.778 22.084 22.567 22.070 19.776 19.608 20.531 19.622 18.441 19.677 20.965 19.837 20.443 22.278 22.725 24.303 24.486 25.943 25.986 27.169 27.061 27.185 27.066 26.181 26.436 25.279 25.249 24.755 23.401 22.739 22.791 22.446 20.743 21.239 21.831 21.613 20.762 21.564 22.487 22.622 22.896 24.023 24.369 23.535 23.869 25.105 25.245 24.841 26.368 27.174
14.840 12.640 10.204 7.789 5.858 3.922 1.530 0.001 1.320 2.903 4.326 5.228 6.055 9.085 11.134 12.434 13.884 14.987 15.365 16.745 18.214 19.314 20.680 22.383 23.851 24.779 23.350 24.206 24.471 22.603 20.742 22.399 22.316 19.618 19.504 20.954 20.554 17.813 18.523 20.275 19.003 17.716 19.987 20.925 19.757 20.719 22.372 22.788 24.131 24.340 25.744 25.827 27.171 27.115 27.175 27.042 25.966 26.199 25.040 24.901 24.663 23.149 21.963 22.504 22.212 20.529 20.421 21.289 21.362 20.371 20.813 21.851 22.162 22.213 23.097 23.398 23.007 22.992 23.994 24.277 24.239 25.779 26.633
16.032 14.041 11.754 9.321 6.838 5.146 2.824 0.942 0.002 1.039 2.699 4.255 4.159 6.277 8.858 10.311 11.999 13.134 13.439 15.327 16.672 17.753 19.251 21.327 22.934 23.684 22.243 23.371 23.621 21.404 19.735 21.698 21.670 19.241 19.015 20.894 20.298 17.882 18.601 20.366 18.965 18.108 20.234 21.225 20.323 21.252 22.998 23.338 24.653 24.501 25.877 25.775 27.137 27.189 27.122 27.128 26.057 26.061 25.175 24.821 24.612 23.386 22.183 22.401 22.401 21.034 20.769 21.222 21.550 20.666 20.984 21.946 22.571 22.651 23.297 23.982 23.468 23.585 24.673 25.039 24.850 26.257 26.836
17.985 16.049 13.297 10.860 8.618 6.695 4.712 2.783 0.761 0.000 1.163 2.731 4.221 4.625 7.055 9.173 10.432 11.729 11.558 13.528 15.422 16.065 17.248 19.136 20.766 21.500 20.035 20.947 21.329 19.490 17.776 19.399 19.608 17.317 17.142 18.751 18.873 16.518 16.752 18.558 18.048 16.714 18.819 20.350 19.500 20.426 22.198 22.543 23.668 23.140 24.535 24.651 25.972 26.148 26.107 26.312 24.820 24.747 23.422 23.313 23.272 21.654 20.269 20.968 21.294 19.459 19.468 20.455 21.015 19.975 20.204 21.365 22.000 22.205 22.738 23.241 23.048 23.066 24.078 24.564 24.640 25.954 26.570
18.258 16.683 14.439 11.732 10.181 7.766 6.416 3.811 2.633 0.733 0.000 1.284 2.551 4.327 5.187 7.224 9.399 10.284 10.052 12.289 14.115 15.087 16.712 18.657 20.228 20.963 19.172 20.451 21.038 19.275 17.221 19.035 19.377 16.834 16.507 18.506 18.444 15.874 16.456 18.105 17.234 16.236 18.735 20.100 19.283 20.280 22.196 22.101 23.399 22.947 24.725 24.568 25.900 25.947 25.808 25.955 24.578 24.504 23.217 23.096 22.804 21.353 20.429 20.581 20.676 19.497 19.489 20.058 20.390 19.863 20.256 21.066 21.799 21.873 22.631 23.167 22.823 22.739 23.869 24.462 24.488 25.667 26.722
18.862 16.890 14.770 12.070 10.204 7.898 6.503 4.775 3.876 2.515 0.778 0.000 1.188 3.024 4.816 5.620 7.336 9.542 9.960 11.429 13.795 15.442 16.982 18.794 20.674 21.479 19.914 21.321 22.015 20.063 17.772 19.921 20.147 17.900 16.967 19.165 19.163 16.452 16.806 18.302 17.933 16.405 18.825 20.045 19.451 20.174 22.263 22.063 23.791 23.014 25.066 24.856 26.380 26.414 26.143 26.303 24.859 24.780 23.705 23.285 23.104 21.601 20.601 20.760 21.003 19.515 19.349 20.243 20.644 19.644 20.270 21.457 21.884 21.933 22.726 23.292 23.045 22.877 24.180 24.436 24.282 25.892 26.829
19.436 17.565 15.006 12.474 10.630 8.677 7.464 5.665 4.768 4.331 2.968 0.782 0.000 1.442 3.477 5.422 6.195 8.076 9.416 11.220 13.050 14.895 16.616 18.411 19.957 20.843 19.727 20.848 21.399 19.679 18.040 19.738 19.980 17.791 17.322 19.242 19.015 16.451 17.148 18.699 18.129 16.836 19.128 20.493 19.608 20.798 22.431 22.585 23.914 23.382 24.937 24.924 26.184 26.302 26.188 26.322 24.984 24.859 23.668 23.325 23.332 22.038 20.894 21.045 21.440 19.958 19.896 20.350 20.966 20.191 20.377 21.503 21.997 22.151 22.916 23.327 23.035 23.279 24.357 24.772 24.797 26.393 26.819
22.130 20.515 18.155 16.171 14.326 12.557 11.426 9.275 6.329 5.223 5.896 3.509 0.855 0.000 1.770 4.298 5.752 6.790 7.852 10.267 12.507 13.945 15.889 18.118 20.003 21.009 20.002 21.119 21.584 20.116 18.693 20.572 20.785 18.366 18.681 20.418 19.892 17.876 18.843 20.353 19.382 18.479 20.633 21.793 20.793 22.250 23.637 23.704 24.853 24.583 25.604 25.518 26.679 26.849 26.616 26.807 25.601 25.350 24.109 23.921 24.066 22.681 21.818 21.906 22.251 21.001 20.834 21.284 21.919 20.851 21.212 22.208 22.666 22.727 23.178 24.019 23.483 23.393 24.486 24.993 24.844 25.998 27.020
23.282 22.080 20.190 18.079 17.289 15.105 14.078 11.955 11.044 7.252 6.663 6.702 3.997 0.938 0.000 2.066 5.223 6.684 6.564 8.089 11.865 12.915 14.717 17.651 19.204 20.795 20.311 21.244 21.727 20.918 19.621 21.291 21.455 19.401 19.780 21.458 20.954 18.569 20.151 21.388 20.232 19.922 22.122 22.483 21.910 23.260 24.331 24.612 25.710 25.630 26.678 26.211 27.423 27.574 27.226 27.444 26.630 26.337 25.245 25.039 25.346 24.411 23.200 23.466 23.873 22.652 21.921 22.688 23.140 21.908 22.123 23.209 23.730 23.180 23.949 24.768 24.120 23.644 25.032 25.486 25.155 26.271 27.188
23.449 22.084 20.531 18.273 17.683 15.450 14.920 13.068 11.850 10.969 7.935 7.057 6.670 4.473 0.940 0.000 1.482 4.352 5.849 5.975 8.197 11.230 12.923 15.528 16.712 18.729 18.724 19.854 20.406 19.192 18.344 19.942 19.916 18.330 18.972 20.339 19.976 18.194 19.160 20.303 19.583 19.003 21.140 21.765 21.294 22.409 23.820 23.761 25.091 24.674 26.019 25.827 26.875 27.115 26.721 26.896 25.975 25.615 24.718 24.424 24.507 23.433 22.697 22.695 23.021 21.723 21.454 22.120 22.678 21.399 21.825 23.068 23.590 23.233 24.084 24.969 24.137 24.277 25.412 25.652 25.543 26.667 27.237
24.075 23.084 21.119 19.557 18.610 17.038 16.436 15.250 13.490 12.542 11.969 8.522 7.253 6.818 4.242 0.878 0.000 1.631 3.924 5.665 6.432 8.179 11.084 13.829 15.465 16.529 16.356 17.915 18.198 17.352 16.533 18.637 18.774 17.551 17.854 19.677 19.595 17.989 19.216 20.287 19.889 19.349 21.454 22.244 21.811 23.308 24.201 24.401 25.349 24.803 25.671 25.581 26.412 26.621 26.453 26.800 25.765 25.170 24.188 23.887 24.104 23.108 22.051 22.254 22.755 21.536 21.354 21.780 22.275 21.161 21.522 22.430 23.051 22.864 23.519 24.232 23.853 23.921 24.936 25.390 25.479 26.658 27.074
25.114 24.391 22.432 20.968 20.346 18.679 18.460 17.473 15.448 14.472 13.059 10.940 8.302 7.248 6.267 3.922 0.925 0.001 1.770 4.033 5.998 6.429 7.886 10.795 12.528 14.470 13.995 15.518 16.692 16.223 15.292 17.831 18.447 17.077 17.512 19.991 20.070 18.328 19.339 21.249 20.794 19.989 22.344 23.228 22.827 23.862 24.703 24.586 25.602 24.986 25.765 25.518 26.465 26.668 26.337 26.717 25.687 25.269 24.134 23.874 24.245 23.220 22.073 22.236 22.890 21.826 21.284 22.101 22.883 21.741 22.034 23.116 23.838 23.438 24.157 24.982 24.383 24.318 25.259 25.805 25.748 26.453 27.353
24.843 23.969 22.235 20.714 20.320 18.391 18.314 17.168 15.277 13.886 12.554 10.574 9.672 7.391 5.891 5.160 3.293 0.934 0.000 1.328 3.287 5.003 5.751 8.125 10.592 12.535 12.064 14.257 15.269 14.845 13.514 16.550 17.078 16.055 16.125 18.645 18.960 17.101 18.088 19.853 20.025 18.796 21.204 22.230 22.019 22.811 24.478 23.672 25.195 24.131 25.614 24.918 26.131 26.408 25.890 26.245 25.178 24.723 23.416 23.254 23.558 22.300 21.355 21.535 22.187 20.854 20.376 21.066 21.805 20.953 21.099 22.415 22.946 22.698 23.641 24.444 24.013 23.885 25.099 25.494 25.594 26.422 27.374
24.944 24.516 22.531 21.012 20.575 18.771 18.718 18.015 16.107 14.702 13.092 11.739 10.471 9.086 6.817 5.820 4.980 3.617 0.818 0.000 1.557 3.585 5.554 7.267 9.349 11.707 11.418 13.942 14.559 13.999 13.733 15.980 16.800 15.705 16.169 18.134 18.932 16.899 18.223 19.732 19.735 19.096 21.140 22.503 22.102 23.212 24.408 24.243 25.290 24.475 25.534 25.078 26.093 26.249 25.922 26.300 25.256 24.822 23.632 23.555 23.770 22.705 21.592 21.769 22.660 21.245 20.877 21.540 22.357 21.188 21.491 22.601 23.296 23.161 23.839 24.691 24.118 24.150 25.397 25.777 25.726 26.710 27.259
26.347 25.687 24.030 22.634 22.338 20.635 20.577 19.739 17.812 16.647 15.241 12.849 11.970 10.179 8.758 6.727 5.391 5.372 3.023 0.886 0.000 1.329 3.825 5.719 6.924 8.717 9.407 11.954 13.073 12.592 12.780 15.655 16.703 15.863 16.277 18.502 19.079 17.824 19.208 20.644 20.624 20.515 22.179 23.302 23.167 24.396 24.973 25.102 25.726 25.027 25.765 25.083 26.158 26.611 26.142 26.567 25.883 25.238 23.958 23.709 24.284 23.466 22.141 22.220 23.291 22.069 21.445 22.430 23.175 21.986 22.078 23.433 24.069 23.623 24.257 25.175 24.697 24.365 25.574 26.153 25.960 26.827 27.551
26.774 26.154 24.920 23.597 23.228 21.512 21.452 20.467 18.710 17.483 16.126 14.501 12.639 11.312 9.775 8.626 6.265 5.402 4.938 3.023 1.058 0.001 1.715 4.381 6.147 7.850 8.563 11.025 12.256 12.245 12.721 15.674 16.656 16.361 17.507 19.219 19.314 18.653 20.010 21.539 21.465 21.323 22.955 23.893 23.849 24.531 25.687 25.325 26.341 25.473 26.527 25.641 26.608 27.177 26.565 27.110 26.445 25.938 24.576 24.646 25.016 24.222 23.224 23.597 23.773 22.800 22.038 23.131 23.521 22.652 22.681 23.887 24.597 24.044 24.719 25.605 25.149 24.794 26.125 26.570 26.465 27.085 27.943
27.713 27.522 26.525 25.540 25.349 23.871 23.910 22.873 21.089 19.515 18.245 17.166 15.402 13.270 12.020 10.922 9.512 7.383 6.595 5.907 4.168 1.157 0.001 1.865 4.694 6.953 8.332 10.488 12.213 12.310 12.783 15.816 17.222 16.843 18.225 20.120 20.808 20.308 21.852 23.160 23.205 23.627 24.756 25.557 25.520 26.381 26.963 26.933 27.379 26.481 27.310 26.539 27.173 27.794 27.261 27.723 27.112 26.672 25.539 25.612 26.089 25.629 24.515 24.542 25.443 24.362 23.452 24.326 25.199 24.226 23.701 24.958 25.754 24.890 25.205 26.349 25.732 25.301 26.399 26.841 26.450 27.080 27.861
28.006 27.757 26.771 25.817 25.543 24.424 24.704 23.823 21.963 20.949 19.687 18.332 17.053 15.602 14.117 12.499 11.408 10.129 7.677 6.250 6.106 4.346 1.371 0.001 1.891 4.338 6.818 9.060 9.339 10.746 12.448 14.475 16.158 16.636 17.918 20.435 21.293 20.997 21.998 23.504 23.673 24.006 25.314 25.946 26.090 26.670 27.263 27.185 27.572 26.797 27.334 26.550 27.154 27.629 27.278 27.734 27.284 26.736 25.778 25.714 26.111 25.812 24.671 24.790 25.551 24.689 24.065 24.635 25.421 24.447 23.816 25.047 25.754 25.138 25.235 26.304 25.971 25.511 26.537 27.106 26.879 27.296 28.078
28.137 27.793 26.869 26.259 26.263 25.466 25.920 25.503 24.365 23.707 22.331 20.800 20.119 19.152 17.766 15.892 14.737 13.586 11.053 8.649 8.125 6.990 4.131 1.588 0.000 1.902 4.563 6.738 7.402 8.997 10.592 12.638 14.462 15.420 16.673 19.715 21.514 21.244 22.068 24.048 24.431 24.629 25.420 26.338 26.615 26.982 27.394 27.254 27.528 26.905 27.269 26.401 27.048 27.429 26.957 27.455 26.967 26.223 25.244 25.230 25.800 25.650 24.507 24.685 25.494 25.079 24.414 25.062 25.762 25.169 25.004 25.808 26.410 26.009 26.228 27.086 26.678 26.174 27.039 27.520 27.364 27.758 28.398
27.153 26.890 25.774 24.907 25.147 24.079 24.498 24.375 23.349 22.959 21.235 19.918 20.299 19.389 18.049 17.141 16.108 14.413 12.296 11.144 9.515 7.724 6.782 4.082 2.004 0.000 2.006 4.977 6.533 7.077 6.456 9.671 11.708 12.111 12.881 15.997 17.636 16.639 17.659 20.319 21.309 20.967 22.357 23.834 24.167 24.707 25.305 25.171 25.896 25.317 26.008 25.441 26.580 26.756 26.502 26.673 25.857 25.108 23.625 23.562 23.962 23.260 21.713 22.191 23.114 22.290 21.571 22.758 23.630 23.008 23.007 24.098 24.900 24.593 25.002 25.712 25.412 25.217 26.295 26.828 26.641 27.392 27.969
26.744 26.461 25.544 24.731 25.197 24.087 24.922 25.001 24.493 24.190 22.692 22.205 22.581 22.059 21.099 21.068 21.156 19.196 16.611 16.233 15.028 11.921 9.306 7.768 3.953 1.258 0.001 1.941 4.552 6.049 4.869 6.130 9.615 10.090 9.629 12.094 14.123 13.806 14.311 16.507 17.709 18.388 19.942 20.861 21.325 21.775 22.558 22.358 22.740 22.016 23.118 22.734 24.132 24.162 23.815 24.282 23.026 22.621 21.233 21.323 21.676 20.461 19.509 20.534 21.252 20.551 20.140 21.824 22.786 22.099 22.248 23.498 24.537 24.128 24.561 25.805 25.496 25.231 26.365 26.946 26.814 27.429 28.115
26.353 25.801 24.729 23.709 24.303 22.960 23.785 24.083 23.577 23.153 21.133 20.646 21.557 21.025 19.313 19.546 19.794 18.156 15.531 14.903 14.249 11.723 8.873 8.126 6.549 3.990 0.865 0.001 1.388 3.234 4.036 3.633 4.810 6.890 7.720 8.005 9.803 11.062 11.576 12.927 13.635 14.129 16.146 17.172 17.907 17.936 19.292 19.272 20.555 19.429 20.889 21.361 22.812 22.975 23.259 23.534 22.219 22.027 20.774 21.204 21.192 19.373 18.377 19.728 20.395 19.000 19.174 20.827 21.765 20.793 21.152 22.697 23.441 23.080 23.979 25.084 24.880 24.656 25.948 26.404 26.512 27.332 27.879
25.522 24.520 23.126 22.022 22.558 21.602 22.475 22.679 22.130 21.974 19.753 19.219 20.266 19.923 18.428 18.734 19.048 17.719 15.843 15.431 15.035 12.491 10.332 9.173 7.147 5.253 3.082 0.647 0.000 1.030 2.122 2.961 3.192 4.193 5.570 6.495 7.350 7.716 8.713 10.450 11.145 11.067 12.529 13.889 15.064 15.933 16.679 17.227 17.964 17.698 19.540 21.199 22.493 22.113 22.537 22.489 20.955 21.027 19.437 19.927 19.458 17.681 16.835 18.169 18.344 17.125 17.322 19.302 19.699 18.812 19.570 21.245 21.816 21.594 22.779 23.771 23.496 23.208 24.902 25.351 25.343 26.329 27.110
24.955 24.216 22.811 21.551 21.937 20.919 21.766 21.936 21.475 21.432 19.359 18.710 20.090 19.921 18.459 18.837 19.315 17.822 15.823 16.105 15.871 12.487 11.001 10.650 7.754 5.401 4.446 2.213 0.652 0.000 1.086 2.326 3.451 3.608 3.499 5.890 7.054 6.475 7.779 9.922 10.375 10.485 11.952 12.835 13.796 15.252 16.725 17.017 18.043 17.591 19.581 20.808 22.063 22.276 22.253 22.307 21.021 20.919 18.909 19.419 18.996 17.247 16.085 17.256 17.104 15.972 16.521 18.125 18.412 17.429 18.409 20.113 20.417 20.603 21.795 22.742 22.716 22.848 24.154 24.942 25.175 26.305 27.037
25.137 24.347 23.108 21.797 22.597 21.153 22.206 22.299 21.906 21.711 19.528 18.746 20.252 19.844 18.030 18.370 19.021 17.718 14.779 15.850 14.989 12.199 10.459 9.917 8.005 6.029 4.263 3.852 2.626 0.628 0.000 1.122 2.493 3.339 3.210 4.018 5.906 5.797 6.591 8.305 9.255 9.478 11.190 12.408 12.652 14.360 16.113 15.955 17.903 17.222 18.953 20.280 21.517 21.455 21.998 21.650 20.176 20.600 18.701 18.915 18.766 16.161 15.920 17.042 17.263 15.818 16.552 18.043 18.782 17.835 18.626 20.445 20.955 20.802 22.019 23.254 23.139 22.941 24.625 25.205 25.417 26.362 27.310
24.667 23.822 22.628 21.538 21.925 20.791 21.769 21.918 21.487 21.450 19.208 18.619 19.919 19.937 18.137 18.384 18.963 17.989 15.134 15.814 15.880 12.878 11.385 10.934 9.998 8.226 5.291 4.330 3.820 2.425 0.585 0.000 1.112 2.227 2.839 3.008 4.393 5.555 6.053 6.617 7.590 7.882 9.808 11.377 11.453 12.450 14.109 14.175 16.045 16.435 18.697 20.035 22.034 21.402 22.254 22.217 20.496 20.493 18.708 19.158 19.054 16.632 16.071 17.314 17.271 15.830 16.789 18.164 18.628 17.868 18.599 20.468 20.742 20.834 21.936 22.958 22.840 22.701 24.224 24.845 25.096 25.956 26.787
24.017 22.906 21.725 20.513 20.973 19.850 20.721 20.801 20.599 20.667 18.606 17.845 19.257 19.465 17.986 18.201 18.696 17.866 15.738 16.166 16.279 13.621 12.328 11.892 11.454 8.840 7.196 4.696 4.129 3.522 1.863 0.561 0.000 0.896 1.799 2.726 3.201 3.437 4.769 5.493 5.838 6.759 8.029 9.342 9.650 10.477 12.418 12.908 14.114 15.648 17.613 19.362 20.892 20.201 20.861 20.657 19.201 19.288 17.997 18.481 17.853 15.781 15.195 16.550 16.289 14.881 15.784 17.520 17.583 16.601 17.536 19.395 19.525 19.667 20.879 21.787 21.606 21.645 23.204 23.776 24.221 25.375 26.278
23.708 23.028 21.623 20.466 20.868 19.851 20.931 21.196 20.959 21.215 18.964 18.323 19.892 19.679 18.227 18.650 19.236 17.958 15.379 16.780 16.842 13.773 12.854 12.751 11.536 10.139 7.872 6.731 4.762 3.908 3.189 1.572 0.583 0.000 0.868 2.042 2.853 3.347 3.980 5.225 5.279 5.908 7.849 8.093 9.154 9.728 12.292 12.282 13.883 15.035 17.118 19.174 20.459 20.319 20.803 20.261 19.119 19.457 17.638 17.855 17.518 15.642 15.128 16.326 15.933 14.802 15.655 17.142 17.056 16.768 17.668 19.050 19.371 19.573 20.804 21.597 21.488 21.618 23.513 23.804 24.247 25.429 26.532
24.108 23.243 22.161 20.965 21.587 20.079 21.565 21.705 21.741 21.664 19.304 18.607 20.297 20.182 18.250 18.839 19.444 18.527 15.392 17.042 16.836 13.868 13.307 12.945 12.060 10.786 8.231 7.109 6.310 4.347 3.360 3.074 1.824 0.568 0.000 0.921 2.382 3.397 3.626 3.969 5.277 5.668 6.449 8.165 9.059 9.806 10.547 11.430 13.559 14.265 17.062 18.269 20.166 19.817 20.541 20.432 19.118 19.220 17.263 17.848 17.590 15.280 14.717 16.285 16.129 14.836 15.641 17.589 17.965 17.089 18.079 19.732 20.011 20.039 21.236 22.294 22.233 22.261 23.914 24.467 24.694 25.590 26.591
23.517 22.478 21.401 20.402 20.830 19.944 20.966 21.012 21.022 21.060 19.079 18.344 19.831 20.056 18.425 18.783 19.285 18.578 16.000 17.096 17.088 14.853 13.833 14.132 13.421 11.964 9.640 8.384 7.645 6.883 4.078 3.959 3.084 2.390 0.574 0.000 0.891 1.971 3.288 2.822 3.168 4.521 5.376 6.038 6.843 7.766 8.767 9.819 12.400 13.779 16.840 18.232 20.068 19.712 20.257 20.130 18.974 18.757 17.127 17.402 16.793 14.538 14.575 15.746 15.375 14.556 15.584 16.965 17.231 16.764 17.800 19.346 19.444 19.706 20.983 21.778 21.655 21.710 23.403 23.819 24.075 25.328 26.346
23.226 22.235 20.813 19.778 20.401 19.547 20.514 20.921 21.133 21.425 19.267 18.785 20.373 20.438 18.866 19.535 20.291 19.232 17.220 17.838 18.084 16.128 15.137 15.357 14.835 12.848 11.298 10.150 9.106 7.549 6.121 4.220 3.667 3.116 1.718 0.588 0.000 0.811 2.063 2.467 2.278 2.821 4.569 4.936 4.871 6.315 8.223 8.557 11.585 13.261 16.312 17.592 18.937 18.428 18.756 18.678 17.465 18.011 16.403 17.189 16.656 14.231 13.940 15.078 14.704 13.130 14.648 16.210 16.295 15.783 16.792 18.334 18.622 19.159 20.314 20.863 20.848 21.263 22.879 23.298 23.850 25.186 25.902
23.320 22.195 20.846 19.792 20.485 19.436 20.551 20.920 21.276 21.622 19.484 18.892 20.608 20.401 18.714 19.556 20.318 19.223 16.809 18.208 18.317 16.039 15.593 16.220 15.457 14.106 12.217 10.327 10.207 8.681 6.808 5.981 4.543 3.582 2.849 1.859 0.567 0.000 0.667 1.467 1.883 2.196 2.013 3.730 3.829 4.517 5.500 6.605 9.616 11.827 14.855 16.190 17.951 17.466 18.083 17.801 16.695 17.086 15.696 16.572 15.323 13.268 12.819 13.868 13.469 12.562 13.832 15.486 15.899 15.512 16.701 18.469 18.671 18.980 20.548 21.331 21.133 21.573 23.334 23.698 23.928 25.435 26.407
23.440 22.549 21.142 19.983 20.714 19.534 20.977 21.210 21.419 21.670 19.277 18.828 20.601 20.662 18.617 19.678 20.532 19.565 16.750 18.593 18.835 16.234 15.971 16.811 16.277 14.154 12.588 10.584 9.957 8.759 6.488 5.725 5.048 3.640 2.722 2.330 1.291 0.560 0.000 0.611 0.892 1.617 1.443 1.909 2.656 3.856 3.825 5.814 8.964 10.994 15.139 16.071 18.592 17.987 18.684 18.352 17.291 17.145 14.964 15.870 15.152 12.191 12.075 13.506 13.313 12.046 13.337 15.040 15.586 15.270 16.370 18.000 18.284 18.842 20.215 21.151 20.799 21.452 23.059 23.584 24.002 25.396 26.272
22.753 21.703 20.492 19.560 20.194 19.430 20.567 20.660 20.964 20.980 19.162 18.655 20.150 20.180 18.796 19.561 20.278 19.370 16.881 18.643 18.890 16.776 16.316 16.503 16.092 14.633 13.297 11.660 11.041 9.268 7.505 6.135 5.058 4.502 3.294 2.571 1.942 1.112 0.524 0.000 0.619 1.101 1.394 1.438 1.930 3.106 4.174 5.720 9.377 11.675 15.395 16.482 18.294 17.865 18.559 17.962 16.820 17.038 15.577 16.351 14.967 13.190 12.505 13.787 13.677 12.398 13.879 15.698 15.854 15.271 16.653 18.207 18.518 18.960 20.247 21.012 20.536 21.003 22.870 23.230 23.371 25.204 25.959
22.647 21.784 20.228 19.161 19.942 19.120 20.312 20.737 21.071 21.395 19.028 18.668 20.600 20.453 19.087 19.644 20.626 19.578 17.435 18.759 18.984 16.976 16.269 17.126 16.405 15.387 13.478 11.976 11.608 10.098 7.820 7.047 6.101 4.383 3.539 2.753 2.026 1.380 0.924 0.516 0.000 0.566 0.906 1.398 1.620 2.411 3.661 5.006 8.456 10.971 14.536 15.322 17.585 16.832 17.225 17.137 15.786 16.788 15.248 16.483 15.328 12.930 12.888 13.792 13.467 12.084 13.566 14.949 15.415 15.103 16.012 17.747 18.150 18.705 20.007 20.631 20.459 20.937 22.770 23.101 23.644 25.226 26.033
22.748 21.629 20.183 19.019 20.057 19.020 20.414 20.702 21.145 21.102 19.280 18.602 20.594 20.622 19.077 19.799 20.829 19.830 17.307 19.214 19.453 17.518 16.937 17.911 17.150 16.232 13.757 12.194 11.635 10.138 7.720 6.829 6.151 4.840 3.660 3.480 2.233 1.644 1.686 0.983 0.556 0.000 0.624 0.992 1.806 2.468 3.229 4.943 8.990 11.225 13.840 15.631 17.362 16.880 17.475 16.997 16.160 16.410 14.981 15.986 14.726 12.246 12.220 13.274 12.868 11.345 13.052 14.757 15.309 14.799 16.019 17.753 18.176 18.378 19.983 20.921 20.340 21.043 22.869 23.236 23.470 25.353 26.463
22.599 21.810 20.167 19.003 19.906 18.790 20.356 20.673 20.969 20.959 18.801 18.417 20.387 20.587 19.046 19.844 20.554 20.036 17.175 19.145 19.417 17.516 16.993 17.924 17.075 16.101 14.217 12.455 11.871 10.843 8.334 6.804 6.340 5.084 3.875 3.716 2.990 2.011 1.738 1.706 1.039 0.542 0.000 0.780 1.451 2.154 3.206 5.176 9.168 10.957 14.026 15.136 17.021 16.347 17.220 16.967 16.101 16.232 14.815 15.551 14.610 12.384 11.911 12.941 13.077 11.739 12.895 14.707 15.466 14.950 16.033 18.073 18.412 18.730 20.112 21.071 20.492 21.484 23.225 23.383 23.952 25.544 26.118
22.473 21.443 20.046 19.329 19.940 19.203 20.378 20.881 21.132 21.446 19.130 18.559 20.451 20.656 19.052 19.907 21.025 20.147 17.820 19.663 20.075 18.122 17.884 18.471 17.599 17.071 15.103 13.465 12.382 11.451 9.628 8.467 7.048 6.032 4.767 4.260 3.186 2.907 1.954 1.927 1.600 1.297 0.576 0.000 0.735 1.511 3.074 5.103 9.012 10.882 13.475 14.679 16.167 15.635 16.305 16.415 15.598 16.077 14.714 15.934 15.085 12.351 12.519 13.758 13.576 11.854 13.995 15.506 15.603 15.118 16.496 18.144 18.224 18.655 20.131 20.793 20.408 21.006 22.776 22.980 23.458 25.245 26.079
23.002 21.559 20.198 19.007 19.993 19.336 20.652 20.905 21.420 21.603 19.519 18.871 20.780 20.649 19.246 20.041 21.151 20.034 18.017 19.868 20.205 18.424 18.457 19.269 18.121 17.456 15.613 14.221 13.101 11.922 10.273 8.925 7.959 6.722 5.538 4.956 3.908 3.448 2.968 2.141 2.104 2.083 1.307 0.643 0.000 0.736 2.108 3.674 7.165 9.696 12.881 14.206 16.316 15.900 16.619 16.651 15.618 16.816 15.561 16.973 15.903 13.258 13.304 14.402 14.131 12.548 14.011 15.456 15.695 15.269 16.475 18.089 18.406 18.591 20.034 20.808 20.480 21.212 22.834 23.265 23.715 25.395 26.456
22.226 21.053 19.761 19.277 19.738 19.085 20.390 20.835 21.207 21.503 19.444 19.076 21.047 21.085 19.675 20.456 21.571 20.719 18.660 20.602 20.830 19.333 19.029 20.126 19.297 18.257 16.014 15.001 14.458 12.608 11.027 9.924 9.121 7.695 6.888 6.541 5.062 4.290 4.709 3.545 2.258 2.263 2.330 1.446 0.723 0.000 1.145 2.401 5.543 8.406 10.749 13.424 15.057 14.515 15.346 15.455 14.489 15.647 14.904 15.754 14.389 11.928 12.329 13.454 13.166 11.910 13.448 15.126 15.392 14.793 16.199 17.808 18.191 18.570 19.925 20.798 20.169 21.114 22.826 22.959 23.400 25.081 26.065
22.848 21.986 20.472 19.790 20.562 19.913 21.268 21.545 22.013 22.172 20.071 20.201 22.350 22.113 20.907 21.930 23.072 22.272 20.958 22.629 23.003 21.806 21.967 22.489 21.797 21.426 19.833 19.185 19.000 18.026 16.480 15.975 15.117 13.999 13.304 13.054 12.126 10.111 9.882 9.175 7.205 5.663 4.984 4.347 2.441 1.153 0.001 1.025 3.075 6.272 7.358 9.991 11.267 11.087 13.463 13.647 12.934 14.818 14.358 16.245 14.804 12.244 13.611 14.694 13.989 12.878 15.095 16.488 16.483 16.241 18.222 19.339 19.316 19.933 21.301 21.809 21.688 22.176 23.596 23.684 24.110 25.638 26.420
23.186 22.042 21.065 20.191 20.965 20.075 21.721 22.119 22.538 22.734 20.828 20.713 22.745 22.652 21.364 22.220 23.611 22.705 21.410 23.183 23.695 22.583 22.363 23.374 22.844 22.200 20.698 19.129 19.167 18.309 16.913 16.092 15.536 14.391 12.642 12.541 12.219 10.689 9.020 9.550 8.117 6.236 4.622 4.537 3.753 3.031 0.947 0.000 1.292 3.166 4.363 5.995 7.666 8.252 10.592 11.432 11.038 13.018 12.901 14.389 13.157 10.966 12.283 13.546 13.155 12.466 14.697 16.131 16.291 16.182 17.847 19.252 19.241 19.680 21.057 21.581 21.336 22.182 23.461 23.711 24.263 25.916 26.546
22.942 22.223 21.108 20.368 21.627 20.783 22.057 22.464 23.096 23.464 21.512 21.587 23.664 23.705 22.569 23.617 24.853 24.005 22.855 24.670 25.043 23.962 24.191 24.659 24.133 23.628 22.414 21.829 21.430 20.748 19.092 18.601 18.210 17.235 15.708 15.571 14.998 13.925 12.242 12.049 10.777 9.177 6.719 6.884 6.319 4.153 2.829 0.981 0.000 1.279 3.045 4.627 6.089 7.313 9.491 10.471 10.276 11.957 11.867 13.744 13.072 11.135 12.172 14.051 13.675 13.044 15.511 17.217 16.981 17.388 19.286 20.123 20.344 20.939 22.173 22.515 22.494 23.186 24.380 24.345 24.970 26.312 26.878
23.109 22.406 21.741 20.855 22.056 21.052 22.514 22.954 23.535 23.855 22.453 22.537 24.383 24.279 23.210 24.194 25.491 24.471 23.500 25.315 25.564 24.486 24.654 25.064 24.660 24.433 23.188 22.220 22.111 21.251 20.047 19.228 19.467 18.708 16.565 16.179 16.818 15.407 12.728 12.641 12.555 10.204 7.622 8.568 7.904 5.962 3.848 2.749 0.959 0.000 1.172 3.269 4.609 6.170 8.203 9.418 9.909 11.384 10.999 13.682 12.952 11.513 12.933 14.660 14.695 14.456 16.824 18.460 18.492 18.776 20.194 21.396 21.670 22.014 23.168 23.536 23.245 23.831 25.099 25.103 25.482 26.830 27.393
23.256 22.670 22.031 21.445 22.627 22.073 23.164 23.451 23.991 24.234 23.048 23.110 24.833 24.668 24.169 24.843 25.811 25.056 24.422 25.599 25.907 24.939 25.139 25.359 25.160 24.768 23.585 22.936 22.460 21.669 20.652 19.710 19.731 19.049 17.103 16.313 16.855 16.018 13.536 13.098 12.836 10.460 8.500 9.848 9.308 7.402 6.278 4.251 2.792 1.044 0.000 1.275 3.027 5.244 7.352 8.571 9.021 10.523 10.899 13.250 12.647 11.349 12.972 14.763 14.622 14.343 16.984 18.644 18.629 18.998 20.801 21.542 21.846 22.419 23.301 23.519 23.666 24.489 25.357 25.298 25.987 27.222 27.533
24.552 23.947 23.431 22.878 23.949 23.096 24.043 24.327 24.814 25.008 23.691 23.953 25.589 25.345 24.549 25.775 26.637 25.651 25.043 26.612 26.603 25.736 25.910 26.241 25.741 25.076 24.501 23.895 23.455 22.921 21.813 20.977 21.121 20.627 19.096 17.817 18.217 17.575 15.484 14.446 14.720 13.150 10.832 11.388 11.982 10.297 8.400 6.289 4.309 2.801 0.824 0.001 1.289 3.928 6.354 8.217 9.312 11.429 12.086 15.201 14.787 13.503 15.619 17.220 17.273 16.983 19.493 20.461 21.045 21.031 22.393 23.437 23.962 24.037 24.852 25.202 25.022 25.556 26.709 26.513 26.842 27.913 28.190
24.561 24.144 23.553 23.006 23.963 23.363 24.152 24.351 24.787 24.945 23.865 23.980 25.397 25.225 24.690 25.338 26.292 25.645 25.164 26.241 26.336 25.770 25.855 26.044 25.682 25.276 24.248 23.998 23.785 23.046 21.871 21.062 20.786 20.247 18.464 17.636 17.623 17.067 14.863 14.353 14.206 12.903 11.194 12.331 13.249 12.127 10.946 8.747 6.933 4.425 3.141 1.125 0.004 1.513 3.737 5.758 7.848 9.618 10.981 13.646 13.373 13.013 15.452 16.634 16.979 17.424 19.436 20.702 21.238 21.375 22.704 23.670 23.868 24.134 24.796 25.066 25.029 25.585 26.444 26.483 26.925 27.880 28.122
25.522 25.344 24.965 24.634 25.460 24.907 25.926 26.073 26.487 26.518 25.458 25.553 26.706 26.474 25.906 26.479 27.315 26.681 26.155 26.991 27.219 26.441 26.483 26.724 26.386 25.943 24.921 24.200 24.019 23.741 22.626 21.896 21.955 21.716 20.289 19.991 20.307 19.822 18.503 17.908 18.656 18.440 16.929 17.487 19.214 18.429 16.707 14.594 11.193 8.715 5.461 3.030 1.016 0.000 1.800 3.865 6.310 8.156 10.380 12.611 12.808 13.568 16.194 17.531 18.514 19.124 21.040 22.010 22.801 23.084 24.070 24.537 25.162 25.361 25.895 26.113 26.144 26.694 27.314 27.478 27.895 28.491 28.584
26.211 26.060 25.781 25.539 26.264 25.974 26.590 26.832 27.090 27.214 26.292 26.313 27.389 27.217 26.662 27.085 27.848 27.399 26.895 27.651 27.907 27.266 27.316 27.444 27.229 26.641 26.150 25.408 25.198 25.308 24.291 23.412 23.924 23.604 22.441 21.624 22.751 22.207 20.582 20.075 22.021 20.695 18.870 20.638 21.628 20.237 18.841 15.943 12.957 10.005 6.759 6.329 3.977 1.337 0.002 1.693 4.769 7.042 9.627 12.233 12.082 13.963 16.700 17.516 18.389 20.207 21.691 22.513 23.426 23.880 24.480 24.987 25.672 26.153 26.445 26.665 26.671 27.090 27.655 27.810 28.209 28.705 28.717
25.807 25.676 24.831 24.542 25.428 24.833 25.822 26.257 26.348 26.683 25.571 25.364 26.588 26.549 25.797 26.160 27.252 26.634 26.064 26.905 27.288 26.743 26.669 26.921 27.000 26.397 25.574 24.583 24.543 24.520 23.210 22.391 23.033 22.525 20.979 20.860 21.972 21.061 19.260 19.938 21.145 19.657 18.356 20.636 21.557 20.149 19.474 16.330 14.257 11.130 8.598 7.634 5.542 3.720 1.118 0.002 1.904 4.617 7.553 8.482 7.542 9.594 12.585 13.036 14.147 16.091 17.665 18.739 20.066 20.553 21.724 22.217 23.205 23.806 24.472 24.795 24.865 25.542 26.148 26.666 27.241 27.946 28.159
25.340 25.014 24.301 24.048 24.744 24.081 25.302 25.626 25.791 26.079 24.855 24.695 26.009 26.000 25.224 25.649 26.684 26.149 25.515 26.548 27.014 26.461 26.411 26.873 26.749 26.116 25.209 24.478 24.343 24.105 22.579 21.977 22.172 21.215 19.657 19.748 20.808 19.317 17.670 18.752 19.483 17.847 17.016 19.255 20.156 18.531 18.528 15.234 14.361 11.188 10.207 9.488 8.345 5.539 3.798 1.217 0.001 1.255 3.271 4.763 5.792 7.376 9.719 11.323 12.653 15.329 16.595 18.137 20.070 20.773 21.337 22.272 22.893 23.632 23.984 24.485 24.523 25.172 25.734 26.224 26.954 27.744 27.888
25.089 24.748 23.720 23.400 24.127 23.532 24.646 25.287 25.362 25.616 24.419 24.050 25.385 25.338 24.596 25.075 26.215 25.636 25.086 26.296 26.801 26.183 26.374 26.820 26.657 26.255 25.344 24.605 24.395 23.993 22.378 21.550 21.691 21.060 19.192 19.122 20.178 18.582 16.464 18.327 19.073 16.569 16.326 18.921 19.743 17.818 18.147 15.125 14.729 11.771 11.444 11.058 10.460 6.894 5.682 3.346 0.969 0.002 1.584 4.226 6.172 6.352 7.712 10.898 13.645 14.581 15.816 17.991 20.028 20.337 20.931 21.341 22.520 22.752 23.212 23.746 23.755 24.162 24.961 25.501 26.131 27.019 27.353
24.818 24.480 23.295 22.989 23.660 23.048 24.251 24.959 24.717 25.200 23.816 23.379 24.695 24.699 23.821 24.438 25.398 24.948 24.540 25.499 25.933 25.429 25.583 25.938 26.052 25.372 24.729 23.932 23.602 23.401 21.848 21.062 21.516 20.998 18.967 18.722 20.262 19.085 16.607 18.558 19.649 17.553 16.841 19.589 19.792 18.214 18.729 15.236 15.356 11.976 12.370 11.366 11.383 8.673 6.565 5.448 3.770 0.943 0.001 1.742 4.432 5.848 5.772 7.528 11.096 12.517 13.520 16.262 18.018 18.042 19.022 19.103 19.505 19.749 20.767 21.431 21.783 22.480 23.174 24.037 25.370 25.966 26.699
24.759 24.335 23.229 22.779 23.530 22.859 24.246 24.800 24.809 25.236 23.672 23.397 24.857 24.854 23.961 24.512 25.565 25.275 24.580 25.692 26.109 25.505 25.609 26.140 25.911 25.292 24.836 23.919 23.690 23.417 21.932 21.152 21.073 20.735 18.956 18.842 19.734 18.581 16.566 18.082 18.702 16.877 16.387 18.974 19.328 17.666 18.289 15.354 15.672 12.370 13.022 12.112 12.024 9.820 7.812 7.405 5.414 3.735 0.763 0.001 1.469 4.229 5.872 6.105 7.725 11.074 13.309 14.781 16.768 17.266 18.765 18.789 18.905 19.118 20.004 20.659 20.984 21.773 22.397 23.455 24.719 25.767 26.134
24.291 23.354 22.490 21.839 22.824 22.174 23.304 23.826 24.062 24.421 22.784 22.438 23.987 24.066 23.229 23.819 24.976 24.244 23.730 24.803 25.292 24.677 24.966 25.365 25.320 24.932 24.140 23.444 23.141 22.701 20.996 20.107 20.761 19.740 17.453 18.110 18.838 17.065 14.641 16.969 17.183 14.321 14.475 17.338 17.506 16.001 16.999 14.253 14.786 12.153 13.508 13.081 13.475 12.223 10.185 9.447 6.628 4.560 3.889 0.694 0.002 1.587 4.380 5.538 6.567 8.387 11.409 13.505 15.341 15.607 16.252 17.271 17.733 17.633 18.209 18.827 18.769 19.845 20.901 22.397 23.501 24.697 25.361
24.160 23.703 22.388 21.902 22.688 21.923 23.336 23.770 23.965 24.219 22.688 22.283 24.077 24.203 23.228 23.803 25.023 24.258 23.631 24.979 25.595 24.766 25.058 25.676 25.586 25.413 24.098 23.196 23.128 22.696 20.868 20.071 20.509 19.283 17.360 18.047 18.402 16.605 14.293 16.894 17.108 14.046 14.128 17.372 17.351 15.993 16.960 14.286 15.190 12.437 14.013 13.382 13.911 12.605 10.767 9.975 7.040 5.667 5.554 3.985 0.658 0.000 1.909 4.907 5.802 6.300 8.356 11.379 14.682 14.086 15.912 16.863 18.270 18.742 18.479 18.727 19.450 20.322 21.193 22.445 23.636 24.614 25.331
24.346 23.895 22.772 22.649 23.060 22.399 23.809 24.424 24.402 24.922 23.346 22.647 24.498 24.655 23.354 24.094 25.357 24.860 23.911 25.173 25.808 25.087 25.265 25.956 25.873 25.596 24.527 23.467 23.538 23.135 21.200 20.281 20.931 20.120 17.530 18.470 19.416 17.283 14.608 17.614 17.797 14.762 14.953 18.229 18.100 16.963 17.953 14.896 15.505 13.216 14.383 14.091 14.588 12.743 11.198 10.707 7.946 7.451 6.752 5.976 4.775 0.757 0.000 1.576 4.905 5.990 6.429 8.398 12.521 13.175 13.686 14.633 16.559 17.245 17.819 18.113 18.989 19.530 20.509 21.893 23.221 24.289 25.202
24.223 23.652 22.505 22.208 22.917 22.367 23.986 24.498 24.340 25.046 23.386 22.582 24.536 24.758 23.417 24.102 25.484 24.851 23.987 25.219 26.117 25.057 25.334 26.034 26.053 25.373 24.380 23.316 23.507 22.914 20.926 20.299 21.186 20.075 17.615 18.629 19.249 17.701 15.396 17.605 18.719 15.537 15.546 19.371 19.262 17.602 18.469 15.777 16.438 14.163 15.540 15.151 16.350 15.466 14.365 14.100 11.706 9.974 7.522 6.666 6.096 5.184 0.697 0.000 1.839 4.934 5.894 6.523 8.487 10.996 13.387 13.565 14.744 16.213 17.265 17.855 17.900 19.153 20.188 21.543 22.735 24.335 24.905
24.160 23.296 22.049 21.235 22.241 21.565 22.854 23.535 23.581 24.189 22.195 21.575 23.587 23.728 22.774 23.294 24.812 24.038 23.185 24.508 25.347 24.744 24.771 25.401 25.534 25.286 24.053 23.019 23.237 22.702 20.413 19.827 20.366 19.158 16.959 17.778 18.305 16.163 14.223 16.669 16.787 14.143 14.674 17.878 17.605 16.554 17.906 15.717 16.829 15.064 16.619 16.490 17.918 17.176 15.906 15.948 12.675 10.772 10.892 7.759 6.703 6.706 5.038 0.732 0.000 1.629 4.682 6.138 6.775 8.217 10.369 12.212 13.351 14.352 15.721 16.311 16.492 17.438 19.163 20.576 21.853 23.348 24.313
23.835 23.402 21.896 21.149 22.204 21.366 23.131 23.685 23.639 24.081 22.391 22.054 23.724 23.844 22.825 23.535 24.831 24.068 23.499 24.650 25.541 24.709 25.057 25.504 25.845 25.333 24.208 23.352 23.318 22.753 20.714 20.133 20.865 19.521 17.015 18.225 18.612 16.090 14.301 16.871 16.953 14.444 14.454 17.605 17.513 16.449 17.803 15.468 16.506 14.867 16.346 16.333 17.593 16.196 14.905 14.488 12.847 11.562 11.275 10.672 7.410 7.596 5.815 5.019 0.718 0.000 1.855 4.774 5.471 5.647 7.733 9.569 11.475 13.005 14.753 15.111 15.891 17.233 18.911 19.842 21.531 23.423 24.422
24.196 23.558 22.188 21.860 22.721 21.888 23.670 24.317 24.358 24.991 23.563 22.887 24.824 24.803 23.334 24.125 25.543 25.272 24.474 25.471 26.146 25.603 25.780 26.306 26.455 26.135 25.086 24.319 24.659 24.222 21.765 21.467 22.416 21.096 18.104 19.549 20.108 17.329 15.325 18.050 18.371 15.140 15.372 18.938 18.631 17.055 18.522 15.524 16.814 15.082 16.965 16.941 17.962 17.019 16.212 16.440 14.201 14.310 13.045 12.000 10.640 8.322 7.799 6.601 4.893 0.884 0.001 1.773 5.015 6.232 6.769 8.208 10.743 12.563 13.880 14.199 15.175 16.733 18.485 19.517 21.398 23.212 23.932
24.088 23.081 22.130 21.407 22.123 21.733 23.311 23.698 23.841 24.475 22.945 22.428 23.989 24.295 23.108 23.767 25.179 24.643 23.945 24.912 25.863 24.959 25.058 25.749 26.202 25.624 24.352 23.319 24.097 23.328 20.971 20.758 22.119 20.200 17.653 19.354 20.451 17.202 15.612 19.210 18.968 15.594 16.343 20.468 19.501 18.033 19.827 17.628 19.156 17.605 19.412 18.737 20.440 19.749 18.774 19.192 16.815 15.770 14.714 13.464 12.489 11.501 8.080 7.122 6.380 5.100 0.858 0.000 1.835 4.940 6.223 6.727 7.818 10.825 12.266 13.034 14.015 15.765 17.395 18.642 20.509 22.231 23.218
24.045 23.475 22.091 21.066 22.108 21.611 23.163 23.313 23.315 23.693 22.411 21.779 23.354 23.456 22.651 23.093 24.384 23.866 23.276 24.168 25.034 24.697 24.819 25.312 25.599 25.374 24.081 23.294 23.707 22.796 20.752 20.497 21.436 20.031 17.579 19.204 19.739 17.272 16.032 18.879 18.693 15.835 17.077 19.889 19.397 18.167 20.393 18.356 20.361 19.258 20.779 20.401 21.943 21.484 20.626 21.137 19.839 18.019 17.781 14.965 14.494 13.483 12.854 8.120 7.715 6.839 4.679 0.791 0.000 1.572 4.077 5.839 5.657 7.985 10.134 11.492 12.172 13.579 15.673 17.338 19.086 20.185 21.635
24.120 23.752 22.396 21.811 22.460 22.035 23.523 24.001 23.677 24.390 23.083 22.135 23.633 23.901 22.940 23.401 24.485 24.187 23.658 24.461 25.509 25.210 25.143 26.016 26.334 25.984 24.783 24.172 24.628 23.738 21.489 21.698 22.634 20.907 18.805 20.538 21.331 17.853 17.273 20.143 19.684 17.215 18.319 20.921 20.032 18.796 20.683 19.029 20.633 19.704 21.094 21.151 22.687 21.932 21.316 21.623 20.319 20.297 19.425 17.699 15.348 14.668 13.586 11.393 7.855 7.091 6.538 5.002 0.862 0.001 1.616 4.740 5.839 6.219 8.209 10.643 11.563 12.585 14.627 16.701 19.031 20.598 21.766
24.235 23.606 21.995 21.310 21.903 21.632 23.324 23.593 23.495 24.292 22.678 22.205 23.781 24.013 22.835 23.349 24.799 24.347 23.547 24.474 25.533 24.961 24.862 25.937 26.185 25.819 24.655 24.046 24.677 23.741 21.258 21.588 22.830 20.882 18.530 20.771 21.106 17.950 16.714 20.346 20.011 16.468 18.656 21.309 20.528 19.191 21.556 19.895 21.774 20.920 22.132 22.171 23.549 22.961 22.428 22.950 21.987 21.573 20.078 19.663 17.981 15.591 14.702 13.206 11.409 7.903 6.808 6.870 4.974 0.867 0.001 1.826 4.490 5.897 6.607 8.290 10.191 12.075 13.312 15.542 17.589 19.960 21.146
24.405 23.994 22.471 21.560 22.441 21.645 23.423 23.639 23.661 24.066 22.832 22.059 23.582 23.843 23.059 23.712 24.681 24.232 23.744 24.675 25.409 25.260 25.151 25.923 26.100 25.909 24.618 24.085 24.551 23.543 21.540 21.460 22.334 20.855 18.429 20.485 20.797 18.076 17.382 20.693 20.085 17.352 19.682 21.878 20.998 19.917 22.123 20.657 22.339 21.648 22.443 22.320 23.750 23.266 22.681 22.624 21.438 21.717 20.878 19.373 19.666 17.994 15.419 14.471 12.969 10.959 7.706 7.252 6.660 4.470 0.923 0.001 1.883 4.901 6.494 7.031 8.839 11.322 12.722 14.510 16.946 18.915 20.134
24.958 24.169 22.754 22.037 22.619 22.349 23.742 23.880 23.746 24.142 23.028 22.330 23.560 23.914 23.149 23.687 24.645 24.274 23.850 24.606 25.423 25.343 25.437 26.068 26.526 26.329 25.009 24.484 25.065 23.951 22.059 22.130 23.107 21.608 19.706 21.590 21.873 19.362 19.410 21.663 21.137 19.057 20.703 22.712 22.010 21.313 23.542 22.030 24.386 23.513 24.889 24.600 25.575 25.524 24.727 24.669 22.847 23.199 22.738 21.181 20.952 20.434 18.624 15.539 15.141 12.912 11.055 8.009 7.398 6.266 4.604 0.987 0.000 1.740 5.128 6.199 7.250 9.055 11.472 13.046 14.956 17.438 18.880
24.643 23.990 22.781 22.238 22.893 22.597 24.114 24.505 24.175 25.041 23.866 22.984 24.626 24.794 23.862 24.249 25.431 25.271 24.500 25.436 26.241 26.204 26.261 26.959 27.342 27.128 26.232 25.949 26.454 25.430 23.889 24.122 24.692 23.152 21.613 23.180 23.264 20.301 20.518 22.764 21.739 19.807 21.704 23.340 22.252 21.601 23.653 22.883 24.526 24.047 25.400 25.175 26.501 25.873 25.568 25.782 24.449 24.684 23.775 23.157 22.282 21.506 20.598 19.063 16.884 15.697 14.073 11.654 8.210 7.083 7.295 4.956 0.958 0.001 1.853 5.089 6.720 7.148 8.907 11.920 13.524 15.661 17.658
24.500 23.828 22.541 21.809 22.352 22.143 23.456 23.487 23.591 24.354 23.235 22.761 24.217 24.470 23.890 24.278 25.521 25.248 24.692 25.560 26.351 26.348 26.501 27.093 27.456 27.343 26.546 26.308 26.650 25.496 24.119 24.395 24.686 23.029 21.815 23.351 22.820 20.331 20.786 22.541 21.677 19.649 21.848 23.251 22.150 21.815 23.958 23.238 24.955 24.691 25.894 25.770 26.865 26.601 26.390 26.578 25.510 25.620 24.744 24.169 23.562 22.231 21.206 20.840 18.662 16.138 15.194 13.521 11.293 7.990 7.570 7.272 4.705 1.013 0.001 1.729 4.506 6.163 6.511 8.198 11.104 12.327 14.022
25.127 23.718 22.686 21.650 21.757 21.862 22.698 22.901 22.941 23.527 22.629 22.134 23.468 24.024 23.299 23.763 24.923 24.824 24.433 25.239 25.986 25.906 26.156 26.589 27.331 27.273 26.212 25.925 26.376 25.008 23.757 24.213 24.404 22.646 21.632 23.125 22.548 20.038 20.560 22.603 21.317 19.398 21.844 23.119 21.940 22.088 24.302 23.855 25.659 25.444 26.489 26.680 27.606 27.343 27.306 27.236 26.562 26.331 25.639 24.898 24.478 23.369 22.114 20.684 20.042 17.345 16.391 14.900 12.899 10.813 8.615 7.542 6.368 4.385 1.083 0.001 1.638 4.220 5.702 6.225 8.008 10.166 12.213
24.699 23.553 22.760 21.896 21.668 21.698 22.686 22.752 22.868 23.471 22.298 22.222 23.668 24.029 23.650 24.132 25.219 25.039 24.433 25.394 26.419 26.212 26.364 27.015 27.802 27.729 26.496 26.620 27.075 25.618 24.006 24.826 24.990 22.851 21.923 23.571 23.006 20.160 20.742 22.773 21.634 19.829 21.862 23.211 22.142 22.089 24.266 23.665 25.514 25.576 26.543 26.463 27.782 27.356 27.432 27.398 26.642 26.845 25.983 25.783 24.973 23.654 22.677 21.539 20.532 18.354 17.087 15.347 13.193 11.075 10.293 8.232 6.613 5.776 4.006 0.979 0.001 1.637 3.877 5.483 5.766 7.633 10.535
25.290 23.973 22.884 22.127 21.736 21.981 22.937 23.126 23.162 23.826 22.639 22.143 23.445 23.925 23.306 23.888 24.851 24.626 24.166 24.882 25.675 25.704 25.810 26.732 27.064 27.121 26.148 26.217 26.622 25.313 23.655 24.511 24.673 22.686 21.658 23.337 22.741 19.725 20.691 22.741 21.321 19.447 22.253 23.468 22.301 22.588 24.819 24.237 25.925 25.606 27.142 26.849 27.892 27.829 27.721 27.938 26.980 27.223 25.941 25.624 25.006 23.478 22.126 20.959 20.124 18.288 16.727 15.471 13.601 11.441 10.394 9.231 7.315 5.802 5.402 4.015 0.923 0.001 1.646 3.786 4.925 5.445 7.271
25.358 24.225 23.265 22.221 22.119 21.838 23.011 22.724 22.839 23.008 22.358 22.439 23.228 23.599 23.316 23.864 24.641 24.650 24.477 24.913 25.704 25.879 26.092 26.645 26.989 27.160 26.160 26.104 26.443 24.991 23.886 24.152 24.307 22.378 21.697 22.997 22.234 19.964 20.644 22.264 21.241 19.739 21.863 23.294 22.147 22.639 24.651 24.196 25.591 25.306 26.691 26.571 27.668 27.534 27.526 27.469 26.755 26.481 25.596 24.923 24.291 23.484 22.040 21.136 20.555 18.766 17.286 16.395 14.827 12.393 11.754 10.514 9.281 7.349 6.254 5.328 3.807 0.895 0.001 1.357 3.528 5.092 6.121
25.310 24.794 23.413 22.452 22.468 22.385 23.373 23.529 23.254 23.733 22.738 22.795 23.796 24.441 24.073 24.365 25.255 25.426 24.974 25.556 26.379 26.455 26.379 27.049 27.603 27.642 26.628 26.741 27.147 25.852 24.960 25.465 25.565 23.841 23.289 24.418 23.748 21.634 22.526 23.824 22.541 21.309 23.309 24.021 22.911 23.491 25.213 24.910 26.245 26.205 27.268 27.232 28.119 27.877 28.033 27.888 27.184 27.145 26.666 26.051 25.597 24.478 23.558 22.295 21.772 19.819 18.961 17.882 16.594 14.594 13.370 12.106 10.829 9.886 7.671 6.379 5.537 3.768 0.958 0.002 1.471 3.911 5.323
25.105 24.158 23.143 22.563 22.175 21.934 22.904 23.203 23.145 23.632 22.745 22.448 23.687 23.966 23.448 23.995 25.116 24.759 24.636 25.314 26.041 26.044 26.329 27.125 27.507 27.521 26.671 26.658 27.074 25.710 24.536 25.237 25.264 23.475 22.848 23.917 23.295 20.606 21.559 23.040 21.615 20.254 22.481 23.285 22.068 22.891 24.819 24.425 25.922 26.120 27.345 27.130 28.154 28.250 28.174 28.298 27.291 27.516 26.386 26.007 25.514 24.375 23.276 22.294 21.391 19.645 18.456 17.767 16.427 14.201 13.481 12.489 11.628 10.363 9.280 7.038 5.714 5.274 3.748 0.863 0.002 1.867 4.063
24.899 24.051 23.186 22.258 22.190 21.776 22.840 22.770 23.005 23.497 22.575 22.659 23.591 24.026 23.713 24.312 25.144 25.029 24.833 25.428 26.203 26.088 26.425 26.988 27.317 27.210 26.493 26.419 26.840 25.485 24.545 24.967 24.900 23.162 22.704 23.545 22.950 20.771 21.477 22.799 21.649 20.567 22.498 23.098 22.259 23.210 24.616 24.483 25.731 25.664 26.951 26.731 27.807 27.756 27.650 27.755 26.929 27.053 26.117 25.902 25.411 24.176 22.900 22.270 21.718 19.859 18.983 18.449 17.081 14.837 14.178 13.663 12.544 11.613 10.751 9.754 6.830 6.148 5.798 3.822 1.042 0.005 1.365
26.042 25.235 24.283 23.676 23.134 22.907 23.390 23.428 23.130 23.607 23.126 22.707 23.560 24.157 24.008 24.243 25.129 25.066 25.149 25.637 26.328 26.458 26.482 26.924 27.520 27.444 26.458 26.561 26.919 25.478 24.917 25.523 25.359 23.878 23.744 24.630 23.824 22.052 23.062 24.099 22.874 22.562 24.642 24.629 24.069 24.892 26.042 25.838 26.820 26.827 27.648 27.624 28.308 28.313 28.285 28.280 27.644 27.551 27.040 26.788 26.459 25.535 24.815 23.915 23.849 22.605 21.746 21.231 20.425 18.753 17.850 17.111 16.215 14.767 13.504 12.952 10.950 7.685 7.281 6.406 3.798 1.229 0.002
