0.000 1.139 2.552 4.680 6.303 8.844 10.029 12.248 13.381 14.249 14.192 13.228 12.369 10.398 10.252 9.111 7.979 7.159 5.806 6.727 7.818 8.450 10.530 9.335 9.449 8.951 11.302 10.731 11.973 11.916 13.252 12.833 12.214 12.897 13.499 12.239 11.831 13.501 13.524 12.352 13.148 14.822 14.187 12.985 15.384 15.904 15.329 16.009 18.433 18.626 17.885 19.311 17.675 18.763 17.599 20.087 21.455 21.843 23.344 23.467 22.304 21.489 19.062 18.680 18.305 16.676 14.774 17.001 17.257 14.891 15.368 18.686 18.973 18.595 21.005 22.023 21.876 22.633 23.444 22.679 22.829 23.418
0.820 0.000 0.837 1.727 2.441 3.823 4.217 5.844 7.050 7.397 6.752 6.049 5.340 4.674 4.695 4.561 3.902 3.296 3.384 5.412 6.782 6.935 8.062 7.088 6.929 6.218 6.721 5.752 6.013 6.565 7.930 8.872 8.620 10.125 10.558 9.551 10.071 11.837 11.945 10.992 12.418 13.948 13.484 12.411 14.963 15.724 15.205 15.803 18.323 19.183 18.213 19.525 17.624 18.736 17.450 20.026 20.829 21.483 22.926 23.023 21.792 20.929 18.580 17.930 18.315 16.559 14.424 16.765 17.226 15.499 15.384 19.050 19.090 19.017 21.350 22.848 22.633 23.026 23.799 23.118 22.912 23.826
1.573 0.699 0.000 0.697 1.472 2.544 3.321 5.146 6.394 7.269 7.067 6.363 5.905 4.878 5.114 5.198 4.429 3.855 3.750 4.905 5.733 6.964 8.139 6.941 5.974 5.925 6.631 5.834 6.724 6.956 8.263 8.355 8.628 9.710 9.918 9.118 9.397 11.327 10.954 10.289 11.670 13.043 12.775 11.796 14.104 14.660 14.543 15.381 17.406 18.340 17.842 18.928 17.121 18.331 16.655 19.586 20.137 20.996 22.244 22.347 21.313 20.541 18.079 17.882 18.039 15.971 14.153 16.452 16.972 14.994 15.506 19.079 19.025 19.216 21.344 22.394 22.427 23.036 23.461 22.852 22.857 23.770
2.358 1.289 0.595 0.000 0.767 1.539 2.508 3.981 5.218 5.688 5.994 5.945 5.346 4.979 4.769 4.950 4.142 3.875 3.937 4.834 5.839 6.708 7.739 7.202 5.647 6.117 5.731 5.868 6.039 6.836 8.597 8.810 9.018 9.920 9.977 9.339 9.492 10.945 11.409 10.415 11.591 13.289 12.862 11.867 13.891 14.962 14.737 15.204 17.517 18.532 17.937 18.933 17.328 18.528 17.082 19.508 20.325 21.402 22.622 22.634 21.775 20.797 18.936 18.231 18.833 16.748 14.723 17.167 17.499 15.324 15.875 19.187 19.374 19.398 21.528 22.913 22.896 23.345 23.856 23.482 23.276 24.202
3.894 2.325 1.650 0.807 0.000 0.695 1.760 3.267 4.764 5.952 6.191 6.701 5.771 5.087 6.632 6.247 5.045 5.520 5.356 6.419 7.452 8.393 9.835 8.948 7.647 8.024 7.755 7.631 7.305 8.275 9.374 9.710 10.704 11.400 11.918 11.382 11.411 12.892 13.339 12.338 13.472 15.344 14.473 13.365 15.564 16.587 16.331 16.589 18.862 19.671 18.738 19.763 17.944 19.058 17.735 20.042 20.855 21.612 22.911 23.212 22.025 21.207 19.237 18.584 18.949 17.230 15.496 17.162 17.788 16.016 16.168 19.426 19.439 19.453 21.501 22.766 22.859 23.291 23.838 23.472 23.522 24.202
5.523 4.006 2.682 1.643 0.727 0.000 0.898 2.002 3.608 4.501 4.954 5.649 4.936 5.169 4.566 5.064 5.914 6.548 6.791 8.290 9.711 10.348 11.210 10.254 8.820 8.297 7.531 7.297 7.204 7.622 9.759 9.733 9.931 11.289 11.616 10.712 11.098 12.882 13.149 12.264 13.656 15.272 14.729 13.860 15.866 16.924 16.540 16.986 19.137 19.523 18.920 19.719 18.105 19.210 17.962 20.363 21.164 21.676 23.119 23.023 22.179 21.168 19.450 18.646 19.407 17.652 15.311 17.393 18.447 16.171 16.548 19.397 19.637 19.402 21.013 22.689 22.698 22.873 23.594 23.265 23.205 24.008
7.864 6.360 5.319 3.535 2.632 0.875 0.000 0.889 2.393 3.892 4.905 5.737 6.542 5.884 6.539 7.481 7.810 7.602 8.825 9.932 11.382 11.021 12.781 12.353 10.515 10.587 10.302 9.494 10.076 10.225 11.798 12.715 12.980 14.313 15.123 14.296 14.381 16.136 16.288 15.194 16.736 18.229 17.398 16.521 18.518 19.246 18.842 18.920 20.940 21.297 20.274 21.130 19.357 20.537 19.318 21.312 22.111 22.757 23.762 23.851 22.661 21.745 19.880 19.287 19.710 18.277 16.288 17.954 18.750 17.036 17.181 19.724 20.086 19.906 21.612 22.815 22.909 23.328 23.973 23.702 23.649 24.400
11.234 9.487 7.341 5.760 3.891 2.266 0.850 0.000 1.229 2.535 4.573 5.496 6.086 6.417 6.776 7.992 8.672 10.225 11.517 13.118 14.521 14.701 14.917 14.218 12.647 12.656 10.905 10.656 9.847 10.227 12.065 13.058 13.175 14.815 15.602 14.687 15.278 17.463 17.151 16.489 17.978 19.343 18.508 18.025 19.616 20.319 19.806 20.382 21.785 21.964 21.449 21.987 20.433 21.276 19.992 21.994 22.439 23.110 24.227 23.916 22.774 21.833 20.308 19.735 20.165 18.875 16.989 18.598 19.528 17.926 17.754 20.519 20.973 20.541 21.727 23.527 23.547 23.727 24.553 24.228 24.045 24.876
14.834 13.617 11.170 9.196 7.767 4.655 3.340 1.112 0.001 1.826 3.291 5.445 6.701 7.354 8.588 10.177 10.460 12.235 12.952 14.738 16.002 15.214 15.572 14.909 13.057 13.741 12.324 12.914 12.101 12.749 14.729 15.950 15.905 17.854 18.416 17.383 18.397 20.375 19.726 19.319 20.861 22.278 21.259 20.741 22.215 22.527 22.065 22.280 23.980 23.995 23.355 24.300 22.818 23.985 22.678 24.308 24.740 25.056 25.932 25.661 24.789 23.697 22.444 21.657 22.313 21.337 19.902 21.276 21.992 20.755 20.239 22.867 23.217 22.654 23.842 25.189 25.439 25.354 25.801 25.545 25.030 25.683
17.711 16.428 13.931 11.998 9.595 7.007 4.756 3.205 1.213 0.001 1.485 3.294 5.135 7.143 8.980 11.216 13.269 14.850 16.862 18.021 19.145 18.926 19.242 18.704 16.680 15.996 13.990 13.124 11.474 11.905 13.206 14.977 15.496 17.358 18.101 18.016 18.839 20.221 20.511 20.285 21.554 22.658 22.483 21.752 23.234 23.599 23.271 23.346 24.674 24.964 24.306 24.892 23.347 24.278 22.936 24.417 24.637 24.724 25.697 25.247 24.342 23.557 22.374 21.734 22.215 21.466 20.489 21.477 22.165 21.328 20.976 22.784 23.340 23.097 23.950 25.228 25.325 25.276 26.006 25.861 25.638 26.041
20.890 20.160 17.964 15.494 12.576 10.888 6.717 5.202 3.092 1.171 0.000 1.500 4.074 6.172 9.760 13.204 15.517 18.309 20.514 21.291 22.099 22.072 22.258 21.819 19.988 19.757 15.754 14.477 11.881 10.876 11.821 14.304 15.533 17.409 18.395 18.797 19.720 20.993 21.566 21.516 22.608 23.558 23.528 23.305 24.243 24.667 24.583 24.573 25.668 25.850 25.390 25.840 24.500 24.993 23.621 24.690 24.502 24.658 25.114 24.708 23.873 22.957 22.007 21.091 21.841 21.227 20.360 21.214 22.278 21.426 21.449 23.117 23.728 23.709 24.192 25.593 25.933 25.665 26.505 26.532 26.470 26.911
14.941 13.426 12.073 10.888 9.706 8.351 6.585 5.842 5.945 3.079 1.093 0.001 1.218 2.686 5.097 6.555 9.193 9.684 12.730 13.719 15.059 15.657 16.233 14.816 12.857 11.261 9.295 6.437 6.233 6.301 7.521 8.781 9.245 10.598 11.260 11.062 12.156 13.898 14.087 14.141 15.145 16.764 16.864 16.588 18.105 19.216 19.330 19.626 21.313 21.967 21.463 22.041 20.082 21.197 19.238 21.516 21.671 22.330 23.542 23.415 22.458 21.289 19.157 18.768 19.341 17.961 16.341 18.419 19.070 17.781 17.892 20.747 21.600 21.255 22.778 24.311 24.717 24.561 25.436 25.269 25.034 25.568
7.555 6.947 5.830 5.105 4.626 4.435 4.526 4.986 5.523 4.536 2.819 0.805 0.000 0.714 1.592 2.466 3.522 4.560 5.632 6.491 7.420 7.841 8.754 7.887 6.825 5.991 5.291 4.566 4.085 4.918 6.667 7.573 8.044 9.608 10.273 9.784 10.212 11.840 12.148 11.744 12.831 14.429 14.208 13.461 15.319 16.265 16.047 16.703 18.777 19.324 18.752 19.732 17.690 19.055 17.180 19.833 20.410 20.902 22.451 22.494 21.321 20.434 18.153 17.818 18.370 16.380 14.377 16.847 17.397 15.243 15.841 19.007 19.272 19.030 20.594 22.351 22.256 22.448 23.503 23.046 23.061 23.913
6.994 5.912 5.243 4.778 4.548 5.678 4.978 5.291 5.973 5.261 3.674 1.819 0.645 0.000 0.587 1.244 1.736 2.573 3.555 4.390 4.870 5.852 6.316 5.164 4.438 3.541 3.249 2.559 3.194 4.053 6.016 6.624 7.149 8.587 8.870 8.282 9.127 10.701 10.771 10.194 11.357 13.011 12.736 12.208 13.833 14.861 14.914 15.357 17.540 18.357 17.931 18.908 17.094 18.277 16.483 19.201 19.892 20.795 22.337 22.478 21.403 20.230 17.969 17.526 18.020 15.945 13.946 16.434 16.923 14.677 15.437 18.854 19.073 18.989 20.749 22.175 22.213 22.580 23.580 23.092 22.939 23.679
5.311 4.404 4.018 3.734 4.634 4.557 4.781 5.352 6.226 5.249 3.708 2.188 1.295 0.560 0.000 0.586 1.103 1.579 2.430 3.260 3.854 4.619 5.264 4.325 3.607 3.032 3.226 3.222 3.634 5.034 5.887 6.315 6.798 8.061 8.280 8.070 8.399 9.971 10.443 9.794 10.634 12.221 12.259 11.558 13.292 14.618 14.286 14.971 17.060 17.866 17.452 18.388 16.719 17.694 16.415 18.975 19.662 20.509 22.160 22.422 21.166 20.402 18.055 17.412 18.081 15.839 13.874 16.380 16.760 14.506 15.428 18.535 18.881 18.805 20.537 22.259 21.941 22.368 23.341 22.791 22.877 23.979
5.574 4.366 4.334 4.904 6.128 5.213 5.682 5.659 6.445 5.784 4.262 2.700 1.730 1.057 0.587 0.000 0.602 1.061 1.559 2.480 3.029 3.875 4.479 3.436 2.882 3.008 3.737 3.731 3.208 4.074 6.086 6.131 6.894 8.159 8.257 7.892 8.055 9.613 9.568 9.136 10.567 11.772 11.815 10.923 13.053 14.112 13.820 14.644 16.736 17.596 17.177 18.166 16.282 17.639 15.963 18.818 19.464 20.545 22.089 22.297 20.782 19.999 17.330 17.195 17.683 15.349 13.339 15.930 16.014 14.178 15.024 18.342 18.537 18.361 20.501 22.073 22.002 22.275 23.382 22.789 22.648 23.567
4.819 4.088 4.275 4.772 4.572 4.665 5.634 5.668 6.849 6.311 4.910 3.396 2.290 1.502 1.126 0.573 0.000 0.574 1.123 1.623 2.524 3.244 3.573 2.750 2.804 2.586 2.923 2.937 3.519 4.285 5.752 6.556 6.933 8.243 8.347 7.718 8.264 9.513 9.804 8.901 10.254 11.735 11.398 10.487 12.473 13.722 13.355 14.220 16.406 17.404 16.666 17.895 15.893 17.619 15.915 18.735 19.697 20.345 21.920 22.128 20.967 20.331 17.586 17.291 17.676 14.968 13.066 15.966 16.044 13.657 14.905 18.296 18.195 17.999 20.338 21.774 21.651 22.016 22.836 22.177 22.209 23.368
5.830 5.594 5.143 4.086 5.384 5.264 5.325 6.068 7.109 6.628 5.079 3.904 2.869 2.121 1.501 1.093 0.552 0.000 0.606 1.318 2.228 3.102 3.851 2.774 2.785 2.466 2.254 2.580 3.529 4.066 5.853 6.519 6.873 8.342 8.382 7.782 8.350 9.979 9.873 9.145 10.325 11.921 11.731 10.454 12.902 13.689 13.456 14.145 16.526 17.336 16.944 18.103 15.831 17.813 15.772 18.880 19.561 20.427 22.020 22.302 20.830 20.348 17.374 17.155 17.467 14.705 13.117 15.678 15.844 13.464 14.737 18.246 18.308 18.145 20.217 21.821 21.514 21.494 22.750 22.091 21.696 22.993
4.424 3.934 3.992 4.311 5.078 5.637 6.342 7.008 7.869 7.775 6.339 4.749 3.668 2.853 2.270 1.478 1.135 0.575 0.000 0.771 1.794 2.748 3.337 2.827 2.546 2.988 3.129 3.391 3.865 4.696 5.898 7.057 7.129 8.431 8.856 8.104 8.547 9.960 10.105 9.435 10.619 11.908 11.665 10.491 12.700 13.974 13.192 14.066 16.319 17.242 16.650 17.934 16.010 17.352 15.895 18.830 19.762 20.521 22.214 22.374 20.987 20.170 17.554 17.245 17.565 14.855 12.914 15.976 16.146 13.414 14.957 18.270 18.435 18.079 20.569 21.845 21.695 22.139 22.913 22.135 22.123 23.260
4.918 4.681 5.025 5.024 5.545 6.262 7.009 7.721 8.993 8.973 7.996 7.134 5.895 4.753 4.034 3.186 2.191 1.453 0.690 0.000 0.982 2.061 3.230 2.583 2.507 2.832 3.877 4.560 5.548 6.119 7.921 8.161 8.306 9.373 9.831 8.971 9.477 10.998 10.743 9.909 11.453 12.724 12.125 11.069 13.297 13.871 13.292 14.206 16.464 17.173 16.715 18.175 16.033 17.884 16.290 19.446 20.161 21.294 23.006 23.221 21.967 21.197 18.051 17.886 18.246 15.501 13.443 16.793 17.012 13.959 15.458 19.272 19.069 18.559 21.165 22.609 22.368 22.444 23.211 22.700 22.113 23.226
5.090 5.070 5.458 6.544 7.250 8.373 9.450 9.921 11.544 11.445 10.465 9.646 8.390 7.092 5.751 4.422 3.828 2.598 2.010 0.781 0.000 0.751 1.141 2.168 2.526 3.392 4.564 4.768 6.417 6.976 8.477 8.270 8.297 9.152 9.555 8.716 9.124 10.913 10.745 9.800 11.326 12.705 12.007 11.105 13.227 14.044 13.465 14.410 16.672 17.522 17.047 18.252 16.363 17.926 16.339 19.315 20.111 21.108 22.878 22.823 21.558 20.649 17.719 17.751 18.025 15.410 13.627 16.546 16.935 14.348 15.711 19.216 19.376 18.617 21.040 22.699 22.956 23.095 23.965 23.402 22.968 24.016
5.853 5.454 6.790 7.595 9.182 9.653 10.551 11.496 12.860 12.833 12.299 11.193 9.897 8.657 7.981 6.251 5.352 3.889 2.391 1.622 0.647 0.000 0.804 1.535 2.668 3.907 5.487 6.517 8.189 8.759 10.066 10.026 9.802 10.935 11.066 9.710 10.247 11.907 11.717 10.585 12.315 13.700 12.839 11.595 14.073 14.520 13.791 14.685 17.148 17.566 16.973 18.729 16.598 18.165 16.827 19.665 20.476 21.200 22.963 22.974 21.573 20.910 18.275 18.413 18.631 16.197 14.217 16.901 17.249 14.957 15.910 19.172 19.201 18.748 21.023 22.506 22.633 22.808 23.552 23.019 22.576 23.583
6.593 6.522 7.867 8.385 9.975 10.343 11.598 12.163 13.676 13.595 13.001 11.825 10.709 9.433 8.310 7.237 5.430 4.355 3.220 3.270 1.733 0.844 0.000 0.814 1.961 3.212 4.405 5.756 7.131 8.721 10.038 10.202 10.500 11.439 11.306 9.848 11.085 12.318 11.723 11.213 12.916 14.000 13.244 12.494 14.790 15.461 14.714 15.779 17.945 18.516 18.100 19.631 17.632 19.319 17.696 20.825 21.113 21.899 23.450 23.566 22.592 21.512 19.358 19.140 19.550 17.435 15.404 17.991 18.482 16.200 16.742 20.053 20.180 19.493 21.197 22.754 22.921 22.834 23.794 23.378 23.124 23.850
5.605 5.199 5.560 6.172 6.606 7.879 8.663 9.471 11.193 11.217 10.102 8.874 7.217 5.880 5.314 3.955 3.302 2.668 2.449 2.742 2.310 1.704 0.757 0.000 0.921 1.832 2.934 3.619 4.887 5.737 7.299 7.946 8.150 9.102 9.702 8.719 9.406 11.382 11.241 10.275 12.078 14.033 13.130 12.158 14.693 15.568 14.485 15.368 17.839 18.388 17.701 18.688 17.153 18.290 16.767 19.502 20.285 20.985 22.688 22.773 21.624 20.931 18.307 18.140 18.280 15.845 14.030 17.056 17.372 14.878 16.138 19.589 19.646 19.060 21.623 23.299 23.046 23.270 24.150 23.273 23.010 23.837
6.410 5.696 6.059 6.317 7.612 7.247 8.512 8.865 10.023 9.855 8.073 7.220 5.726 5.009 4.692 4.394 3.064 3.079 3.056 2.989 3.084 2.703 1.917 0.811 0.000 0.682 1.535 2.219 3.132 4.538 5.512 6.817 7.354 8.414 8.966 8.194 9.033 10.730 10.569 10.053 11.571 13.346 12.567 11.778 14.181 15.187 14.509 15.165 17.413 18.196 17.295 18.759 16.794 18.424 16.683 19.489 20.487 21.256 22.913 23.358 22.122 21.319 18.540 18.442 18.958 16.378 14.169 17.445 17.700 14.980 15.852 19.730 19.675 18.916 21.346 23.036 22.934 22.940 24.079 23.458 22.874 23.977
5.612 5.578 4.900 5.387 5.967 6.192 6.567 7.093 8.547 8.352 6.877 5.499 4.297 3.897 3.061 3.452 3.605 2.663 2.593 3.114 3.061 3.271 2.680 1.493 0.647 0.000 0.747 1.357 2.106 3.308 4.833 6.086 6.788 8.528 9.010 8.046 9.151 10.886 10.325 9.765 11.698 13.248 12.167 11.732 13.785 14.856 14.182 15.248 17.283 18.235 17.571 18.876 16.921 18.185 16.662 19.608 20.310 21.188 23.146 23.369 22.157 21.663 18.592 18.470 18.911 16.347 14.119 17.406 17.704 15.269 16.338 20.120 19.885 19.745 22.212 23.678 23.255 23.595 24.494 23.740 23.317 24.302
6.478 5.674 5.178 4.970 5.957 6.365 6.946 7.314 8.785 8.709 7.519 6.060 4.529 3.655 4.073 3.330 3.221 3.726 3.063 3.632 3.651 3.774 3.280 2.243 1.337 0.614 0.000 0.591 1.224 2.341 3.868 5.519 6.085 7.563 7.655 7.520 8.038 9.882 9.525 9.316 10.768 12.523 11.823 11.205 13.182 14.191 13.828 14.796 16.849 17.699 17.153 18.261 16.314 17.627 16.381 19.140 19.794 20.730 22.412 22.622 21.480 20.580 18.078 17.623 18.697 16.171 14.017 16.977 17.682 15.059 16.184 19.534 19.587 18.943 21.289 22.940 22.680 22.598 23.925 23.017 22.824 23.698
6.787 6.544 5.903 5.959 6.038 6.938 6.721 7.523 8.640 8.550 7.220 5.737 4.584 3.488 3.745 3.662 2.850 2.884 3.695 4.128 4.422 4.479 3.824 2.906 1.925 1.265 0.628 0.000 0.734 2.037 3.503 5.319 6.503 7.375 7.901 7.931 8.030 9.515 9.403 9.245 10.688 12.383 11.982 11.460 13.527 14.549 14.365 15.199 17.175 18.127 17.683 18.573 16.531 17.972 16.353 19.377 19.969 20.919 22.332 22.504 21.320 20.609 17.932 17.752 18.201 15.862 14.079 16.851 17.294 14.925 16.414 19.665 19.506 19.458 21.630 22.992 22.844 23.222 24.189 23.605 23.489 24.405
8.443 7.852 7.473 7.192 7.176 8.113 7.119 8.778 9.224 9.431 8.023 6.632 4.689 4.813 4.140 4.868 4.842 4.749 5.402 5.561 5.960 6.893 6.394 4.634 3.774 2.356 1.701 0.704 0.000 0.899 2.866 5.172 5.408 7.130 7.910 7.736 7.885 9.375 9.591 9.222 10.868 12.364 11.863 11.454 13.466 14.695 14.501 15.122 17.061 17.869 17.561 18.360 16.626 18.009 16.738 19.409 19.967 20.985 22.443 22.526 21.597 20.339 18.403 18.270 18.909 16.678 14.937 17.442 18.058 15.499 16.567 19.594 19.721 19.382 21.167 23.178 23.053 22.979 24.065 23.516 23.237 23.938
15.996 13.921 12.372 11.198 10.080 10.022 9.656 10.382 12.788 12.766 10.915 9.534 6.714 6.830 6.109 6.421 8.071 9.233 11.913 13.587 14.772 14.098 13.520 12.501 9.152 7.315 4.364 2.827 0.830 0.000 1.859 4.536 5.637 7.194 8.299 10.254 10.633 12.197 13.310 13.756 16.383 17.892 18.657 18.258 19.851 20.320 20.766 20.782 22.199 22.694 22.357 22.939 20.993 21.797 20.049 21.845 21.945 22.456 23.548 23.315 22.357 21.034 19.135 19.000 19.914 18.606 17.299 19.069 19.957 18.704 19.099 22.040 22.001 22.164 23.379 24.735 24.815 24.999 25.924 25.663 25.352 26.016
15.518 14.380 12.246 11.079 10.470 9.777 9.500 10.658 12.670 13.100 11.311 9.622 7.744 6.857 6.202 7.970 9.648 11.146 13.437 14.760 16.817 16.387 16.802 16.016 13.704 11.493 8.908 5.924 3.624 0.834 0.000 1.211 4.110 5.557 5.498 7.148 9.067 10.360 11.412 12.083 13.550 15.463 16.465 16.400 17.771 18.993 19.351 19.756 21.019 21.748 21.667 21.698 20.390 20.914 19.162 21.156 21.027 21.919 23.076 22.964 22.044 20.876 18.744 18.892 19.473 17.788 16.601 18.604 19.082 17.701 18.627 20.947 21.309 21.226 22.688 24.167 24.210 24.501 25.317 24.995 24.908 25.784
14.655 14.733 12.639 13.180 12.833 12.641 12.465 13.351 15.256 15.012 12.728 10.818 8.208 8.083 8.403 9.043 10.972 11.371 14.342 14.996 16.454 17.172 17.117 17.106 15.332 13.964 10.563 7.078 5.985 3.168 0.844 0.000 1.532 3.917 4.417 4.633 5.589 7.212 8.825 8.353 9.283 11.437 12.393 12.267 13.787 15.446 16.445 16.817 18.011 19.277 19.182 19.471 18.282 19.139 17.932 20.155 20.535 21.495 22.594 22.622 21.640 20.698 18.518 18.522 19.005 17.429 15.951 18.097 18.645 16.829 17.727 20.513 20.608 20.594 22.189 23.685 23.710 24.136 24.838 24.301 24.491 25.271
14.869 14.697 12.911 13.944 13.546 13.794 13.728 14.268 15.857 15.659 13.872 12.290 9.648 9.735 9.329 9.738 12.052 11.549 13.480 13.637 16.081 16.703 17.706 16.103 13.977 12.821 10.988 7.950 6.611 5.413 3.394 0.747 0.000 1.086 2.485 3.493 3.760 4.487 6.497 6.439 7.019 8.635 9.509 10.398 11.210 12.750 14.018 15.059 16.398 17.683 18.201 18.860 17.581 18.702 17.481 19.741 20.227 21.279 22.347 22.422 21.427 20.631 18.275 18.593 19.127 17.277 15.827 18.189 18.482 16.751 17.763 20.463 20.588 20.478 22.238 23.711 23.667 24.092 24.916 24.276 24.197 25.226
14.190 14.421 13.303 13.248 12.642 13.287 13.193 14.424 15.831 15.721 14.224 12.438 9.695 9.757 8.841 9.532 10.821 10.905 13.193 13.203 15.123 16.261 17.106 15.105 13.573 11.819 10.617 7.586 6.600 5.317 4.306 2.973 0.633 0.000 0.839 1.889 3.027 2.701 3.909 5.470 6.631 7.418 8.396 9.622 10.478 11.793 13.236 14.516 15.534 17.053 17.409 18.791 17.477 18.544 17.377 19.424 19.729 20.385 21.934 21.797 20.900 20.425 17.675 18.134 18.401 17.008 15.932 17.853 18.151 16.593 18.082 20.347 20.421 20.489 22.369 23.835 23.695 23.966 24.682 24.124 24.170 24.906
12.982 13.429 12.052 13.396 13.677 14.474 15.105 16.091 17.800 17.743 16.190 14.714 11.825 11.339 10.600 10.039 11.142 10.507 12.014 11.956 14.019 15.257 16.054 14.452 12.899 11.484 10.922 8.506 8.661 6.924 5.465 3.999 2.593 0.637 0.000 0.942 2.220 2.975 3.063 3.446 5.524 6.517 7.222 7.571 9.214 10.503 11.439 13.161 14.572 16.084 16.509 17.549 16.411 17.919 16.786 19.395 19.697 20.611 22.045 22.159 21.025 20.522 18.363 18.777 18.842 17.112 15.487 18.103 18.395 16.415 17.627 20.327 20.390 20.068 22.207 23.540 23.401 23.643 24.472 23.714 23.718 24.619
12.927 13.446 12.541 13.771 14.162 14.801 15.595 16.373 18.538 18.028 16.186 14.957 12.298 11.976 10.811 10.543 11.468 9.762 11.621 11.325 13.694 15.180 16.087 14.072 12.686 10.956 11.033 8.473 8.724 7.914 6.227 3.898 4.082 2.527 0.651 0.000 0.838 1.959 2.742 2.543 3.381 5.002 5.529 6.215 7.372 8.598 9.791 11.372 13.266 15.177 15.904 16.990 16.144 17.608 16.860 19.213 19.870 20.978 22.367 22.583 21.515 21.090 18.859 18.886 19.212 17.375 15.641 18.250 18.576 16.798 17.810 20.549 20.689 20.364 22.386 23.744 23.576 23.882 24.523 23.824 23.609 24.621
13.348 13.890 12.618 14.083 14.330 15.079 15.918 16.889 18.624 18.091 16.804 15.557 13.089 12.741 11.030 10.730 11.901 10.779 12.428 12.338 14.528 15.933 16.868 14.944 13.132 11.898 11.006 8.797 8.992 8.118 7.362 4.792 4.570 3.346 1.787 0.597 0.000 0.769 1.565 2.332 2.482 3.784 5.557 6.323 7.133 8.859 10.255 11.820 13.275 15.169 15.996 17.422 16.125 17.410 16.381 18.834 19.254 20.345 21.949 22.174 20.867 20.209 17.951 18.047 18.665 16.996 15.449 17.983 18.482 16.449 17.660 20.236 20.504 19.923 22.033 23.533 23.293 23.639 24.329 23.509 23.311 24.497
12.314 12.918 11.711 13.341 14.005 14.979 16.024 17.107 18.871 18.623 16.992 15.449 13.336 13.219 11.278 10.228 11.037 9.675 11.226 11.138 13.348 14.642 15.578 14.043 12.423 11.050 10.884 8.770 9.364 8.710 7.914 5.771 4.899 3.458 2.385 1.623 0.590 0.000 0.743 1.419 2.365 3.385 4.381 5.420 6.542 7.977 9.092 10.937 12.255 13.711 14.598 16.142 15.276 16.807 16.390 18.589 19.110 20.253 22.261 22.128 20.882 20.286 18.806 18.238 18.531 16.965 15.338 17.571 18.128 16.189 17.239 19.810 20.183 19.697 21.851 23.283 22.902 23.166 23.831 23.051 22.870 24.060
12.774 13.111 12.630 13.885 14.686 15.645 16.533 17.471 19.518 19.315 17.396 16.101 14.012 13.021 11.982 10.608 11.616 10.382 11.685 11.500 13.330 14.750 16.071 13.852 12.852 11.221 11.416 9.337 9.658 8.407 7.784 5.931 5.599 3.587 2.241 2.156 1.338 0.615 0.000 0.723 1.755 3.158 3.725 4.411 5.853 7.580 8.761 9.895 12.026 13.648 14.590 16.007 15.190 16.919 16.239 18.942 19.382 20.707 22.515 22.654 21.688 20.967 19.009 18.814 19.323 17.296 15.580 18.368 18.645 16.528 17.506 20.279 20.315 19.955 22.156 23.481 22.994 23.376 24.204 23.257 22.845 24.192
12.624 13.453 12.404 14.371 15.058 16.369 17.551 18.727 20.316 20.263 18.861 17.681 15.347 14.618 13.095 11.581 12.505 10.288 11.820 11.267 13.899 15.678 16.596 14.694 13.513 11.810 12.343 10.092 10.700 9.877 8.955 7.449 6.920 5.486 3.215 2.831 2.594 1.794 0.895 0.000 1.199 3.135 4.050 4.016 5.004 7.234 8.745 9.433 11.375 13.146 14.084 15.303 14.617 16.364 15.993 18.754 19.454 20.949 22.327 22.701 21.591 21.044 18.856 18.655 19.201 17.154 15.469 18.187 18.561 15.887 17.138 20.198 20.216 19.393 22.042 23.163 23.063 23.442 24.195 23.424 23.131 24.622
12.763 12.913 12.142 14.102 15.071 16.298 17.686 18.779 20.391 20.195 19.235 17.982 16.059 15.194 13.521 11.841 12.269 10.216 11.679 11.534 13.883 15.205 16.231 14.364 12.850 11.611 12.028 10.214 11.505 11.518 11.104 9.395 8.524 7.062 5.803 4.581 4.080 2.943 2.711 0.740 0.000 1.017 1.992 3.002 3.390 4.987 6.929 8.176 9.545 11.319 12.448 14.353 13.831 16.043 15.822 18.444 19.092 20.562 22.492 22.540 21.556 20.548 18.600 18.399 18.786 16.859 15.404 17.416 17.839 15.667 16.680 19.330 19.441 19.054 21.299 22.869 22.455 23.009 23.839 23.250 22.973 24.424
12.338 13.170 12.173 14.488 15.525 16.977 18.548 19.962 21.724 21.648 20.565 19.214 17.145 15.807 14.149 12.604 12.532 10.611 11.656 11.381 13.618 15.135 16.672 14.898 13.408 12.530 13.184 11.625 13.473 12.960 12.550 10.608 9.136 8.063 7.005 6.132 4.147 3.710 3.637 1.841 0.639 0.000 0.872 1.810 3.377 4.198 5.237 7.175 9.296 10.273 11.268 13.065 13.220 15.530 15.318 18.348 19.000 20.275 21.934 22.153 21.169 20.504 18.272 18.486 18.810 16.597 15.177 17.541 17.725 15.216 16.561 19.041 19.113 18.768 21.168 22.620 21.932 22.519 23.383 22.431 22.123 23.618
12.500 13.138 13.105 15.033 16.701 18.104 19.435 20.985 22.648 22.723 21.900 20.657 18.366 17.431 15.859 13.845 13.804 11.419 12.086 11.176 13.800 15.273 17.090 14.904 14.007 12.866 14.195 12.947 14.484 13.833 13.565 11.704 10.394 9.115 8.584 7.112 5.162 4.020 3.904 2.919 2.086 0.642 0.000 0.871 2.493 3.984 4.305 5.402 7.994 9.591 10.209 11.920 12.123 14.567 15.279 17.839 19.065 20.459 22.253 22.560 21.528 21.286 19.123 19.142 19.336 17.127 15.824 18.066 18.086 15.869 16.982 19.444 19.384 18.900 21.221 22.580 22.099 22.489 23.383 22.546 22.305 23.955
13.066 13.817 13.729 16.152 17.244 19.116 20.661 22.059 23.323 23.634 22.962 21.810 19.708 18.464 16.847 14.632 14.549 11.863 12.733 12.120 14.639 16.254 17.702 15.907 14.754 13.480 14.908 13.731 15.640 15.084 15.335 13.167 11.932 10.624 9.104 7.633 6.478 5.500 4.586 3.334 3.277 2.295 0.711 0.000 1.219 3.180 4.163 4.731 6.575 8.510 9.649 11.754 11.819 14.597 15.211 18.032 19.002 20.423 22.132 22.547 21.502 20.808 18.635 18.724 19.037 16.769 15.533 18.046 17.888 15.672 16.841 19.848 19.516 18.961 21.403 22.957 22.513 22.937 23.915 23.008 22.603 24.543
13.165 14.073 14.256 16.275 17.696 19.201 20.569 21.802 23.193 23.326 22.987 21.520 20.293 18.973 17.349 15.468 14.465 12.143 12.840 11.820 14.450 16.081 17.445 15.530 14.488 13.785 14.915 14.558 16.188 16.331 16.153 14.613 13.314 12.244 10.957 9.031 7.848 7.337 6.537 4.398 4.415 3.602 2.769 0.709 0.000 1.346 3.183 4.655 5.548 7.107 9.253 11.506 11.892 15.032 15.986 18.692 20.167 21.371 23.386 23.574 22.672 21.918 19.562 19.738 19.872 17.894 16.860 18.767 18.628 16.825 18.079 19.994 19.822 19.613 21.821 23.044 22.440 23.071 23.849 22.864 22.659 24.248
15.293 16.683 16.912 19.148 20.259 21.939 22.832 23.835 24.876 25.153 24.420 23.339 22.124 21.115 20.121 18.360 17.795 14.520 15.602 14.095 16.373 17.654 19.065 17.640 17.295 16.511 18.152 17.197 19.041 18.411 18.622 16.679 15.079 14.228 13.004 11.025 9.257 8.873 8.086 5.574 5.052 3.859 4.305 2.312 0.720 0.000 1.055 2.719 4.722 6.264 8.076 11.257 11.976 15.122 16.053 19.094 20.293 21.870 23.357 23.568 22.916 22.387 20.641 20.921 21.257 19.206 18.020 20.424 20.251 17.946 19.253 21.455 21.076 20.375 22.734 23.734 22.966 23.448 24.151 23.043 22.574 24.279
14.701 16.578 16.995 19.754 21.113 22.956 23.978 24.763 25.609 25.950 25.119 24.519 23.206 22.726 21.303 19.317 18.440 15.599 15.950 13.955 16.069 18.312 19.724 17.914 18.071 17.360 19.181 18.384 20.341 20.015 20.137 18.167 16.415 15.899 14.420 12.369 10.695 9.746 9.336 7.203 6.605 4.968 4.729 4.404 3.041 0.823 0.000 1.176 3.637 5.706 6.917 9.093 10.389 13.600 15.026 17.809 19.797 21.533 23.112 23.537 23.137 22.643 20.845 20.935 21.075 18.821 18.154 20.152 19.455 17.284 18.816 20.836 20.174 19.657 22.307 23.299 22.383 23.041 23.997 22.762 22.624 24.276
15.430 17.058 17.525 20.135 21.382 23.138 24.359 25.160 26.091 26.528 26.172 25.327 24.146 22.890 22.089 19.582 19.404 16.202 16.150 14.396 16.760 18.693 19.906 18.176 17.997 17.588 19.872 19.341 21.515 21.179 21.571 19.906 18.227 17.355 16.639 14.135 12.765 12.315 10.999 8.844 8.227 7.412 5.690 5.292 5.312 3.692 0.912 0.000 1.466 4.508 6.544 8.290 10.381 13.143 14.730 17.833 19.644 21.441 22.874 23.501 22.576 22.438 20.578 20.918 20.954 19.005 18.184 20.252 19.694 17.526 19.110 21.245 20.478 20.178 22.417 23.566 22.768 23.448 24.184 23.286 22.975 24.562
14.559 16.473 16.924 19.536 20.864 22.788 23.999 25.075 26.206 26.674 26.054 25.487 24.303 22.892 21.796 19.285 18.285 15.306 15.332 13.681 16.021 18.194 19.607 17.857 17.621 17.421 19.608 19.413 21.622 21.511 22.239 21.082 19.345 18.790 18.222 16.037 14.514 14.302 13.113 10.791 10.734 10.307 9.051 6.474 6.336 6.075 3.777 0.986 0.000 1.285 3.844 6.736 8.484 12.511 14.102 17.055 19.811 21.170 22.903 23.482 23.133 22.784 21.075 21.158 21.024 18.898 18.394 20.115 19.134 17.397 18.915 20.660 19.861 19.678 21.971 22.925 22.091 22.842 23.516 22.556 22.457 23.726
15.347 17.164 17.825 20.433 21.764 23.671 24.769 25.771 26.665 27.095 26.613 26.004 25.173 23.801 22.721 20.505 19.667 16.443 16.692 15.009 16.736 19.016 20.463 19.036 18.885 19.122 21.067 20.981 23.067 22.857 23.608 22.380 20.672 20.402 19.617 17.498 15.939 16.224 15.474 12.866 12.018 11.644 10.811 8.310 7.067 6.495 5.601 3.075 1.003 0.000 1.282 3.699 6.443 9.489 11.669 14.272 17.535 18.939 21.100 21.913 21.859 21.887 20.285 20.632 20.310 17.931 17.539 19.487 18.254 16.257 18.078 19.868 18.771 18.602 21.188 22.336 21.269 22.201 23.161 21.810 21.565 23.260
15.278 16.814 16.942 20.099 21.381 23.328 24.593 25.776 26.704 27.299 26.928 26.145 25.173 23.742 22.738 20.045 19.384 16.014 15.947 14.471 16.032 18.241 19.837 18.418 18.441 18.710 20.935 20.955 22.799 22.424 23.536 22.228 20.396 20.610 19.952 17.977 16.235 16.736 16.044 13.336 13.217 12.739 11.484 9.492 8.844 7.312 6.257 4.975 2.993 1.049 0.000 1.602 3.595 6.176 8.580 10.683 13.999 15.902 17.883 19.171 19.292 19.683 18.345 19.068 18.504 16.174 15.639 17.721 16.826 14.973 16.604 18.496 17.962 17.661 20.508 21.710 20.696 21.767 22.763 21.420 21.448 23.248
14.956 16.443 15.960 19.222 20.551 22.838 24.219 25.670 26.457 27.230 26.625 25.905 24.555 23.019 21.558 18.617 18.547 14.971 15.568 14.485 16.572 18.899 20.442 19.175 18.371 18.595 20.474 19.464 21.691 21.218 22.498 21.522 19.201 19.387 19.483 17.626 15.670 16.717 16.422 13.942 14.070 13.965 12.467 10.424 10.640 9.726 8.057 6.928 5.877 3.360 1.197 0.000 1.633 3.953 5.663 7.258 9.796 11.064 13.782 15.254 15.936 16.277 14.896 16.354 15.741 13.281 13.699 15.660 14.735 13.196 15.150 17.274 16.662 17.144 19.578 21.189 20.451 21.422 22.392 21.261 21.316 22.847
15.431 16.973 15.997 19.591 20.635 23.222 24.391 25.817 26.568 27.119 26.760 25.836 24.861 23.095 21.843 19.017 18.792 15.877 16.450 15.657 18.013 20.114 21.704 20.135 19.394 18.948 20.631 19.789 21.852 21.010 21.991 21.024 18.743 18.992 19.076 17.123 15.627 16.839 16.807 14.677 14.869 15.503 14.652 11.914 12.374 11.988 10.427 8.075 7.625 5.603 3.518 1.213 0.000 1.469 3.529 5.108 6.697 8.496 10.480 12.478 13.624 14.779 13.617 15.239 14.891 12.581 12.912 15.160 14.398 12.764 15.191 17.302 17.029 17.151 19.892 21.290 20.477 21.657 22.520 21.328 21.332 23.141
15.659 17.243 16.010 19.387 20.233 23.082 24.235 25.593 26.428 27.001 26.307 25.513 24.265 22.790 21.746 18.700 19.418 15.866 16.799 15.801 18.132 20.695 22.035 20.683 19.915 19.488 21.194 19.695 21.242 20.392 21.858 20.840 18.086 18.510 19.126 17.248 15.418 17.077 17.229 14.946 15.249 16.397 15.399 12.806 13.624 12.925 11.694 9.642 9.190 7.332 5.077 3.199 1.176 0.000 1.489 3.377 4.861 6.424 8.220 9.719 11.418 12.934 12.390 14.104 13.456 11.700 12.239 13.992 13.640 12.508 14.286 16.428 16.683 16.919 19.202 20.885 20.680 21.234 22.523 21.508 21.532 22.903
15.803 17.255 15.534 19.221 20.168 23.024 24.136 25.786 26.534 27.104 26.479 25.458 24.342 22.547 21.230 18.046 18.372 15.411 16.579 15.434 18.161 20.606 21.853 20.289 19.244 18.557 20.210 18.822 21.433 20.247 21.450 20.095 17.506 17.997 18.222 16.097 14.806 16.650 16.616 14.823 15.211 16.557 16.033 13.452 14.045 13.859 12.602 10.350 10.249 8.840 6.501 4.689 3.106 1.180 0.000 1.655 3.404 5.218 6.923 8.881 10.495 12.407 11.931 14.008 13.204 11.617 12.348 14.127 14.065 12.902 14.836 16.856 17.144 17.056 19.265 21.007 20.396 20.979 22.215 21.362 21.424 23.125
16.081 17.604 16.401 19.663 20.578 23.304 24.487 25.952 26.938 27.320 26.588 25.558 24.481 22.852 21.701 18.902 19.211 16.036 17.264 16.200 18.491 20.790 21.977 20.870 19.878 19.574 21.012 19.597 21.751 20.398 21.624 20.369 17.586 18.101 18.600 17.033 15.154 16.974 16.937 15.359 15.727 17.142 16.180 13.954 14.781 14.757 13.509 11.686 12.246 10.737 8.331 6.730 4.821 3.447 1.218 0.000 1.677 3.562 5.533 7.646 9.395 11.822 11.813 13.747 13.195 11.625 12.595 14.511 14.051 13.137 15.105 17.255 17.488 17.372 19.536 21.266 21.001 21.414 22.326 21.342 21.520 22.998
18.139 19.151 17.569 20.852 21.244 23.788 25.137 26.628 27.447 27.849 27.208 26.037 25.031 23.128 22.597 19.631 20.632 18.043 19.297 18.313 20.560 22.515 23.771 22.637 21.568 21.102 22.075 20.736 22.649 21.213 22.096 21.454 18.820 19.036 20.232 18.829 16.942 18.381 19.351 17.462 17.496 19.524 19.082 16.566 17.096 17.862 16.438 14.453 14.691 13.735 11.325 8.684 6.968 4.921 3.389 1.292 0.001 1.485 3.815 6.565 8.284 10.836 11.238 13.315 12.752 11.750 13.549 15.093 15.178 14.469 16.695 18.330 18.376 18.987 21.260 22.475 22.037 22.724 23.415 22.408 22.473 23.673
19.523 20.380 19.458 22.228 22.613 25.023 25.879 27.088 27.803 28.195 27.593 26.639 25.791 24.248 23.714 21.475 21.622 19.268 20.460 19.623 21.564 23.396 24.239 23.509 22.641 22.177 23.086 21.787 23.545 22.183 22.961 22.301 19.985 19.761 20.821 19.417 17.429 18.976 19.462 18.162 17.685 19.535 19.314 17.454 17.352 18.386 17.686 16.012 15.879 16.252 14.426 11.550 9.977 7.195 5.580 3.765 1.369 0.001 1.810 4.584 7.068 9.900 11.269 13.028 12.741 12.322 14.560 16.445 16.275 16.358 18.537 20.047 19.578 20.433 22.223 23.437 23.004 23.534 23.913 22.961 23.068 24.306
20.891 21.277 20.214 22.579 22.681 24.878 25.641 26.981 27.652 27.906 27.329 26.442 25.475 23.806 23.476 21.160 22.402 20.256 21.517 21.196 22.940 24.260 24.872 24.211 23.136 22.908 23.354 22.171 23.414 22.045 22.835 22.421 20.085 20.243 21.390 20.256 18.690 20.355 21.135 19.755 19.511 21.569 21.632 19.537 19.897 21.290 20.431 18.599 19.446 19.316 16.866 15.004 12.527 9.844 7.728 5.567 4.145 1.488 0.000 1.925 4.719 7.672 9.446 11.378 10.955 11.327 14.031 15.117 15.383 16.131 18.246 19.416 19.851 20.697 22.523 23.403 23.254 23.724 24.019 23.577 23.464 24.656
23.367 22.976 21.342 23.473 22.641 25.395 25.950 27.224 27.905 28.061 27.435 26.526 25.582 23.606 23.841 21.890 23.327 22.169 23.627 23.951 25.472 26.553 26.754 26.087 24.948 24.284 24.471 22.981 24.001 22.213 23.220 22.923 20.582 20.566 22.296 21.531 20.018 21.911 22.760 22.166 21.789 23.997 24.261 23.135 23.382 24.844 24.816 23.852 24.293 24.730 22.807 20.779 18.601 16.147 12.529 9.821 6.839 4.266 1.685 0.001 1.773 3.861 7.698 9.109 8.507 10.843 13.117 13.816 14.906 16.290 18.054 19.524 20.653 21.672 23.450 24.333 24.524 24.833 25.480 25.445 25.610 26.497
21.276 21.152 19.179 21.833 21.270 24.125 24.985 26.323 27.174 27.397 26.782 25.795 24.510 22.281 22.027 19.535 20.909 19.388 21.540 21.692 23.927 25.396 25.792 24.551 23.045 22.140 22.146 20.332 21.713 20.187 21.303 20.735 18.754 18.613 20.003 19.389 17.809 19.589 20.852 20.036 19.896 22.168 22.418 21.242 22.016 23.569 23.539 22.937 23.902 24.481 23.037 21.816 19.329 17.172 13.544 12.251 8.576 6.874 3.680 1.290 0.000 1.261 3.822 5.983 7.130 9.049 11.407 12.708 14.069 15.392 17.327 19.296 20.612 22.094 22.826 24.406 24.457 24.772 25.368 25.456 25.593 26.335
19.084 19.126 17.294 19.993 20.023 23.001 24.513 26.000 27.036 27.435 26.875 26.177 24.726 22.040 21.040 18.153 18.826 16.988 19.181 19.671 22.090 24.094 24.448 22.957 21.303 20.576 20.869 19.368 21.034 20.216 21.321 20.440 18.288 18.223 19.776 18.176 17.310 19.308 19.828 18.994 19.404 21.503 21.293 20.135 21.434 22.625 22.406 21.920 23.436 23.700 22.104 21.200 18.410 17.146 14.139 12.965 9.798 7.560 5.212 3.124 1.240 0.002 1.824 4.386 6.139 7.294 7.855 11.242 12.601 12.315 13.868 16.279 18.041 18.705 20.432 21.804 22.218 22.512 23.496 23.092 23.344 24.354
18.515 18.497 16.360 19.063 19.703 22.456 23.839 25.399 26.523 26.943 26.207 25.489 24.060 21.867 20.624 17.531 18.199 16.041 18.214 18.592 21.537 23.350 23.725 22.528 20.697 19.967 20.327 18.695 20.411 19.719 20.620 19.514 17.349 17.192 18.843 17.262 16.566 18.591 19.136 18.342 18.898 21.055 20.692 19.830 21.443 22.611 22.178 21.971 23.504 23.995 22.495 22.223 19.814 18.827 15.752 14.753 12.732 10.956 9.054 6.397 4.439 1.170 0.000 1.439 3.888 5.573 5.617 7.301 8.950 10.369 10.180 12.577 14.442 15.133 16.414 17.556 17.832 19.135 19.826 20.242 21.339 22.675
18.190 18.194 16.182 19.375 19.827 22.943 24.553 25.621 26.549 26.833 26.419 25.691 24.284 22.094 20.922 17.889 18.774 16.081 18.559 18.943 21.553 23.770 24.038 23.020 21.123 20.501 20.516 18.977 20.960 19.780 21.065 20.193 17.775 17.984 19.251 17.633 16.767 18.755 19.143 18.204 18.941 20.859 20.745 19.387 21.001 22.186 21.904 21.273 22.702 23.273 21.382 20.620 17.889 17.060 14.375 14.194 12.464 10.820 10.028 7.966 5.966 3.614 0.996 0.000 1.321 3.465 4.947 5.373 6.183 8.138 9.539 9.395 11.984 13.176 14.235 15.465 15.372 15.746 17.032 17.378 18.699 19.731
17.577 17.924 16.152 18.757 19.454 22.045 23.856 25.067 26.143 26.540 25.911 25.270 23.520 21.333 19.989 16.998 17.988 15.294 18.055 18.135 21.095 23.083 23.638 22.375 20.595 19.764 19.994 18.323 20.019 19.276 20.673 19.416 17.253 17.665 18.923 17.240 16.314 18.648 19.005 17.702 18.463 20.441 20.112 18.540 20.244 21.198 21.001 20.229 22.054 22.237 20.767 20.258 17.322 16.889 14.087 14.301 13.599 11.846 12.114 10.002 6.976 5.544 3.317 0.728 0.000 1.272 3.528 5.099 4.496 6.471 8.081 8.947 9.630 11.201 13.147 15.006 14.623 15.471 17.013 17.216 18.315 19.603
16.274 17.370 15.046 18.207 19.162 21.704 23.518 25.099 26.339 26.640 26.018 25.236 23.768 21.460 19.765 16.523 16.795 14.387 16.650 16.603 20.111 22.326 22.593 21.694 19.591 18.888 19.447 17.706 19.833 19.256 19.999 19.088 17.174 17.141 18.394 16.713 15.370 17.902 18.540 17.072 18.006 19.882 19.414 18.021 19.915 20.732 20.129 19.454 21.480 21.644 20.017 19.676 16.851 16.613 13.438 14.214 13.709 11.931 12.489 10.994 7.952 6.402 5.490 3.578 0.815 0.000 1.617 4.326 4.528 3.989 5.080 7.747 9.035 7.957 10.745 13.209 13.944 14.223 15.865 16.484 17.195 18.535
16.257 16.753 14.707 17.504 18.539 21.317 23.191 24.551 25.922 26.320 25.751 24.991 23.028 20.983 19.240 16.055 16.101 14.306 16.395 16.145 20.110 22.331 22.633 21.377 19.053 17.934 18.567 16.732 19.410 18.608 19.931 18.727 16.666 16.929 18.036 16.045 14.426 17.357 17.748 16.204 17.297 19.379 18.847 17.065 19.192 20.551 20.002 19.290 21.363 21.879 19.987 19.587 17.005 16.497 13.882 14.159 13.577 12.065 12.319 10.668 8.362 6.791 5.315 5.134 4.148 0.760 0.000 1.125 2.714 3.776 3.660 4.728 6.002 6.465 6.488 9.656 9.753 11.114 13.070 14.036 15.101 16.584
16.264 16.824 14.816 17.558 18.835 21.228 23.850 24.443 25.960 26.227 25.746 25.382 23.310 21.086 18.987 15.990 16.195 13.605 16.229 16.117 19.544 21.654 21.989 20.709 18.257 17.939 17.730 16.905 19.014 18.386 19.905 18.766 16.677 17.051 17.989 16.102 15.051 17.391 17.906 16.347 17.095 19.098 18.632 16.943 19.067 20.282 19.835 19.285 21.140 21.502 19.926 19.452 16.658 16.502 13.795 15.189 14.421 13.689 14.358 13.096 10.208 9.002 6.511 5.935 5.764 2.938 0.602 0.000 0.891 1.826 3.104 2.838 4.215 5.443 5.924 7.056 7.940 9.533 11.152 12.731 14.235 15.723
16.197 16.403 14.633 17.567 18.913 21.355 23.413 24.614 26.104 26.202 25.760 25.036 23.479 20.920 19.545 15.722 16.483 13.473 16.146 15.774 19.067 21.330 21.847 20.554 18.475 18.031 18.501 17.186 19.752 18.884 20.380 19.061 16.842 17.403 18.237 16.105 15.117 17.496 17.616 15.977 17.150 18.819 18.099 16.656 18.812 19.534 18.975 18.587 20.691 20.905 19.397 19.135 16.637 16.751 14.073 15.598 15.445 14.539 15.836 14.256 11.403 10.169 8.296 6.724 5.310 4.504 2.102 0.599 0.000 0.741 1.861 3.050 2.928 3.983 5.308 5.493 5.874 7.678 9.333 10.643 12.554 14.336
15.240 15.778 14.171 16.903 18.576 20.767 22.768 24.681 25.996 26.293 25.769 25.083 23.280 20.839 19.053 15.630 15.706 13.202 14.836 14.708 18.630 20.693 21.222 20.028 17.879 17.048 18.088 16.544 19.060 18.714 20.110 18.692 16.423 17.150 17.923 15.478 14.728 17.196 17.352 15.162 16.780 18.640 17.905 16.132 18.502 19.625 18.812 18.147 20.417 20.543 18.721 18.953 16.232 16.496 13.613 15.315 15.316 14.375 15.380 14.038 11.716 10.190 8.026 7.274 5.398 3.886 3.141 2.407 0.612 0.000 0.804 1.947 2.879 2.802 3.848 5.133 5.163 6.763 9.183 10.365 11.896 13.779
15.673 15.763 14.173 17.228 18.345 21.287 22.995 24.359 25.847 26.152 25.492 24.802 22.871 20.624 19.249 15.164 16.045 13.352 14.958 15.009 18.482 20.627 21.195 19.834 17.789 16.953 17.771 16.313 18.896 18.451 20.070 18.825 16.615 17.251 18.105 15.513 14.517 17.352 17.560 15.442 16.712 18.836 18.145 16.137 18.670 19.863 19.107 18.290 20.622 20.925 19.038 19.093 16.175 16.399 13.901 15.661 15.221 14.815 15.707 14.596 12.770 10.786 8.890 7.668 6.371 4.383 3.497 3.236 2.009 0.573 0.000 0.923 1.942 2.685 2.921 3.969 4.983 6.255 9.178 10.515 12.333 14.255
15.998 16.206 14.282 17.198 18.365 20.631 23.082 24.405 26.042 26.107 25.642 25.001 23.128 20.565 18.977 15.334 15.851 13.173 15.362 15.519 18.794 20.888 21.394 20.033 17.734 17.463 17.762 16.813 18.727 18.289 19.916 18.742 16.766 17.302 18.140 16.121 15.168 17.571 17.768 15.802 16.964 18.791 18.149 16.379 18.766 19.697 19.176 18.635 20.754 20.827 19.396 19.549 16.951 17.572 14.867 16.740 15.992 15.754 15.944 15.094 13.285 11.655 10.038 9.717 7.393 6.398 3.957 3.800 3.120 2.040 0.592 0.000 0.871 1.765 2.843 3.501 4.166 6.251 8.529 9.787 11.866 13.814
16.904 16.860 15.169 17.979 18.995 21.572 23.519 24.931 26.297 26.522 25.844 25.182 23.560 20.862 19.809 16.366 17.130 14.410 16.876 16.799 19.592 21.885 22.123 20.793 18.986 18.712 18.908 18.105 19.804 19.082 20.723 19.609 17.409 18.030 18.974 16.772 15.705 18.172 18.197 16.585 17.490 19.314 18.553 17.324 19.301 20.116 19.540 19.239 21.283 21.423 19.874 20.084 17.631 18.073 15.793 17.230 17.037 16.633 16.950 16.131 13.606 11.871 10.548 10.350 8.455 6.870 6.075 4.133 3.438 3.030 1.989 0.627 0.000 0.930 2.315 3.832 3.683 5.553 7.962 9.032 11.103 13.100
16.921 16.927 15.601 18.726 19.425 22.489 24.225 25.510 26.795 26.783 26.366 25.663 24.131 21.817 20.565 17.060 17.643 15.113 16.842 16.988 19.713 21.875 22.322 20.843 19.135 18.888 19.314 18.429 20.355 19.770 21.142 20.169 17.680 18.348 19.335 17.138 15.921 18.323 18.505 16.501 17.297 19.548 18.836 17.011 19.152 20.248 19.409 18.971 20.961 21.234 19.568 19.865 17.302 17.966 15.477 17.085 16.577 16.281 17.028 16.039 13.788 13.030 11.195 11.229 9.382 7.892 7.117 5.387 4.003 4.058 3.724 2.189 0.657 0.000 1.174 2.790 4.069 5.511 7.873 9.416 11.397 12.586
16.949 17.048 15.399 18.556 19.774 22.631 24.362 25.274 26.702 26.871 26.301 25.674 24.023 21.800 20.392 17.102 17.579 15.558 17.161 17.288 19.697 22.117 22.411 20.743 19.255 19.279 19.402 18.967 20.409 19.757 21.376 20.235 18.106 18.744 19.375 17.391 16.404 18.803 18.522 17.177 17.791 19.698 18.816 17.314 19.175 20.128 19.281 18.761 20.706 20.919 19.313 19.942 17.058 17.883 15.356 17.289 16.808 16.795 17.410 17.150 15.143 15.240 13.458 13.339 11.851 9.928 8.419 7.060 5.885 5.036 4.401 4.164 2.581 0.665 0.000 0.848 2.334 4.623 6.997 8.465 10.676 12.608
17.070 17.045 15.647 18.575 19.020 22.145 23.644 25.128 26.315 26.481 26.118 25.217 24.021 21.195 20.382 16.702 17.672 15.712 17.389 17.544 19.939 21.892 22.454 20.858 19.606 19.459 19.534 19.425 20.476 19.765 21.480 20.547 18.473 19.140 19.920 18.092 16.890 19.341 19.451 18.064 18.711 20.430 19.530 18.128 20.145 20.890 20.069 19.558 21.605 21.694 20.338 20.621 18.162 18.939 16.956 18.609 18.527 18.843 18.979 18.583 17.159 16.216 15.350 14.238 12.956 11.453 10.117 7.702 7.528 6.411 4.620 4.278 4.105 2.717 0.779 0.001 0.997 3.459 5.504 7.095 9.041 10.692
18.588 18.510 17.201 20.015 20.418 23.237 24.611 25.853 26.903 27.282 26.834 26.216 25.014 22.931 22.234 19.500 19.864 18.092 19.511 19.538 21.506 23.555 23.842 22.580 21.549 21.516 21.894 21.523 22.578 21.978 23.107 22.731 21.077 21.459 22.403 20.748 19.544 21.558 21.845 20.461 20.696 22.220 21.558 20.375 21.711 22.343 21.487 20.856 22.695 22.706 21.033 21.459 19.452 20.177 18.952 20.246 20.733 20.900 21.187 20.851 18.773 18.109 17.145 16.209 14.449 13.484 12.720 9.867 8.755 8.643 6.576 5.178 4.530 3.944 2.975 0.946 0.001 1.734 4.098 5.858 7.484 8.933
20.504 20.522 19.882 22.169 22.776 25.242 26.035 27.021 27.659 28.127 27.863 27.154 26.669 25.094 24.789 22.818 23.171 21.637 22.234 22.090 23.401 24.573 25.203 24.910 23.953 24.423 24.821 24.529 25.596 24.707 25.789 25.469 23.863 24.502 25.144 23.883 23.340 24.623 24.531 23.276 23.715 24.681 24.064 22.748 23.548 24.133 23.220 22.297 23.562 23.623 21.899 22.239 20.394 21.112 20.553 21.625 22.509 22.734 23.649 23.758 22.450 22.857 21.875 21.699 19.624 18.404 17.057 15.438 12.727 12.014 10.681 8.902 6.923 6.219 5.511 3.728 1.029 0.002 1.612 3.972 6.274 7.780
19.650 19.621 19.098 21.432 22.066 24.558 25.704 26.554 27.454 27.777 27.553 26.914 26.349 24.577 23.974 21.590 22.038 20.363 20.999 20.917 22.182 23.606 24.172 23.633 22.982 23.151 23.614 23.556 24.608 24.234 25.141 24.760 23.615 23.814 24.324 23.230 22.299 23.777 23.604 22.646 22.885 23.959 23.174 22.037 23.018 23.320 22.585 21.902 23.139 23.014 21.329 21.701 20.263 21.235 21.063 22.425 23.483 23.587 24.697 24.819 23.369 23.471 22.386 21.867 20.409 19.004 18.104 16.835 14.916 12.910 11.645 10.281 8.926 6.824 6.068 5.760 3.868 1.112 0.001 1.602 4.291 6.291
20.205 20.377 20.558 22.505 23.328 25.155 26.260 27.158 27.783 28.435 28.162 27.681 27.220 25.551 25.059 23.041 22.615 21.224 21.022 20.900 21.608 23.001 23.905 23.530 22.894 23.605 24.188 24.476 25.355 25.459 26.070 25.620 24.608 24.787 25.171 23.913 23.208 24.337 23.927 23.072 23.525 24.306 23.242 22.339 23.316 23.599 22.323 22.047 23.260 23.017 21.169 21.896 20.554 21.897 22.099 23.501 24.584 24.669 25.827 25.927 24.748 24.693 23.666 23.420 22.274 20.468 19.876 18.860 16.963 15.112 14.205 12.622 10.752 8.832 7.718 6.937 5.499 3.848 1.082 0.001 1.739 4.308
19.623 20.212 20.466 22.607 23.663 25.626 26.606 27.561 28.340 28.739 28.623 28.131 27.503 26.136 25.406 23.104 22.758 20.855 20.715 20.278 21.440 22.877 24.164 23.471 22.747 23.294 24.432 24.312 25.640 25.658 26.333 25.991 24.803 24.937 25.243 23.727 22.833 24.274 24.062 22.538 23.370 24.174 23.337 21.958 23.064 23.240 21.931 21.575 22.728 22.568 20.448 21.043 19.323 21.009 21.399 22.721 23.918 24.489 25.776 25.990 25.257 25.416 23.883 23.878 22.702 21.015 19.718 18.806 16.943 15.235 14.141 12.817 11.089 9.383 9.994 8.042 6.433 6.808 4.321 1.130 0.001 1.681
20.361 20.473 20.842 22.541 23.805 25.290 26.468 27.199 28.073 28.285 28.163 27.760 27.274 25.803 25.161 23.197 23.023 21.083 21.105 20.847 21.960 23.374 24.271 24.114 23.248 23.894 24.714 24.623 25.877 25.281 26.271 25.833 24.476 24.592 25.140 23.865 23.215 24.559 24.169 22.953 23.712 24.691 23.544 22.304 23.421 23.333 22.268 21.805 22.885 22.426 20.585 21.188 19.721 21.228 21.634 23.109 24.329 24.433 25.736 26.223 25.163 25.395 24.172 24.089 22.909 21.140 20.162 19.598 17.888 15.930 15.403 14.829 11.923 10.465 11.557 10.695 7.922 7.669 6.518 3.433 1.225 0.004
