0.002 1.555 3.216 5.121 6.859 9.468 10.575 13.300 14.178 16.800 18.120 20.152 18.905 18.946 19.574 21.343 22.388 24.270 25.340 25.153 26.419 26.571 26.630 26.103 25.616 25.697 24.805 23.484 23.499 23.594 22.088 21.012 21.938 21.156 18.832 18.049 16.476 15.374 15.099 15.322 16.824 18.520 20.563 20.592 20.090 19.544 18.096 17.793 17.543 17.819 19.890 21.633 23.535 23.913 24.591 23.875 23.413 24.416 23.066 21.892 22.597 23.267 21.922 21.592 23.142 24.044 23.218 22.869 24.896 25.240 24.585 25.362
0.912 0.001 1.113 2.459 3.841 5.022 7.781 9.277 10.440 13.039 14.611 16.651 16.264 16.027 16.481 19.049 19.272 21.956 23.372 23.275 24.930 24.795 25.307 24.724 23.898 24.054 23.224 21.210 20.980 21.252 20.060 18.050 19.252 18.657 16.256 16.129 14.792 13.833 13.940 14.295 16.013 18.315 20.296 20.357 19.225 18.754 16.990 16.997 15.846 16.686 18.471 20.108 22.463 22.425 23.522 22.197 22.230 22.812 21.453 19.665 20.710 21.224 19.576 19.101 21.253 22.015 20.985 21.017 23.187 23.845 23.816 24.940
2.628 0.956 0.001 1.110 2.201 3.214 5.274 7.288 8.859 11.621 13.270 15.815 15.067 15.205 16.084 18.431 18.896 21.596 23.085 23.025 24.751 24.875 25.241 24.644 23.713 23.848 23.118 21.074 20.862 21.369 19.512 17.921 19.100 18.895 16.473 16.461 14.888 14.511 14.428 15.116 17.047 18.867 21.199 21.126 19.628 19.160 17.385 17.329 15.866 17.111 18.469 20.719 22.898 23.176 23.647 22.383 22.465 23.010 21.464 19.771 20.813 21.197 19.519 19.381 21.086 21.968 20.709 20.845 22.912 23.578 23.505 24.735
3.612 2.331 0.920 0.000 1.055 2.135 3.938 5.872 7.778 10.824 12.549 14.883 14.087 15.177 16.183 18.427 18.938 21.145 22.532 22.952 24.581 24.537 25.164 24.405 23.533 23.921 23.225 21.111 21.011 21.819 20.146 18.067 19.480 19.055 16.312 16.429 14.858 13.881 14.369 14.620 16.030 18.118 20.637 20.728 19.311 18.682 16.901 16.902 15.902 17.328 18.571 20.900 22.912 23.396 24.265 22.983 22.755 23.250 22.022 20.056 20.997 21.380 19.782 19.373 21.010 21.680 20.720 20.865 22.809 23.501 23.682 24.965
4.961 3.609 2.180 0.977 0.000 1.195 2.961 4.969 7.154 9.795 11.827 14.025 13.503 14.626 16.152 18.112 19.045 21.242 22.911 22.923 24.661 24.737 25.221 24.636 23.727 23.688 23.035 21.142 20.740 21.172 19.865 17.956 18.830 18.527 16.113 15.936 14.550 14.057 14.170 14.463 16.565 17.979 20.203 20.661 19.443 18.939 17.208 17.613 16.002 17.293 18.344 20.599 22.823 23.034 23.908 22.446 22.398 23.106 21.419 19.597 20.843 21.369 19.402 19.163 21.294 21.985 20.559 20.711 22.918 23.352 23.316 24.547
7.798 6.528 4.061 2.915 1.150 0.000 1.392 3.663 6.193 8.266 11.018 13.439 13.187 14.768 16.794 19.072 20.310 22.522 23.822 23.724 25.283 25.122 25.644 24.879 24.124 24.266 23.511 21.719 21.409 21.971 20.635 18.499 19.320 19.155 16.749 16.577 14.988 14.594 14.958 15.513 17.553 19.435 21.784 21.913 20.917 20.220 17.915 17.616 16.505 17.828 18.740 21.017 22.945 23.615 24.481 23.211 23.213 23.808 22.248 20.624 21.773 21.960 20.578 20.458 22.235 22.928 21.759 21.985 24.058 24.567 24.150 25.443
10.432 9.693 7.023 4.914 3.612 1.243 0.000 1.918 4.288 6.988 9.460 11.758 11.838 13.993 16.213 18.264 19.532 21.884 23.281 23.304 25.183 25.049 25.525 25.088 23.970 24.087 23.444 21.466 20.889 21.542 20.269 17.902 18.506 18.344 16.043 16.051 14.594 14.353 15.248 15.553 17.855 19.559 21.971 22.258 21.010 20.445 18.223 18.249 16.928 17.689 18.808 20.934 23.181 23.592 24.579 22.946 23.219 23.804 22.373 20.380 22.001 22.320 20.559 20.259 22.544 23.057 21.880 21.893 24.106 24.375 24.073 25.305
15.315 12.758 10.604 8.498 5.587 3.935 1.894 0.000 1.730 4.008 6.157 8.583 8.760 10.206 12.662 14.979 16.178 19.104 20.896 21.114 23.474 23.638 24.435 23.724 22.402 23.012 22.510 20.218 19.849 20.746 19.712 17.217 18.265 18.022 15.843 16.175 14.941 14.636 16.225 16.665 19.506 20.930 23.656 24.013 22.614 21.748 19.197 19.311 17.221 18.542 18.820 21.147 23.271 23.623 24.457 23.271 23.506 24.073 22.473 21.030 22.684 22.677 20.680 20.927 23.345 23.392 21.854 22.508 24.772 25.108 24.840 26.195
20.028 17.364 15.581 11.803 8.975 6.787 3.570 1.338 0.002 1.437 3.576 5.172 6.989 8.629 10.776 12.897 14.805 17.570 19.603 20.269 22.347 22.652 23.595 22.612 21.263 22.252 21.605 19.235 18.963 20.413 19.007 16.229 17.334 17.354 15.562 15.553 14.870 14.939 16.518 17.390 20.112 21.605 23.880 23.904 22.581 21.331 18.803 18.923 16.540 17.812 18.043 20.224 22.432 22.788 23.859 22.270 22.747 23.315 21.671 20.018 21.671 21.657 19.592 19.769 22.164 22.385 20.896 21.620 24.098 24.374 24.159 25.918
20.561 18.409 16.074 12.815 10.301 7.303 5.672 3.088 1.130 0.000 1.129 2.315 3.988 5.749 7.769 9.848 11.574 14.487 16.643 17.230 19.990 20.848 21.869 21.490 20.166 20.986 20.660 18.311 18.336 19.241 18.000 15.904 17.349 16.970 14.920 15.430 14.940 14.348 16.606 17.057 19.861 21.320 23.786 23.644 22.101 21.006 18.250 18.471 15.972 17.609 17.672 19.835 22.121 22.261 23.309 21.889 22.285 22.759 20.797 19.357 21.116 20.885 18.719 19.180 21.573 21.566 20.136 20.949 23.270 23.581 23.926 25.296
21.955 19.869 17.720 14.713 12.164 8.788 6.717 4.350 2.517 0.840 0.000 0.913 2.166 4.387 6.698 8.284 10.647 13.504 16.216 16.922 19.674 20.568 21.927 21.178 20.027 20.898 20.727 18.824 18.393 19.837 18.341 16.013 17.456 17.836 15.914 16.055 15.741 15.483 17.566 18.180 20.857 22.057 24.180 24.172 22.528 21.358 18.796 19.399 16.924 18.501 18.434 20.357 22.594 22.664 23.568 22.166 22.606 23.025 20.949 19.733 21.512 20.975 19.049 19.505 21.803 21.547 20.226 21.174 23.244 23.429 23.807 25.277
23.013 21.611 18.811 15.756 13.475 10.118 8.871 5.938 3.663 1.968 0.749 0.000 1.029 3.000 5.845 7.018 9.845 12.367 15.332 16.376 18.801 20.338 21.550 20.770 19.723 20.797 20.066 17.959 18.136 19.365 17.788 15.973 17.466 17.452 15.441 16.130 15.760 14.999 17.221 17.679 20.650 21.856 23.881 23.737 22.233 20.777 18.645 18.569 16.472 18.157 17.906 20.231 22.241 22.283 23.262 21.983 22.217 22.544 20.528 19.402 20.992 20.679 18.526 19.251 21.406 21.209 19.836 20.903 22.714 22.987 23.503 25.038
23.824 22.448 20.237 17.315 15.876 12.531 11.513 8.853 6.391 3.735 2.797 0.993 0.000 1.646 4.050 6.007 7.794 10.712 13.391 14.219 17.773 19.229 20.480 19.924 18.955 20.276 19.497 17.287 17.978 19.186 17.420 15.918 17.695 17.565 15.417 16.284 15.893 15.339 17.782 17.854 20.752 22.160 24.198 23.832 22.418 20.780 18.589 18.338 16.521 18.080 18.039 20.499 22.758 22.851 23.754 22.079 22.689 22.775 20.422 19.419 20.978 20.346 18.225 18.908 20.926 21.021 19.660 20.820 22.731 23.178 23.409 25.138
26.107 25.256 23.357 20.623 19.134 15.604 14.725 12.391 9.773 6.484 6.988 3.935 1.430 0.000 2.118 4.695 6.327 9.358 12.304 13.082 16.939 18.581 20.453 19.650 18.581 20.683 19.846 17.545 17.881 19.892 18.290 16.229 18.260 18.696 16.914 18.220 17.635 17.076 19.359 19.189 22.314 23.246 25.035 24.776 23.282 21.914 19.895 19.643 17.615 19.528 19.804 22.321 24.194 24.070 24.812 23.290 23.498 23.574 21.596 20.137 21.704 21.000 18.374 19.389 21.293 20.823 19.581 20.745 22.726 22.604 23.078 24.879
25.602 24.812 22.775 19.849 18.290 15.374 14.741 12.982 9.567 8.127 7.471 6.507 4.111 1.738 0.000 1.942 3.947 6.004 9.035 10.553 14.040 16.414 18.765 18.427 17.786 19.582 19.237 16.752 17.618 19.190 17.734 15.821 17.628 17.701 15.914 16.823 16.371 16.404 18.851 19.044 22.112 22.993 24.903 24.686 23.235 21.985 20.101 19.710 18.014 19.099 19.324 21.366 23.338 23.367 24.224 22.868 23.277 23.401 21.531 20.480 21.724 21.211 18.822 19.830 21.594 21.033 20.040 21.230 22.924 22.856 23.355 25.043
24.942 24.128 21.954 19.189 18.402 15.924 15.971 14.664 11.373 10.442 9.694 8.540 6.195 4.027 1.501 0.000 1.573 3.661 5.768 7.394 9.510 12.175 13.936 14.187 14.763 16.450 15.676 14.556 15.747 16.965 15.868 14.891 16.826 17.115 15.184 16.559 16.198 15.538 17.882 17.844 20.806 21.831 24.017 23.579 22.043 20.510 18.398 18.259 16.626 17.845 17.888 20.500 22.254 22.126 22.637 21.152 21.522 21.415 19.373 18.741 19.876 19.227 17.696 18.600 19.932 19.799 18.892 20.173 21.836 22.214 22.811 24.572
25.316 24.734 22.561 19.942 19.684 17.091 17.625 16.524 13.185 12.051 11.300 9.775 6.973 5.640 3.324 1.190 0.001 1.793 4.099 5.937 7.634 10.602 12.603 12.842 13.904 16.198 15.624 14.553 16.019 17.512 16.424 15.400 17.432 17.675 16.020 17.457 16.853 16.269 18.706 18.318 21.369 22.419 23.981 23.609 22.495 21.015 18.847 19.291 17.389 19.052 18.804 21.142 22.751 22.769 23.186 21.798 22.202 22.235 20.333 19.616 20.621 20.289 18.357 19.063 20.603 20.337 19.613 20.414 22.092 22.249 23.038 24.599
25.252 24.657 22.777 20.271 20.170 17.712 18.543 17.537 14.535 14.159 13.200 12.270 9.040 7.570 5.259 3.522 1.237 0.002 1.960 3.761 5.984 8.140 10.448 11.329 12.756 15.194 14.849 14.034 15.545 17.389 16.662 15.948 18.261 18.808 16.769 18.184 17.827 16.926 19.163 18.660 21.432 22.270 24.059 23.983 22.605 21.411 19.121 19.623 17.866 19.707 19.731 22.217 23.697 23.342 23.960 22.634 22.878 22.911 20.598 19.886 21.152 20.184 18.201 19.140 20.624 20.133 19.112 20.394 22.110 22.229 22.951 24.790
26.499 26.202 24.422 22.309 22.482 20.019 20.800 19.652 17.243 16.679 15.632 14.692 12.046 9.886 8.109 5.407 4.059 1.490 0.002 1.619 3.944 6.828 7.756 8.469 10.813 12.336 12.116 12.497 13.940 15.595 15.672 15.819 18.258 19.415 18.254 20.050 20.450 19.470 21.633 20.882 23.509 24.188 25.785 25.385 24.111 22.990 21.244 21.890 20.138 21.591 21.172 23.432 24.487 23.834 24.234 23.009 23.546 23.283 20.776 21.085 22.000 20.646 19.003 20.559 21.636 20.755 19.859 21.120 23.171 23.187 23.613 25.220
25.665 25.281 23.607 22.049 22.093 20.675 21.640 20.912 18.647 18.314 17.530 16.409 14.018 11.864 9.736 7.363 5.848 3.486 1.291 0.001 1.747 4.632 5.844 7.236 9.639 10.718 11.082 11.523 13.433 14.837 15.060 15.353 17.535 18.250 17.720 19.188 19.332 18.967 20.621 20.208 22.232 23.039 24.333 23.929 22.727 21.170 19.635 20.341 18.805 20.409 19.961 21.987 23.215 22.932 23.240 22.195 22.339 22.232 20.173 19.780 20.750 20.033 18.382 19.052 20.589 20.211 19.376 20.352 22.141 22.102 23.007 24.898
25.735 25.260 23.757 22.106 22.385 20.634 22.070 21.421 19.066 19.291 18.222 17.773 15.557 13.441 11.281 9.486 7.259 5.710 3.953 1.284 0.001 1.894 4.130 5.868 7.172 7.704 9.016 9.975 10.290 11.718 12.563 13.352 15.066 16.240 16.174 18.278 19.001 18.437 20.516 19.966 22.099 22.711 24.151 23.836 22.608 21.458 19.884 20.437 18.532 19.862 19.280 21.432 22.638 22.307 22.902 21.487 22.355 22.320 19.821 19.391 20.757 19.658 17.917 18.813 20.444 19.897 19.020 20.192 22.000 22.090 22.695 24.218
27.507 27.230 26.393 25.512 25.388 24.527 25.071 24.578 23.227 23.130 22.175 21.881 20.799 18.831 17.264 15.269 12.078 8.684 6.502 4.266 1.344 0.004 2.096 4.245 6.062 6.606 8.064 10.033 11.156 12.630 13.512 14.523 16.774 18.409 19.588 21.447 22.433 22.251 24.074 23.874 25.311 25.549 26.484 26.249 25.306 24.683 23.592 23.716 22.500 23.109 22.237 23.493 24.060 23.652 23.941 22.977 23.659 23.254 21.197 21.853 22.764 21.350 20.461 21.775 22.792 21.777 21.289 22.937 24.012 23.752 24.585 25.833
27.200 26.872 25.885 24.994 24.795 23.754 24.386 23.966 22.485 22.671 21.711 21.940 21.099 19.462 18.230 17.260 13.690 11.711 8.541 7.403 4.034 1.025 0.001 1.679 4.692 5.961 6.043 7.377 9.435 10.972 11.586 12.412 14.518 16.292 16.929 19.077 20.490 20.628 23.156 23.154 24.697 25.308 26.217 25.887 25.025 23.992 22.791 22.792 21.033 21.674 20.711 21.669 22.798 22.294 22.855 21.608 22.113 22.233 20.033 19.777 21.545 20.551 19.222 20.367 22.096 21.099 20.672 22.160 23.879 23.813 24.670 25.742
27.085 26.676 25.150 24.515 23.713 22.716 23.126 22.450 21.375 21.546 20.713 21.523 21.052 19.998 19.257 18.724 15.730 14.438 12.568 9.010 7.138 4.520 1.146 0.001 1.772 4.341 5.339 5.266 5.123 7.874 9.728 9.209 11.650 13.430 14.820 17.711 19.273 20.061 22.339 22.942 24.151 25.365 26.149 25.823 25.295 24.294 22.825 22.611 21.162 20.912 19.881 20.770 21.527 22.017 22.477 21.284 22.100 22.351 20.511 20.085 21.831 21.157 19.487 20.743 22.706 22.030 21.036 22.821 24.525 24.427 24.880 25.778
26.238 25.721 24.048 23.375 22.355 21.303 22.053 21.961 20.908 21.530 20.856 22.203 21.881 20.126 19.442 19.260 16.606 15.738 13.262 10.385 7.788 7.096 3.899 0.892 0.001 1.390 2.802 4.187 3.195 4.128 6.656 7.777 8.116 9.927 11.509 14.394 16.008 16.681 19.288 19.795 21.751 23.115 24.080 24.018 23.272 22.196 20.066 19.749 18.108 17.721 16.533 17.472 18.790 19.669 20.127 19.395 19.971 20.290 18.444 17.812 19.858 19.709 17.760 18.653 20.898 20.599 20.061 21.146 22.969 23.573 24.059 25.073
25.089 24.438 22.918 22.108 21.277 20.407 21.347 21.485 20.027 21.142 20.678 22.045 20.922 19.699 18.776 19.010 16.538 16.215 14.171 11.282 8.865 7.606 5.624 3.465 0.791 0.001 1.272 2.868 3.593 3.064 3.922 6.827 7.582 7.898 9.151 12.355 14.180 14.885 17.713 18.657 20.616 21.812 22.910 22.550 22.269 20.584 18.632 17.950 15.501 14.730 13.854 14.767 16.050 17.038 17.880 17.030 17.399 18.307 16.371 15.869 17.574 17.619 16.115 17.317 19.250 19.369 19.042 20.491 22.300 23.300 23.903 25.027
23.550 22.634 20.456 19.812 18.748 18.127 19.332 19.617 18.098 19.782 19.448 20.765 19.934 18.352 17.633 18.098 16.168 16.190 14.686 11.798 10.287 8.014 6.213 4.659 3.182 0.643 0.001 0.808 1.558 2.230 2.376 2.648 4.082 5.310 6.021 8.174 9.466 12.152 14.283 16.082 17.889 19.793 21.181 20.800 20.075 18.523 16.365 14.835 12.776 12.150 11.467 13.342 15.169 16.298 17.345 16.480 16.692 17.858 15.261 14.854 16.667 16.721 14.661 15.824 18.386 18.664 17.872 19.285 21.572 22.212 23.015 24.068
23.544 22.564 20.700 19.909 18.518 18.023 19.148 19.254 18.031 19.012 18.795 20.500 19.281 17.890 17.319 18.310 15.672 16.409 15.418 12.049 11.137 9.267 6.898 4.901 4.181 1.930 0.584 0.000 0.765 1.543 2.346 2.317 3.173 4.739 5.847 7.808 9.447 11.350 13.816 15.568 17.715 19.260 21.372 21.118 20.037 18.273 16.395 14.958 12.824 12.109 11.664 13.477 15.400 16.708 17.673 16.767 17.205 17.709 15.525 15.021 16.609 16.594 14.570 15.777 18.067 18.056 17.799 18.986 21.133 21.913 22.688 23.869
23.348 22.392 20.539 19.526 18.219 17.485 18.790 18.897 17.553 19.177 18.740 20.330 19.556 17.761 17.039 18.053 15.709 16.419 15.488 12.126 11.186 9.288 7.879 5.280 3.955 2.650 1.554 0.572 0.000 0.731 1.574 2.367 2.254 3.680 5.449 7.677 9.081 11.011 13.096 14.749 17.188 18.764 20.415 20.220 19.239 17.832 15.462 14.505 12.143 11.954 10.792 12.594 14.789 15.919 16.756 15.841 16.311 17.270 14.971 14.360 16.144 16.205 14.194 15.411 17.608 18.098 17.461 18.824 20.810 21.688 22.626 23.859
22.433 21.481 19.359 18.390 17.573 16.988 18.413 18.519 17.282 19.090 18.958 20.368 19.283 17.729 17.045 18.107 16.028 16.991 16.374 12.990 12.223 9.963 8.389 6.669 4.505 2.880 2.512 1.351 0.555 0.000 0.719 1.420 2.247 2.754 3.502 6.265 7.738 9.987 11.606 14.058 16.082 18.204 19.976 19.873 18.670 17.174 15.138 13.697 11.384 10.590 10.113 11.483 13.334 15.144 16.430 15.778 15.942 17.037 15.224 14.455 15.962 16.166 14.419 15.240 17.477 17.666 17.325 18.333 20.469 21.581 22.277 23.530
21.540 20.508 18.457 17.555 16.783 16.290 17.794 18.272 16.684 18.501 18.278 19.764 18.711 16.966 16.662 17.806 15.877 17.364 16.465 13.297 12.604 10.664 9.275 6.856 5.883 3.357 3.011 2.284 1.316 0.574 0.000 0.692 1.509 2.702 3.269 5.145 7.026 9.061 10.779 13.253 15.399 17.257 19.276 18.909 18.360 16.663 14.770 13.100 10.688 10.304 9.464 11.113 13.520 15.040 16.208 15.122 16.152 16.758 13.704 14.120 15.966 15.571 13.881 14.872 17.191 17.306 17.100 18.470 20.291 21.185 22.212 23.162
21.907 20.949 19.022 18.057 17.358 16.172 18.052 18.080 16.386 18.444 17.653 19.375 18.844 16.508 16.104 17.972 15.540 17.422 16.787 13.472 12.742 10.764 9.238 7.370 6.191 4.359 2.869 2.401 2.283 1.487 0.587 0.000 0.749 2.191 3.329 4.783 6.713 8.824 11.251 13.434 15.357 16.857 18.929 18.847 18.038 16.853 15.129 13.597 10.914 10.549 9.670 10.904 13.548 15.308 16.265 15.712 16.239 16.506 14.533 14.065 15.864 15.538 13.942 15.012 17.157 17.257 16.918 18.350 20.333 21.344 22.000 23.168
21.509 20.704 18.630 17.350 16.871 15.709 17.633 17.863 16.330 18.594 17.920 19.572 18.449 16.708 16.234 17.924 15.700 17.840 17.196 14.236 14.014 12.185 10.416 8.683 6.935 5.475 4.579 3.188 2.675 2.230 1.638 0.592 0.000 0.861 2.462 3.966 6.262 8.183 9.972 12.575 14.801 16.988 18.438 18.318 17.605 16.424 14.629 13.288 10.480 10.081 9.223 10.493 12.842 14.305 15.667 15.094 15.590 16.458 14.528 13.760 15.529 15.612 13.553 14.850 16.974 17.650 16.840 18.036 20.294 21.178 21.765 23.143
20.553 19.715 17.643 16.793 15.950 14.975 17.250 17.664 16.118 18.473 17.944 19.917 18.666 16.869 16.356 17.834 16.059 17.759 17.328 14.844 14.859 13.047 11.685 9.819 8.360 6.583 6.063 5.156 3.264 3.296 3.487 1.909 0.784 0.000 1.171 2.949 4.616 6.131 7.487 9.322 11.932 14.456 16.019 15.924 15.424 14.617 12.381 10.827 8.775 8.038 7.883 9.547 11.410 13.014 14.603 14.315 14.880 15.946 13.853 13.038 15.043 14.974 13.589 14.149 16.552 17.220 16.544 17.569 19.941 20.949 21.657 22.769
20.676 19.074 17.167 15.627 14.737 14.070 16.397 16.919 15.653 17.698 17.937 19.379 18.299 16.325 15.905 17.976 16.267 18.697 18.735 16.432 17.350 15.538 14.453 12.619 11.364 8.989 8.189 8.019 6.217 4.820 4.373 4.055 3.127 0.896 0.001 1.326 3.326 5.406 6.844 8.742 11.013 12.816 15.346 15.389 14.747 13.742 12.075 10.709 8.788 8.544 8.336 9.125 11.702 13.001 14.612 14.039 14.873 15.781 14.197 12.984 14.693 15.325 13.960 14.240 16.264 16.966 16.350 17.271 19.208 20.379 21.107 22.186
20.012 18.304 16.639 15.423 14.481 14.113 16.180 16.998 15.577 18.123 18.211 20.128 18.748 16.840 16.481 18.621 17.081 19.895 19.992 18.339 18.983 17.679 16.784 15.267 14.239 12.546 10.554 9.721 9.502 7.488 5.860 5.783 5.287 3.595 0.856 0.000 1.919 3.862 5.776 8.129 9.678 11.734 14.653 15.091 14.824 14.957 12.119 11.141 8.506 7.983 8.726 10.077 11.729 13.026 14.615 13.999 14.815 15.707 14.187 13.154 15.372 15.834 14.559 14.927 17.399 17.997 17.202 17.916 20.106 20.912 21.468 22.834
20.079 18.544 16.750 15.695 15.183 14.862 16.890 17.278 16.062 18.070 18.199 20.011 18.403 16.783 16.304 18.417 17.217 20.069 20.846 19.280 20.354 20.053 19.421 18.268 17.090 15.875 13.947 12.158 11.562 10.082 8.490 7.386 6.996 5.140 3.700 1.057 0.000 0.939 2.255 3.283 4.887 6.718 8.091 8.783 9.460 9.444 8.294 7.726 7.662 7.000 8.448 9.787 12.359 13.440 15.140 14.136 14.651 15.884 14.663 12.896 14.337 15.279 13.665 13.418 15.540 16.597 16.153 16.372 18.341 19.181 19.916 21.314
20.247 18.339 16.418 14.869 14.871 14.011 16.090 16.703 15.317 17.373 17.818 19.252 18.039 16.115 15.845 18.010 17.047 19.667 20.578 19.581 21.150 20.383 20.251 18.214 16.888 16.099 14.689 12.462 11.894 10.336 9.089 8.088 7.160 5.818 4.323 2.544 0.832 0.000 0.915 1.717 2.941 4.298 5.775 7.273 8.541 8.859 7.860 8.451 7.535 8.314 9.608 11.009 13.150 14.847 16.455 15.134 15.877 16.902 15.442 13.549 14.780 15.676 13.667 13.549 15.840 16.611 16.142 16.387 18.546 19.376 19.899 21.628
19.448 17.920 16.098 15.036 15.446 14.553 16.618 16.897 15.620 17.511 17.983 19.600 18.159 16.270 15.940 18.112 16.824 19.689 20.386 19.227 20.646 20.391 19.902 17.991 17.180 15.886 14.429 12.731 11.933 10.334 9.190 7.998 7.317 6.038 4.239 3.403 1.883 0.750 0.000 0.898 1.759 3.189 4.599 6.255 7.534 7.847 7.232 7.450 7.968 7.686 9.162 10.659 12.767 14.221 15.768 14.567 15.166 16.210 14.686 12.990 14.540 15.062 13.182 12.965 15.398 16.023 15.526 16.003 18.030 18.942 19.577 21.089
19.319 17.564 15.853 14.275 14.910 14.109 16.476 16.827 15.624 17.789 18.225 19.734 18.288 16.243 15.825 18.229 17.000 20.013 20.943 20.120 21.719 21.374 21.147 19.449 18.053 17.640 16.192 13.956 13.636 12.674 10.815 9.440 8.762 7.928 5.808 4.867 3.033 1.853 0.867 0.000 1.111 2.214 3.549 5.598 6.771 7.710 7.580 7.957 8.367 8.787 9.735 11.450 13.895 15.475 16.840 15.656 16.337 17.142 15.867 14.051 15.241 16.039 13.771 13.729 16.104 16.670 15.865 16.144 18.454 19.266 19.992 21.433
18.890 18.110 16.172 15.275 15.859 14.956 17.036 17.351 16.000 18.170 18.551 19.966 18.474 16.735 16.463 18.385 17.429 20.305 21.324 20.755 22.230 22.119 21.970 20.103 19.167 18.531 17.038 15.051 14.663 13.703 12.222 10.224 10.450 9.801 7.523 6.771 5.151 3.358 2.384 0.946 0.000 1.122 2.399 4.821 6.491 7.595 7.575 7.720 8.740 9.464 11.578 13.428 15.555 16.381 17.617 16.557 16.856 17.631 16.281 14.775 15.757 16.230 14.626 14.151 16.406 16.953 16.046 16.494 18.499 19.242 19.990 21.341
19.354 18.696 16.542 15.631 15.999 15.583 17.523 18.085 16.823 18.990 19.442 20.780 19.273 17.546 17.282 19.431 18.732 21.608 22.856 22.373 23.957 23.826 23.731 22.348 21.401 21.111 19.639 17.557 17.256 16.767 15.197 13.418 13.515 12.721 10.573 9.065 6.986 5.187 3.777 2.346 0.952 0.000 1.243 3.596 5.668 7.407 8.077 9.036 9.615 11.142 12.819 14.636 16.639 17.780 18.940 18.101 18.311 19.258 18.173 16.447 17.238 18.192 16.564 15.949 18.042 18.991 17.728 17.400 19.784 20.613 21.012 22.251
19.421 18.730 17.278 15.884 16.923 16.120 18.340 18.833 17.692 19.667 20.067 21.368 19.769 18.109 17.809 19.694 19.008 21.655 22.654 22.170 24.024 23.812 24.122 22.711 22.005 21.701 20.330 18.227 18.434 18.232 16.636 15.252 15.497 15.305 12.936 12.209 9.603 7.792 5.903 4.255 2.860 0.827 0.000 1.524 3.623 5.544 7.260 9.044 10.410 12.653 14.477 16.429 18.262 18.995 20.023 18.828 18.901 19.450 17.853 16.110 17.140 17.553 16.024 15.454 17.813 18.260 17.042 16.806 19.361 19.773 20.120 21.418
20.485 20.036 19.054 18.685 19.600 19.721 21.352 21.942 21.218 22.482 22.538 23.432 22.043 20.752 20.437 21.653 21.250 23.059 23.956 23.610 25.264 25.266 25.623 24.727 24.479 24.529 23.855 22.072 22.940 23.152 21.605 20.918 22.102 21.528 19.307 18.811 17.348 14.519 11.452 8.777 5.907 3.374 1.164 0.000 1.674 4.531 7.020 10.270 13.055 15.942 19.023 21.511 22.731 22.925 23.453 22.008 21.840 22.005 20.524 18.838 18.783 19.410 17.764 16.767 18.405 19.006 17.762 17.646 19.286 20.029 20.514 21.597
21.824 20.877 19.560 19.386 19.506 19.618 21.124 21.665 20.201 22.009 21.483 22.950 21.368 19.339 18.839 20.553 19.225 21.590 22.307 21.588 23.227 23.473 23.274 21.581 21.214 21.713 19.914 18.162 19.461 19.091 17.430 16.834 18.918 18.741 16.441 17.112 15.536 12.977 11.235 9.091 7.202 6.585 3.425 1.446 0.001 1.403 3.513 7.627 8.987 12.360 14.149 17.647 18.955 19.189 19.482 18.094 17.567 17.597 15.912 14.572 15.148 14.933 13.547 13.461 15.600 15.591 14.962 15.480 18.029 18.584 19.473 20.888
20.925 20.070 18.416 17.853 17.993 17.535 19.046 19.464 18.344 20.341 20.123 21.697 20.323 18.357 17.983 19.464 18.418 20.795 21.963 21.064 22.609 22.422 22.338 20.728 20.190 19.731 17.869 16.196 16.306 15.214 13.622 12.929 13.602 12.389 10.917 10.486 9.825 8.185 7.545 6.933 6.833 6.104 5.600 3.366 0.991 0.003 1.011 2.032 3.659 5.631 7.121 8.965 10.791 12.233 13.267 12.400 12.897 14.015 12.731 11.569 12.752 13.289 12.092 12.086 14.511 15.143 14.455 15.281 17.709 18.216 19.131 20.649
21.350 20.077 18.453 17.247 17.440 16.832 18.723 19.010 17.667 19.640 19.560 20.886 19.561 17.933 17.537 19.147 18.041 20.340 21.327 20.521 22.087 22.083 21.665 20.012 19.566 18.938 17.103 15.330 15.754 14.431 12.853 11.979 12.490 10.839 9.572 9.492 8.599 8.110 7.971 7.372 7.113 6.575 6.498 4.508 2.417 0.831 0.001 0.808 2.086 3.589 4.709 6.963 8.279 9.879 11.504 11.336 11.899 13.030 12.135 11.091 12.269 13.120 11.909 11.935 14.036 15.200 14.412 14.694 17.117 17.940 18.781 20.280
20.441 19.026 17.759 16.801 16.500 15.951 17.709 17.744 16.798 18.602 18.593 20.226 19.095 17.111 16.806 18.580 17.433 19.945 20.694 19.504 21.062 20.632 20.586 18.780 18.379 17.435 15.742 14.243 14.022 12.588 11.511 10.456 10.717 9.441 8.072 7.777 7.150 7.128 6.869 6.916 6.724 6.975 6.968 5.084 3.452 2.009 0.819 0.000 0.892 1.815 2.805 4.392 6.391 8.305 10.046 10.136 10.849 12.446 11.387 10.374 12.004 12.265 11.221 11.607 14.132 14.317 13.813 14.781 16.883 17.580 18.705 20.011
21.644 19.746 18.288 16.998 16.677 16.075 17.864 18.127 17.094 18.484 18.522 20.216 18.915 16.871 16.805 18.480 17.182 19.623 20.441 19.339 20.739 20.596 20.217 18.701 18.235 17.587 15.809 14.063 14.071 12.660 11.462 10.547 10.875 9.613 8.671 8.700 8.789 7.556 7.356 7.907 7.679 7.794 8.281 6.294 5.105 3.457 2.230 0.824 0.000 0.802 1.693 3.166 4.568 7.054 9.225 9.551 10.564 11.912 11.185 10.248 11.535 12.191 10.552 11.752 13.079 13.834 13.377 14.338 16.193 17.046 18.480 19.699
20.457 19.028 17.731 16.895 16.709 15.807 17.727 17.692 16.711 18.303 18.216 19.781 18.598 16.648 16.448 18.302 17.118 19.669 20.305 19.233 20.850 20.599 20.307 18.440 18.181 16.960 15.484 13.903 13.573 12.263 11.183 10.212 10.240 8.600 6.994 7.178 6.633 7.645 7.271 7.673 8.043 9.171 9.323 7.319 6.226 4.547 3.179 1.929 0.734 0.000 1.032 2.178 3.818 6.455 8.290 9.288 10.416 11.402 10.805 10.299 11.733 12.037 10.967 11.347 13.456 14.059 13.552 14.636 16.358 17.152 18.512 19.567
21.212 20.314 18.673 18.030 17.770 17.026 18.972 19.380 17.823 19.803 19.009 20.964 20.070 17.890 17.739 19.576 18.010 20.507 21.200 19.884 21.301 20.844 20.484 19.134 18.840 17.785 15.805 14.470 14.365 13.290 11.549 11.528 11.182 9.795 8.531 8.497 8.472 8.588 8.685 8.397 9.144 10.403 10.589 9.012 8.200 6.508 5.273 3.472 2.288 0.858 0.000 1.075 2.786 5.846 8.301 8.937 10.488 11.593 10.793 10.280 11.857 12.651 11.618 12.213 14.417 15.140 14.523 15.327 17.337 18.200 19.334 20.688
22.062 21.230 19.473 18.596 18.373 17.389 19.239 19.482 17.942 19.843 19.118 20.723 20.041 18.205 18.099 20.110 18.780 21.096 21.674 20.741 21.837 21.707 21.236 19.714 19.169 18.385 16.570 15.119 15.279 14.102 12.327 11.792 11.815 9.689 9.216 8.880 9.276 9.487 10.276 11.032 12.885 14.279 15.052 13.738 12.520 10.271 8.148 7.205 4.701 3.294 1.150 0.000 2.003 4.495 7.121 8.258 9.815 11.264 10.999 10.968 12.939 13.282 12.270 13.281 15.208 15.859 15.241 15.996 18.146 18.864 19.814 21.108
23.336 22.896 20.596 20.041 19.130 18.712 20.119 20.263 19.589 21.384 20.927 22.668 22.259 20.938 21.268 22.965 21.963 24.141 24.557 23.645 24.764 24.444 24.116 23.037 22.634 21.432 19.762 18.532 18.313 16.548 14.886 14.046 13.650 10.898 10.275 9.685 10.766 11.943 13.562 16.760 18.792 21.062 22.773 22.350 21.415 19.092 16.063 13.572 10.337 6.751 4.369 1.771 0.001 1.814 4.735 7.523 9.369 11.080 11.992 13.270 15.501 16.710 16.716 18.185 20.038 20.725 20.754 21.486 23.216 24.031 24.383 25.235
24.928 24.715 23.154 22.979 21.693 21.842 22.239 22.577 22.394 23.668 23.033 24.782 24.649 23.524 23.852 25.051 24.175 25.530 25.666 24.642 25.534 25.273 24.585 23.611 23.705 22.614 20.576 20.126 19.998 17.902 16.461 16.626 15.883 12.944 13.228 13.104 15.242 17.318 18.718 21.582 22.764 24.783 25.472 25.351 24.851 23.426 20.986 17.680 14.062 10.743 7.061 4.296 1.614 0.000 2.154 5.368 7.465 9.054 10.836 12.879 15.274 16.218 16.817 18.624 21.066 21.852 22.244 23.301 24.542 25.496 25.897 26.492
24.663 24.252 23.083 22.158 21.933 21.216 22.389 22.422 21.488 22.842 22.359 23.774 23.119 21.830 21.647 22.600 21.901 23.402 23.753 23.017 24.324 24.185 24.052 22.656 22.231 21.595 19.537 18.335 18.810 17.302 15.155 15.565 15.608 12.651 12.823 13.395 15.041 15.287 17.107 18.583 20.272 22.119 23.547 22.855 22.163 20.029 18.198 15.889 13.006 10.403 7.533 6.267 4.238 1.707 0.001 1.897 4.427 6.189 7.112 8.263 11.018 12.701 12.761 13.605 15.692 17.076 17.819 18.084 20.002 21.358 22.033 23.127
25.370 25.256 24.079 23.793 23.881 23.245 24.459 24.363 23.713 24.599 24.027 25.242 24.527 23.199 23.141 23.776 23.069 24.266 24.527 23.832 24.704 24.852 24.563 23.355 23.527 23.403 21.087 19.809 21.078 19.878 17.999 17.906 18.617 16.137 15.536 16.714 17.508 16.742 18.516 19.376 20.459 22.006 23.232 22.525 21.548 19.755 18.138 16.074 13.653 12.196 9.644 10.149 7.057 4.220 1.347 0.001 1.817 4.743 6.500 6.107 7.351 10.316 11.323 11.302 12.465 14.114 14.700 14.829 16.806 18.764 19.537 21.362
25.214 25.105 23.848 23.321 23.098 22.543 23.707 23.851 22.869 24.062 23.361 24.783 24.136 22.389 22.299 22.925 21.870 23.228 23.490 22.452 23.556 23.767 23.379 21.735 22.354 22.090 19.586 18.437 19.760 18.880 16.037 17.027 17.956 15.350 14.626 16.374 17.053 16.128 18.178 19.181 20.605 22.373 23.583 22.784 21.987 19.645 17.980 15.593 12.815 11.907 9.358 9.778 7.702 6.241 4.395 0.950 0.000 1.640 3.940 5.156 5.181 7.323 9.114 9.936 10.879 12.116 13.391 14.135 15.873 17.271 18.207 19.434
24.432 23.918 22.397 21.743 21.608 20.783 22.283 22.234 20.786 22.073 21.247 22.557 21.662 19.758 19.449 20.103 18.768 20.087 20.590 19.483 21.091 21.081 21.068 19.443 19.436 19.459 17.767 15.927 16.892 16.590 13.867 14.319 16.021 13.942 12.438 14.474 15.099 13.810 16.025 16.486 18.461 20.348 22.223 20.949 19.920 17.580 15.747 13.986 11.419 11.384 9.320 10.457 8.781 7.334 5.598 3.501 0.834 0.000 1.395 3.592 4.331 4.243 4.453 6.429 7.643 7.996 8.305 10.179 12.190 13.315 15.063 16.259
24.479 24.221 22.717 22.138 21.702 21.216 22.217 22.254 20.900 21.808 20.644 22.262 21.521 19.468 19.098 20.245 18.525 20.329 20.795 19.731 20.885 21.003 20.734 18.818 18.946 18.872 16.764 15.078 16.396 15.910 13.579 13.611 15.107 13.594 12.237 14.028 14.530 13.807 15.772 16.361 18.740 20.696 22.313 21.649 19.885 17.778 15.607 14.097 11.295 11.477 9.333 11.170 10.004 7.998 6.162 4.776 2.964 0.837 0.000 1.134 2.488 3.609 3.418 4.009 5.498 6.317 6.997 8.425 10.629 12.276 14.514 15.639
24.397 23.884 22.474 21.906 21.923 20.871 22.720 22.701 21.398 22.589 21.766 23.238 22.188 20.218 20.095 21.019 19.640 21.250 21.726 20.914 22.067 22.113 21.929 20.199 20.379 20.069 18.076 16.180 17.370 16.670 13.532 14.243 15.903 13.939 12.650 14.769 14.874 13.455 15.390 16.111 18.161 20.198 21.735 20.690 19.126 17.092 15.083 13.079 10.737 11.364 9.628 11.584 10.732 8.954 7.134 5.948 5.456 3.216 0.758 0.000 1.127 2.772 3.537 3.237 3.863 5.963 7.456 7.795 10.070 11.760 13.864 15.313
24.229 23.453 22.115 21.229 21.114 20.288 21.697 21.788 20.498 21.534 21.121 22.103 21.256 19.234 19.168 19.834 18.681 20.019 20.531 19.505 20.880 20.995 20.913 19.222 19.415 19.371 17.361 15.425 16.827 16.439 13.377 13.822 15.623 13.965 12.167 14.554 14.547 13.193 15.278 15.623 17.977 19.706 21.745 20.961 19.267 16.822 14.796 13.221 10.937 11.296 9.632 11.745 11.031 10.243 8.682 6.359 5.445 4.041 2.395 0.643 0.000 0.833 1.796 2.748 2.531 3.562 4.755 6.711 7.991 9.816 12.393 13.901
24.104 23.664 22.004 21.484 21.175 20.162 21.756 21.768 20.231 21.177 20.633 21.705 20.961 18.804 18.497 19.493 18.041 19.453 20.289 19.176 20.717 20.670 20.690 19.177 19.264 19.337 17.469 15.609 16.718 16.199 13.881 13.861 15.414 13.808 12.094 14.047 14.498 12.810 15.399 15.046 17.856 19.619 21.355 20.333 18.838 16.667 14.566 13.067 10.857 11.478 9.904 12.098 11.493 10.650 9.631 7.651 5.685 4.056 3.105 1.359 0.608 0.000 0.715 1.577 2.401 2.920 3.837 5.352 7.599 9.168 11.515 13.018
24.128 23.461 21.995 21.341 20.681 19.953 21.351 21.468 19.972 21.129 20.395 21.874 20.505 18.615 18.512 19.326 18.062 19.693 20.496 19.517 21.103 21.257 21.234 19.380 19.578 19.485 17.561 15.391 16.751 16.173 13.453 13.451 15.145 13.503 11.945 13.756 13.762 12.521 14.655 15.100 17.639 19.657 21.294 20.248 18.505 16.589 14.440 13.043 10.455 11.327 9.932 12.028 11.439 10.998 10.693 8.186 7.038 4.561 3.069 2.486 1.676 0.613 0.000 1.007 2.159 3.307 3.427 4.527 6.773 8.484 10.528 12.417
23.909 23.468 21.633 20.960 20.941 19.986 21.599 21.608 20.253 21.220 20.601 21.925 20.795 18.774 18.607 19.766 18.503 20.069 20.740 19.653 21.314 21.257 21.316 19.647 19.590 19.529 17.654 15.305 16.650 16.033 13.259 13.705 14.966 13.479 12.036 14.008 14.161 12.879 14.645 14.942 17.324 19.221 20.872 20.126 18.614 16.198 14.505 12.830 10.862 11.495 10.313 12.477 12.108 11.682 11.164 9.919 7.603 7.090 3.827 2.992 2.561 1.901 0.586 0.000 0.897 2.098 3.127 4.038 5.679 8.022 9.874 11.700
23.721 23.002 21.534 20.815 20.652 19.791 21.337 21.363 19.965 20.990 20.595 21.449 20.527 18.582 18.618 19.287 18.674 19.946 20.588 19.814 21.270 21.174 21.290 19.803 19.647 19.641 17.698 15.666 16.730 16.498 13.484 13.615 15.032 13.580 11.980 13.577 13.760 12.540 14.607 14.798 17.253 19.101 21.174 20.446 18.678 16.265 14.091 12.956 10.793 11.898 10.612 12.626 12.562 12.595 11.755 10.548 9.223 7.633 5.727 3.808 3.113 2.982 1.780 0.626 0.000 0.953 2.125 4.045 5.162 7.220 9.679 11.324
24.075 23.329 21.815 21.180 21.279 20.232 22.000 21.938 20.497 21.644 21.036 21.999 20.999 19.190 18.710 19.583 18.775 20.136 20.900 20.086 21.945 21.874 22.119 20.617 20.390 20.598 18.648 17.042 17.558 17.308 15.154 14.749 16.167 14.908 13.456 14.748 14.652 13.352 15.012 14.686 17.467 18.886 20.663 19.920 18.313 16.106 14.012 13.344 11.355 12.619 12.047 13.995 14.170 14.050 13.007 11.909 10.637 9.391 7.025 6.043 3.725 4.005 3.238 2.018 0.709 0.000 1.169 2.870 4.624 6.309 8.198 10.175
24.447 24.099 22.440 21.840 21.641 20.807 22.174 22.170 20.848 21.748 21.019 22.060 20.987 19.352 18.761 19.426 18.558 20.109 20.500 20.241 21.689 21.967 22.099 20.590 20.339 20.675 18.862 16.949 18.188 17.777 15.505 14.766 16.870 15.569 13.880 15.600 15.511 14.169 15.718 15.805 17.680 19.918 21.376 20.300 18.811 16.561 14.729 13.754 12.232 13.294 12.974 15.265 15.454 15.206 13.946 12.481 11.096 9.727 7.900 7.284 5.261 4.095 3.714 3.279 2.285 0.986 0.000 1.224 3.499 5.484 6.526 8.524
24.553 24.353 22.961 22.212 22.423 20.945 22.699 22.763 21.302 22.134 21.399 22.613 21.398 19.447 19.147 19.784 18.791 20.289 20.831 20.167 22.038 22.313 22.607 20.829 20.247 21.045 18.836 16.699 17.960 18.059 15.656 15.085 17.075 16.078 14.697 16.340 16.172 14.766 16.285 16.474 18.119 19.977 21.082 20.117 18.712 16.318 14.822 14.471 13.657 14.790 14.564 16.971 17.630 16.980 16.055 14.070 13.074 12.099 9.379 8.934 7.679 6.501 5.141 4.697 4.489 2.998 1.085 0.001 1.758 4.427 6.059 7.091
24.587 24.244 22.665 22.012 22.233 21.452 22.977 23.052 21.783 22.579 22.183 22.985 21.925 20.195 19.840 20.533 19.542 20.978 21.867 21.333 23.078 23.541 23.710 22.008 21.773 22.191 20.195 18.055 19.142 19.314 16.859 16.428 18.242 17.186 15.457 16.955 16.306 15.081 16.399 16.161 18.308 20.048 21.718 20.951 19.199 17.015 14.928 14.746 13.711 15.136 15.703 18.190 19.099 18.782 18.187 16.284 15.202 14.050 11.758 10.013 9.545 9.230 7.038 5.633 5.673 5.441 3.958 1.030 0.001 1.636 5.099 6.223
25.472 25.088 24.185 23.470 24.184 23.389 24.827 24.805 23.776 24.546 23.937 24.651 23.742 21.998 21.313 21.740 20.988 22.233 23.127 22.566 24.313 24.767 24.697 23.413 23.625 24.144 22.485 21.016 22.172 22.608 20.485 20.252 21.990 21.444 19.830 20.880 20.016 18.439 19.041 18.186 19.764 20.881 22.391 21.284 19.891 17.979 16.545 17.070 16.975 18.608 19.389 22.052 22.480 21.780 21.335 19.951 18.489 17.259 15.173 13.535 11.641 11.080 10.202 8.284 6.858 6.768 7.051 4.303 1.019 0.001 1.793 4.720
25.566 25.258 24.184 23.566 23.719 22.581 23.914 23.969 22.736 23.393 22.875 23.671 22.758 21.253 20.933 21.082 20.200 21.436 22.161 21.945 23.562 23.823 24.205 22.786 22.644 23.406 22.030 20.108 21.320 22.007 19.931 18.934 21.100 20.789 19.058 20.198 19.548 17.862 18.751 18.514 19.756 21.259 22.557 21.719 20.271 18.568 17.385 17.205 17.267 18.907 19.405 21.673 22.516 21.865 22.055 20.722 19.816 18.743 16.293 15.318 13.814 12.508 10.612 10.260 9.282 7.672 6.506 6.095 4.452 1.124 0.002 1.928
25.683 25.626 24.627 23.635 24.124 23.175 24.241 23.982 22.920 23.384 22.961 23.633 22.727 20.806 20.432 21.130 19.930 21.346 22.066 22.047 23.438 24.067 24.360 22.994 22.857 23.897 22.066 20.004 21.396 22.115 20.023 19.328 21.878 20.948 19.422 20.814 20.089 18.329 19.474 18.910 20.576 21.887 23.156 22.520 20.924 19.280 17.831 18.191 17.990 20.176 20.903 23.326 24.099 23.420 23.663 22.731 21.385 20.633 18.536 16.800 16.022 15.480 12.360 11.920 11.444 10.334 7.549 6.834 6.104 3.605 1.261 0.003
