0.001 1.369 3.031 4.776 6.491 9.241 10.434 12.833 14.979 15.577 14.237 15.413 17.363 16.141 14.432 17.375 17.758 15.221 16.009 18.670 18.603 16.862 19.617 21.432 20.621 20.347 23.254 24.239 23.127 24.482 23.417 23.058 20.147 20.558 18.896 19.804 19.485 20.666 21.358 21.864 22.625 21.274 18.416 16.989 15.554 15.115 15.360 15.693 18.725 20.650 23.044 23.254 21.204 20.024 18.070 15.700 13.703 13.630 12.719 14.349 15.446 18.019
0.930 0.003 1.152 2.154 3.703 4.849 7.132 8.680 10.401 11.851 11.149 11.525 13.885 13.032 11.795 14.086 15.261 12.997 13.580 16.499 17.130 15.125 17.295 19.836 19.682 19.287 21.850 23.162 22.533 23.158 22.456 21.235 18.184 18.297 16.131 17.375 17.070 18.705 19.270 20.512 20.860 19.324 17.207 15.011 13.947 13.166 14.100 14.409 17.557 19.798 22.097 22.412 20.863 19.540 17.189 14.998 12.637 11.902 11.238 12.625 13.722 16.241
2.531 0.941 0.002 1.039 2.051 3.115 4.869 6.772 8.448 10.038 9.606 10.325 12.627 12.257 11.225 13.379 14.744 12.789 13.555 16.657 17.299 16.008 18.205 20.536 20.269 20.232 22.926 24.083 23.236 24.093 23.242 22.488 19.166 18.882 16.076 17.325 16.565 18.321 18.781 20.352 20.786 19.169 17.242 15.160 13.869 13.238 14.184 15.118 18.337 20.129 22.818 22.785 20.993 19.688 17.515 15.800 13.117 12.372 11.327 12.668 13.885 16.282
3.564 2.269 0.847 0.001 1.151 1.785 3.224 4.971 6.638 8.852 8.843 9.642 11.581 11.231 10.519 12.579 13.748 11.357 12.352 15.407 15.775 14.182 16.769 18.734 18.635 18.658 21.181 22.339 21.767 22.662 21.819 20.984 17.660 18.034 15.227 16.828 16.203 18.130 18.751 20.462 20.577 18.999 17.218 14.663 13.518 12.584 13.665 13.995 17.410 19.135 21.815 21.971 20.369 19.165 16.943 15.097 12.712 12.120 11.180 12.581 13.326 16.432
4.742 3.395 2.071 0.852 0.000 0.951 2.174 4.021 5.840 7.744 8.029 9.019 10.773 10.390 9.740 11.645 12.390 11.006 11.473 14.337 14.858 13.785 16.166 18.283 18.396 18.343 20.718 21.683 21.315 22.016 21.005 20.158 17.609 18.111 15.400 17.226 16.199 18.131 18.616 20.432 20.705 18.882 17.191 14.435 13.634 12.775 13.713 14.274 17.235 18.982 21.347 21.683 19.973 19.265 17.078 15.353 13.070 12.716 11.208 13.028 13.298 15.981
6.909 4.937 3.518 2.140 0.947 0.001 1.330 3.415 5.643 7.452 8.033 8.873 10.731 10.397 10.446 11.472 12.279 10.948 11.806 14.262 14.920 13.977 15.989 18.148 18.282 18.484 20.761 21.847 21.758 22.783 21.818 21.120 17.981 18.448 15.825 17.249 16.631 18.428 18.742 20.538 20.570 19.116 17.091 14.461 13.812 12.795 14.123 14.522 17.755 19.147 22.110 22.512 20.651 19.892 17.254 15.486 13.081 12.902 11.364 12.694 13.313 15.817
9.970 8.254 6.618 4.583 3.667 1.022 0.000 1.968 4.404 7.284 7.381 8.668 10.896 10.634 10.455 12.099 12.826 11.801 13.162 15.534 15.875 15.122 17.530 19.223 19.143 19.344 21.432 22.060 22.029 22.612 21.978 21.140 18.895 19.382 17.361 18.879 18.266 19.937 20.239 21.778 21.896 19.618 17.496 15.409 14.291 13.487 14.953 15.334 18.262 19.861 22.452 22.758 21.178 20.662 18.202 16.086 13.613 13.092 11.685 13.255 13.700 15.552
14.281 12.792 9.549 8.017 5.427 3.721 1.297 0.000 1.591 3.690 5.737 6.321 7.659 8.945 9.689 10.626 11.775 12.414 13.688 15.670 16.960 17.345 19.030 20.531 21.228 21.809 22.976 23.941 23.942 24.457 23.885 23.058 20.868 21.386 18.988 20.250 19.112 20.467 20.238 21.650 21.476 19.172 17.470 15.947 15.607 15.305 16.851 18.049 20.553 22.261 24.366 24.616 23.240 22.723 20.785 18.958 16.726 15.130 13.535 14.525 14.259 16.059
19.308 17.962 15.783 12.750 9.263 6.809 3.523 1.037 0.000 1.652 2.967 5.031 6.283 6.852 8.182 9.621 11.302 11.637 13.331 15.352 16.525 17.248 18.592 20.163 20.404 21.194 22.419 23.460 23.716 24.331 24.346 23.834 21.714 22.313 20.037 21.710 19.972 21.691 21.109 22.472 22.244 19.708 18.296 16.966 17.055 16.833 18.630 19.289 21.996 23.274 24.951 25.396 24.356 24.193 22.610 20.472 18.452 16.763 15.363 15.846 14.811 16.717
21.001 19.957 17.301 14.630 12.600 8.906 6.860 3.592 0.967 0.000 1.561 3.459 5.181 5.498 6.122 8.010 9.974 10.688 11.381 13.404 15.093 15.992 16.590 18.452 19.763 20.139 21.073 22.460 22.860 23.404 23.423 22.648 20.306 21.132 18.989 20.615 19.402 21.281 21.083 22.458 22.542 20.150 18.533 17.027 17.048 16.295 18.087 18.388 21.138 22.284 24.446 24.817 24.099 23.860 22.189 20.130 18.056 17.159 15.347 16.414 15.622 17.125
22.869 21.854 19.436 17.042 14.274 10.029 8.722 5.949 3.311 1.024 0.003 1.833 4.268 5.112 4.851 5.669 8.428 9.639 10.023 11.581 13.470 14.743 15.202 17.270 18.647 19.320 20.749 21.605 21.864 22.569 22.214 21.520 19.304 20.269 18.278 19.827 19.164 21.295 21.357 22.809 23.020 21.193 19.596 17.810 17.501 16.227 17.834 17.596 20.684 21.466 23.776 24.107 23.413 23.777 22.026 19.929 18.146 17.613 15.716 17.423 16.065 18.386
20.885 19.608 17.418 14.979 12.887 9.802 8.562 6.848 5.216 3.358 0.850 0.000 1.304 2.518 3.436 3.433 4.839 6.299 7.926 9.270 9.683 11.082 12.193 13.356 14.308 15.031 17.003 18.222 18.852 19.548 19.886 19.529 17.729 19.192 17.133 19.472 18.292 20.999 20.744 22.353 22.387 20.390 18.759 16.773 16.699 14.796 16.501 15.806 18.998 19.687 22.088 22.814 22.040 21.973 19.945 17.857 16.040 16.203 14.568 16.706 15.688 18.092
18.816 17.330 15.803 13.183 11.836 8.899 8.798 7.105 5.625 4.847 2.631 0.732 0.001 1.113 2.316 3.354 3.318 3.849 6.604 7.515 8.014 8.813 10.489 11.938 12.291 13.244 14.860 16.262 16.793 17.458 17.698 17.682 16.151 17.737 16.069 18.556 17.833 20.256 20.152 21.701 22.134 20.209 18.415 16.754 15.997 14.045 15.508 14.683 17.746 18.466 20.941 21.348 20.770 20.712 18.718 16.874 14.685 14.906 13.191 15.657 14.794 17.740
18.724 17.582 15.940 13.555 12.968 10.000 10.422 8.398 6.513 5.119 3.786 2.614 0.664 0.000 1.264 2.229 3.333 3.386 4.817 6.294 7.169 7.483 9.102 11.553 12.355 12.375 14.590 15.399 15.794 17.343 17.834 17.526 15.384 17.648 15.844 18.438 18.083 20.124 20.369 22.025 22.389 20.476 18.751 17.029 16.004 14.161 15.106 14.091 17.323 17.762 20.135 20.816 19.526 19.899 17.815 15.961 14.181 14.917 12.983 16.066 15.511 18.128
20.372 18.704 16.968 14.950 13.430 10.480 11.009 9.376 7.667 6.099 4.473 3.595 2.462 0.733 0.000 0.976 2.568 4.058 3.822 5.319 7.050 7.855 7.994 10.001 11.462 12.210 13.818 15.065 15.166 16.296 16.943 17.134 14.892 17.224 15.381 18.014 17.954 19.979 20.274 21.892 22.479 20.603 18.742 17.031 16.075 14.027 15.129 14.309 17.654 18.087 20.763 21.803 20.620 20.808 18.750 16.864 15.101 15.465 13.530 15.953 15.888 18.241
19.225 17.987 16.153 13.806 13.232 10.462 11.069 9.685 8.152 7.105 4.758 4.153 3.171 2.001 0.577 0.000 1.079 2.017 3.474 3.244 4.945 6.174 7.492 8.588 9.777 11.041 13.330 13.494 14.148 15.324 16.011 15.750 14.170 16.545 15.028 17.914 17.078 19.705 19.837 21.680 21.742 20.446 18.338 16.663 15.681 13.296 14.851 13.510 16.850 17.073 19.312 20.088 19.632 19.758 17.660 16.041 14.172 14.808 12.859 15.905 15.276 18.233
18.805 17.585 15.972 13.821 13.548 10.850 11.597 9.948 9.067 7.112 5.366 4.118 3.197 3.097 1.681 0.576 0.001 1.017 2.276 3.117 3.607 4.553 6.595 8.034 8.940 9.976 12.755 13.796 13.813 14.923 15.937 15.903 14.118 16.753 14.937 17.822 17.618 19.936 20.198 21.672 22.082 20.541 18.477 16.962 15.863 13.523 15.167 13.743 17.276 17.385 19.801 20.385 19.572 19.506 17.840 16.121 14.015 14.412 12.597 15.586 15.328 18.291
17.856 16.846 14.832 12.559 13.036 10.291 11.533 10.207 9.103 7.829 5.845 5.662 3.641 3.239 2.898 2.222 0.589 0.000 1.177 2.282 3.689 3.951 4.893 7.393 8.527 8.729 11.894 13.096 13.592 14.463 15.080 15.652 13.485 15.829 14.228 16.666 17.067 19.170 19.687 21.219 21.872 20.273 18.378 16.236 15.057 12.900 13.974 12.655 16.118 16.664 19.024 19.656 18.799 18.788 17.365 15.173 12.982 13.562 11.796 14.709 15.061 17.733
18.488 17.099 14.787 12.939 13.159 10.544 12.207 10.796 10.253 9.579 7.178 6.649 6.335 4.029 3.161 3.747 2.727 0.621 0.000 1.278 2.644 3.876 3.919 5.798 7.940 8.876 10.182 11.970 12.842 13.777 14.436 14.882 13.060 15.783 13.701 16.821 16.687 18.614 19.049 20.341 20.956 19.394 17.399 15.879 15.021 12.746 14.115 12.727 16.017 16.652 18.752 19.436 19.011 18.709 17.106 15.409 13.412 13.506 12.009 14.524 14.438 17.417
18.391 17.163 15.149 13.079 13.795 11.300 12.769 12.312 12.075 11.219 9.610 8.535 7.543 6.189 4.860 4.665 3.861 2.627 0.762 0.001 1.060 2.510 4.373 4.383 6.177 7.903 9.340 9.871 11.303 11.927 13.216 13.323 11.830 14.464 13.317 15.993 16.415 18.589 19.059 20.568 20.848 19.458 17.633 15.558 14.597 12.070 13.528 11.976 15.357 15.578 17.874 18.321 17.870 17.952 16.490 14.609 12.663 13.158 11.505 14.250 14.097 17.309
18.055 17.550 15.454 13.865 14.531 12.272 13.887 13.259 12.928 12.039 10.847 9.364 8.719 7.502 6.466 4.946 4.366 3.649 2.584 0.647 0.000 1.058 2.815 3.977 4.182 5.716 8.268 9.253 9.998 11.102 11.896 12.509 11.297 13.860 13.215 16.097 16.738 19.103 19.925 21.129 21.959 20.171 18.059 16.476 15.067 12.333 13.324 11.868 14.741 15.101 17.190 17.557 17.430 17.468 16.210 14.693 13.221 13.355 12.119 15.094 15.485 17.913
17.903 17.224 14.986 13.777 14.491 12.489 14.727 14.013 13.789 13.380 11.301 10.605 10.147 7.956 7.114 7.057 4.574 3.775 3.651 2.687 0.637 0.001 1.433 2.999 3.988 4.058 5.979 7.819 8.521 10.024 11.266 11.564 10.585 13.446 13.152 15.658 16.440 18.583 19.748 20.932 22.022 20.160 18.121 16.298 14.921 12.637 13.212 11.828 14.199 14.763 17.040 17.536 17.243 17.318 16.212 14.699 12.911 13.203 12.236 14.554 15.376 17.945
18.845 17.819 15.751 14.344 14.926 13.181 15.216 15.055 14.297 13.939 12.323 11.210 10.949 9.190 8.223 7.901 6.224 4.684 4.194 4.356 2.408 0.645 0.001 1.295 2.536 3.999 4.406 5.773 7.670 9.002 10.149 11.148 11.004 13.832 13.749 16.243 16.595 18.842 19.645 21.196 21.960 20.225 18.517 16.579 15.324 12.914 13.714 12.231 14.469 14.913 17.190 17.486 17.269 17.679 15.889 14.730 13.126 13.403 12.621 15.148 15.853 18.127
19.191 18.284 16.568 15.268 15.793 14.138 15.906 15.412 14.637 14.294 13.622 12.224 12.120 10.762 9.750 8.314 7.087 6.811 5.177 4.254 3.845 2.982 0.650 0.003 1.090 2.781 4.527 4.841 6.194 8.555 9.728 10.859 10.623 13.535 13.146 16.290 16.705 19.395 20.060 21.308 21.827 20.392 18.511 16.572 15.436 13.184 13.962 12.170 14.782 15.093 17.026 17.399 17.495 17.533 16.683 15.105 13.698 14.255 13.191 15.708 16.191 18.435
19.139 18.667 17.094 15.890 16.822 15.773 17.402 17.133 16.503 15.874 14.519 14.001 13.285 12.559 11.699 9.908 8.122 7.375 6.601 5.040 4.164 3.958 2.508 0.664 0.001 1.342 3.493 4.648 4.882 6.797 8.224 9.923 10.116 12.912 13.604 16.436 17.582 19.736 20.740 21.988 22.775 21.146 19.412 17.740 16.459 14.153 14.638 12.848 14.647 15.003 16.839 17.269 17.144 17.506 16.466 15.222 14.127 14.902 14.195 16.793 17.214 19.089
19.383 18.591 17.533 16.588 17.675 16.953 18.865 19.022 18.660 18.422 16.346 15.599 15.299 14.488 12.715 12.424 10.570 8.938 9.148 7.979 5.912 5.213 4.743 3.250 0.848 0.000 1.552 3.551 4.874 6.123 8.067 10.247 10.417 14.088 14.715 17.321 18.465 20.211 21.551 22.528 23.005 22.114 20.420 18.617 17.574 15.387 15.284 13.438 15.043 14.726 17.030 17.364 17.323 17.547 16.559 15.097 14.549 15.187 15.000 17.346 18.387 20.024
19.455 18.487 17.623 16.956 18.392 18.299 20.678 21.330 20.902 20.519 19.213 18.338 18.479 16.846 16.226 15.144 13.820 11.409 10.285 10.163 8.752 6.655 5.723 6.115 4.085 0.814 0.002 1.434 3.528 5.154 8.142 10.023 10.867 14.510 15.474 19.116 20.084 22.380 22.661 23.918 24.030 22.933 21.647 19.792 18.815 16.229 16.298 14.138 15.306 14.750 16.611 16.732 16.896 17.271 16.403 15.198 14.864 15.735 15.718 18.097 18.934 21.067
21.104 20.209 19.808 19.203 20.718 20.802 22.389 22.479 21.680 21.245 20.528 19.706 19.533 18.392 18.245 16.259 15.648 14.103 12.829 10.883 10.315 8.691 6.473 5.551 6.095 3.172 0.794 0.001 1.260 3.417 6.644 9.526 10.505 14.061 15.703 19.212 20.599 22.317 22.964 24.146 24.569 23.639 22.658 20.785 20.108 17.538 16.994 14.332 16.038 14.594 16.697 16.567 17.146 17.646 17.049 16.174 16.001 17.437 17.813 20.126 20.611 22.550
20.575 20.033 19.390 18.968 20.617 20.795 22.618 22.715 22.745 22.068 20.822 20.282 19.904 18.442 17.515 16.904 15.441 13.737 12.875 11.960 10.209 8.836 7.426 6.030 5.253 4.365 3.113 0.951 0.002 1.659 3.997 7.288 9.151 12.313 14.439 17.749 19.746 21.215 22.418 23.748 24.209 23.630 22.458 20.442 19.630 16.984 16.825 13.968 14.957 13.934 15.154 15.600 16.406 17.211 16.816 15.873 15.485 16.943 17.440 19.876 20.838 22.179
21.872 21.431 20.702 20.715 22.209 22.153 24.049 24.436 24.325 24.340 23.276 22.480 22.415 21.190 20.295 19.182 18.356 16.965 16.120 15.104 12.957 12.231 11.200 10.273 7.810 7.179 6.464 4.211 1.400 0.001 1.590 3.779 7.048 8.922 11.775 14.657 17.613 20.015 21.286 22.945 23.783 23.483 22.689 20.643 19.509 16.595 15.886 13.594 13.266 12.833 13.784 14.400 15.654 16.249 16.487 15.909 16.814 18.016 18.963 21.037 21.693 23.360
22.327 22.103 20.972 20.684 22.148 21.825 23.867 24.261 24.371 24.458 23.346 22.296 22.451 21.414 19.483 18.906 18.621 16.988 15.265 15.523 14.911 12.725 11.461 11.729 10.691 8.387 7.275 6.344 4.184 1.263 0.000 1.812 3.677 5.723 8.419 10.797 14.304 16.456 18.815 20.688 22.487 22.291 21.009 19.424 17.741 14.909 14.514 12.486 12.112 12.531 13.895 15.669 16.141 16.176 16.306 15.844 16.476 17.702 18.359 20.347 21.210 22.745
20.354 19.497 17.926 17.421 18.800 18.428 20.964 21.559 21.884 22.220 20.533 19.188 19.880 19.016 16.501 16.288 16.767 14.716 12.604 13.737 14.144 11.294 10.825 12.058 12.051 9.620 8.648 8.569 6.308 3.425 1.054 0.006 1.294 3.221 4.748 7.109 9.126 10.979 13.473 15.502 16.905 16.410 14.402 12.717 11.388 9.783 10.164 9.503 9.959 10.443 12.169 13.985 14.416 14.089 12.950 12.510 12.114 12.633 12.968 14.844 16.204 17.906
19.923 18.909 17.349 17.066 18.069 17.882 20.363 21.062 21.189 21.307 19.687 18.493 18.908 17.652 15.747 15.492 15.394 13.545 11.603 13.173 13.613 11.036 10.519 11.976 11.923 9.746 9.431 9.244 7.486 5.677 3.345 0.978 0.000 0.991 2.489 3.741 5.120 7.213 8.803 11.484 13.711 14.070 12.965 10.944 10.338 9.001 9.446 8.542 9.401 10.557 12.649 13.745 14.044 13.617 12.634 11.913 11.368 12.201 12.240 14.129 15.474 17.245
20.014 19.002 17.190 17.115 18.011 17.604 20.187 21.131 21.179 21.681 20.147 18.445 19.209 18.526 15.802 15.508 16.109 14.206 11.757 13.497 13.990 11.382 10.861 12.550 12.264 10.017 9.752 9.946 8.092 6.355 4.343 2.209 0.834 0.001 1.127 2.215 3.367 5.194 7.120 8.938 11.298 12.204 11.112 9.511 9.671 8.731 8.936 8.527 9.315 9.641 12.768 13.737 13.668 13.639 12.570 11.868 11.533 11.779 12.069 13.417 14.651 16.040
20.526 19.576 17.939 17.085 18.006 17.249 19.985 21.072 20.941 21.438 19.597 18.047 18.728 17.680 15.123 15.394 15.598 13.856 12.040 13.534 14.362 12.106 11.283 13.867 13.526 10.848 11.037 11.788 9.637 7.671 5.603 3.544 2.260 0.923 0.002 1.117 2.251 3.610 5.444 7.187 9.356 10.865 10.340 9.072 9.228 8.638 9.562 9.620 10.227 10.994 13.649 14.416 14.680 15.077 14.401 13.090 12.165 12.109 11.672 12.858 14.007 16.274
19.694 18.459 16.710 16.040 16.680 16.526 19.019 20.224 20.272 20.992 19.419 17.643 18.527 17.757 14.784 14.825 15.457 13.363 11.465 13.494 13.900 11.475 11.190 13.244 13.142 10.757 11.211 11.895 10.350 8.521 6.805 4.722 3.210 1.991 0.810 0.000 0.957 2.301 3.675 5.526 7.556 8.811 8.508 7.976 8.017 8.083 8.230 8.634 9.827 11.122 13.469 14.088 14.412 14.490 13.522 12.441 11.280 11.739 10.760 12.103 13.010 14.720
20.550 19.525 17.867 16.856 17.221 16.939 19.574 20.861 20.614 21.669 19.864 17.830 19.558 18.413 15.627 15.370 16.524 14.423 12.311 14.278 15.264 12.538 12.218 14.800 14.570 12.074 12.361 13.696 12.162 10.017 8.093 6.303 4.831 3.453 2.230 0.944 0.003 1.167 2.519 3.923 6.181 8.291 7.645 7.253 8.196 8.413 9.088 9.378 10.666 11.098 13.073 14.565 14.984 15.503 14.850 13.934 12.991 12.813 11.919 12.228 12.611 14.639
20.025 18.782 17.326 16.417 16.508 16.552 18.845 19.908 20.247 21.027 19.597 18.064 19.104 18.242 15.511 15.679 16.434 14.563 12.464 14.449 15.186 13.338 12.647 14.793 15.210 13.145 13.678 14.979 14.488 13.074 11.517 9.175 6.983 5.654 3.707 2.356 0.887 0.001 1.227 2.862 4.918 7.087 7.080 7.277 7.852 9.125 9.633 10.311 12.102 13.590 15.284 16.004 15.855 16.086 15.411 14.323 13.202 12.767 11.644 12.001 12.522 14.307
21.651 20.672 19.247 18.249 18.157 17.979 19.931 21.223 21.602 22.572 21.115 19.434 21.230 20.268 17.454 17.778 19.412 17.261 15.522 17.543 18.815 16.566 16.068 18.713 18.976 17.353 18.044 19.608 18.247 17.137 15.301 12.650 10.664 8.422 6.594 4.430 3.071 1.055 0.002 1.264 3.692 5.893 6.769 7.746 8.623 10.344 11.195 12.133 14.095 15.421 16.872 17.790 17.597 17.721 16.829 16.269 15.374 15.103 13.690 13.405 13.015 14.221
21.338 20.550 18.983 18.096 17.500 17.645 19.238 20.586 21.060 21.921 20.661 19.503 20.612 19.980 17.612 18.008 19.159 17.389 15.826 17.850 18.911 17.123 16.920 19.364 20.017 18.637 19.650 20.975 20.413 19.487 18.272 15.074 13.829 11.212 8.707 6.565 4.586 3.117 0.889 0.004 1.139 3.729 5.100 6.897 8.578 10.021 11.657 13.477 15.067 17.341 18.799 19.888 19.195 18.989 17.810 16.706 15.713 14.584 13.071 12.384 12.335 13.208
21.735 20.409 18.210 17.467 16.821 16.308 18.263 19.254 20.329 21.034 19.777 18.903 20.265 19.592 17.565 18.249 19.520 18.021 16.793 19.407 20.203 18.706 19.486 21.182 21.649 20.794 21.554 22.346 22.033 21.375 20.326 18.661 16.593 14.494 11.709 9.398 7.245 5.332 3.800 1.289 0.002 1.647 3.397 5.584 8.012 10.365 12.433 14.525 16.486 18.031 19.741 20.704 20.128 19.649 18.418 17.387 15.507 14.249 12.548 11.900 11.418 12.831
20.704 19.409 17.233 16.276 15.625 15.562 17.848 18.872 19.730 20.467 19.199 17.925 19.059 18.158 15.626 16.427 17.754 15.974 15.306 17.424 18.410 17.049 18.079 19.912 20.308 19.961 20.920 21.825 21.702 21.298 20.491 19.094 17.486 15.843 13.591 11.623 9.546 8.544 5.955 3.199 0.993 0.001 1.201 3.166 6.100 7.953 10.869 13.390 15.855 17.757 19.585 20.296 19.891 19.242 18.048 16.366 14.608 13.158 11.091 10.611 10.256 11.047
20.258 18.935 16.785 15.935 15.524 15.238 18.227 18.921 19.819 20.377 18.744 17.370 18.493 17.520 14.710 15.334 16.342 14.321 13.240 15.122 16.270 14.187 15.051 17.132 17.470 16.720 17.832 19.078 18.522 18.297 16.775 15.464 13.363 12.463 9.740 9.215 7.705 7.396 5.772 5.322 2.658 0.859 0.001 1.189 2.804 4.394 6.512 8.577 11.050 13.207 15.220 16.093 15.734 15.732 14.533 13.749 12.065 11.015 9.881 10.060 10.621 12.292
19.321 17.541 15.452 14.625 14.570 14.553 17.392 18.351 18.970 19.426 17.950 16.827 17.735 16.389 13.750 14.140 14.955 13.002 11.452 13.744 14.356 12.150 12.978 15.260 15.412 14.417 15.492 16.800 16.146 15.863 14.795 13.806 11.131 11.335 9.244 9.168 7.952 8.166 7.098 6.664 4.733 2.664 0.942 0.000 1.134 2.416 3.859 5.288 7.508 8.650 11.843 12.246 11.277 11.390 10.291 9.637 9.048 8.956 8.146 8.901 9.442 11.945
18.454 17.031 14.959 13.753 14.546 14.022 17.174 17.802 18.483 18.871 17.235 16.177 16.603 15.452 12.615 13.044 13.426 11.453 10.373 11.967 12.830 10.859 11.503 13.578 14.295 12.713 13.915 14.872 14.385 13.667 12.928 11.336 9.156 9.060 7.721 7.871 7.423 7.797 7.331 7.279 5.334 3.892 2.236 0.804 0.000 0.772 1.702 2.651 4.204 5.528 7.638 8.996 9.162 9.868 9.162 9.257 8.873 9.034 8.916 9.326 9.722 12.026
19.117 17.341 14.942 13.761 14.309 13.765 17.354 18.164 18.450 18.889 17.305 16.321 16.776 15.147 12.737 13.214 13.349 11.195 10.279 12.050 12.686 10.551 11.045 13.400 13.777 12.613 13.580 14.762 14.132 13.703 12.488 11.440 9.110 9.541 8.187 8.828 8.357 8.666 7.942 7.981 6.204 4.793 3.185 1.755 0.725 0.000 0.763 1.599 2.517 3.770 5.957 7.151 7.900 8.603 8.061 8.451 7.830 7.690 8.149 8.526 9.309 11.770
18.315 16.599 14.878 13.818 14.606 14.100 17.411 18.462 18.595 19.094 17.359 16.125 16.520 15.344 12.407 12.863 13.110 11.110 9.951 11.541 12.310 10.308 10.563 12.888 13.418 11.842 13.058 13.720 13.120 12.274 11.339 10.272 8.570 8.526 7.464 7.979 8.376 9.177 8.826 9.162 7.746 5.665 3.815 2.582 1.634 0.658 0.000 0.678 1.543 2.345 4.329 5.948 6.959 7.823 7.608 8.265 8.422 8.826 8.442 9.463 9.971 11.871
18.643 16.704 14.710 13.852 14.698 14.228 17.742 18.818 18.863 19.349 17.626 16.494 16.643 15.388 12.782 13.448 13.389 11.265 10.458 11.992 12.485 10.558 10.912 13.249 13.244 12.082 13.319 14.203 13.276 13.227 11.505 10.836 8.930 9.524 8.679 8.991 8.927 9.719 9.425 10.074 9.570 7.200 5.107 3.963 2.652 1.716 0.730 0.000 0.759 1.695 3.447 5.239 6.320 7.315 7.272 7.398 8.008 8.528 7.995 9.406 9.635 11.868
18.247 17.097 15.183 14.456 15.444 14.858 18.063 19.263 19.273 19.769 18.264 16.608 17.012 15.653 12.723 13.039 13.483 11.522 10.272 11.791 12.744 10.769 11.028 13.389 13.857 12.296 13.056 14.207 13.739 13.097 12.097 10.790 8.482 8.691 8.607 9.157 9.724 11.066 10.910 11.412 11.400 9.200 6.619 5.383 3.757 2.737 1.906 0.701 0.001 1.053 2.556 4.632 5.908 7.028 7.710 7.840 8.561 8.943 8.882 10.468 10.633 12.457
18.352 17.508 15.833 15.538 16.635 16.692 19.982 20.995 21.642 21.749 19.897 18.849 19.169 18.024 15.325 15.689 16.191 13.939 12.603 14.423 15.091 12.921 13.244 15.336 15.405 13.649 14.744 15.603 14.272 13.962 12.124 11.810 10.295 10.042 9.822 10.493 11.005 12.335 12.881 14.301 14.547 13.154 10.573 8.901 6.480 6.039 3.826 2.633 0.957 0.000 1.276 3.258 5.342 7.208 7.844 8.022 9.056 9.870 10.776 12.601 13.731 15.897
19.071 18.792 17.604 17.315 18.834 18.737 21.653 22.456 22.894 23.084 21.419 20.438 20.393 19.362 17.360 17.240 17.511 15.527 14.214 15.285 15.862 13.797 14.014 16.022 15.799 14.209 15.138 15.776 14.967 14.269 13.193 12.329 10.748 11.349 12.342 14.015 16.284 17.852 19.472 20.621 21.161 20.016 17.668 16.037 13.177 10.452 8.025 5.403 3.355 0.998 0.001 1.384 3.735 6.190 7.749 7.898 10.573 12.099 14.107 15.980 17.659 19.845
18.922 19.065 17.873 18.583 20.138 20.686 23.237 24.144 24.750 24.807 23.546 22.948 22.828 21.717 20.020 19.924 19.889 17.779 16.720 17.428 18.133 15.515 15.575 17.364 17.051 15.024 15.692 16.407 15.520 14.456 13.507 12.852 11.655 12.122 13.569 15.498 17.514 18.977 20.644 21.611 22.475 21.975 20.051 18.382 15.894 13.314 11.055 8.335 5.734 3.319 1.052 0.000 1.613 4.041 6.592 7.661 10.233 12.436 15.474 17.333 19.565 21.298
18.853 18.602 18.410 19.425 21.342 22.217 24.369 25.044 25.702 25.976 24.704 24.168 24.512 23.518 21.657 22.343 22.264 20.380 19.606 20.531 20.699 17.903 18.382 19.575 18.990 16.806 17.756 18.422 16.485 15.907 14.515 14.157 13.017 14.519 15.710 17.703 19.843 21.321 22.685 23.211 24.159 23.734 22.478 20.434 17.897 15.845 12.683 10.874 7.536 4.919 3.653 1.118 0.003 1.683 4.123 7.138 9.653 12.002 15.517 17.718 20.361 22.177
17.746 17.034 15.957 16.218 18.205 18.827 22.103 23.167 23.884 24.154 22.778 22.128 22.414 21.172 18.578 19.585 19.582 17.112 16.233 17.857 18.185 15.669 16.525 18.392 17.874 16.306 17.623 18.479 17.079 16.886 15.224 14.528 13.111 13.328 13.761 14.940 16.485 18.495 19.570 20.886 21.630 20.125 18.206 16.127 14.066 11.823 9.979 8.716 7.509 7.017 7.094 3.694 1.339 0.004 1.882 4.381 5.891 7.851 9.974 12.310 14.643 17.068
16.604 15.521 14.676 14.458 16.502 16.833 20.504 21.805 22.671 23.118 21.165 20.758 21.006 19.380 16.727 17.942 17.765 14.709 14.332 16.367 16.546 14.414 15.799 17.903 17.412 16.284 17.858 19.174 17.900 18.049 16.788 15.896 13.843 14.098 14.257 16.200 17.969 19.971 20.561 22.502 22.642 20.773 19.197 17.461 15.275 12.630 10.365 9.206 7.978 8.057 8.212 6.900 4.202 1.376 0.001 1.278 3.433 6.532 8.440 11.857 14.603 17.115
16.865 15.063 14.232 13.697 15.413 16.053 19.887 21.277 22.177 22.424 20.349 20.107 20.221 18.611 16.498 17.256 17.111 14.270 13.888 16.091 16.167 13.828 15.342 17.217 17.052 15.612 17.574 18.564 17.297 17.806 16.502 15.566 13.542 13.568 14.170 16.295 17.891 19.955 21.057 22.607 22.751 21.151 18.991 16.802 13.931 12.058 10.418 8.251 8.130 7.849 8.344 7.562 5.626 3.148 1.057 0.000 1.769 4.388 6.888 10.751 11.781 15.108
16.316 15.304 13.440 12.983 14.345 14.429 18.032 19.388 20.384 20.788 18.780 18.436 18.954 17.433 15.279 16.116 16.044 13.713 12.903 15.186 15.461 12.950 14.190 16.066 16.116 14.829 16.366 17.618 16.857 16.633 15.962 14.810 12.464 12.900 12.170 13.450 13.550 15.152 15.839 17.659 17.596 15.351 12.877 11.015 10.089 9.103 8.750 7.451 9.014 8.032 9.498 7.888 6.175 4.858 3.639 1.083 0.000 1.175 2.634 4.380 6.297 8.360
16.066 14.682 13.120 12.623 13.730 13.703 17.653 18.993 19.992 20.754 18.762 18.361 19.136 17.283 14.511 15.820 15.806 13.279 12.408 14.993 14.910 12.891 14.480 16.953 16.391 15.588 17.940 19.238 18.084 18.513 17.797 16.965 14.336 14.417 12.867 13.281 13.358 14.507 14.917 16.757 17.145 14.868 12.211 10.403 9.532 9.227 9.233 8.813 9.575 10.056 11.463 10.295 7.666 6.669 4.911 3.090 1.030 0.005 1.278 2.372 3.560 5.858
16.236 14.858 13.218 12.404 13.434 12.907 16.792 17.955 19.181 19.595 17.712 17.446 17.865 16.155 14.050 15.159 14.834 12.419 11.773 14.078 13.936 11.868 13.287 15.385 15.255 14.557 16.378 17.544 16.956 17.291 16.611 15.750 13.153 13.639 11.966 13.083 13.214 14.101 14.063 16.379 15.715 13.435 10.967 9.300 8.959 8.144 8.969 8.314 9.721 9.863 11.418 10.504 8.115 6.987 5.123 3.955 2.183 0.760 0.000 0.831 1.680 3.054
16.295 15.107 13.519 12.328 12.733 12.491 16.706 17.925 18.584 18.953 17.618 17.327 17.573 16.185 13.720 14.946 14.658 12.515 11.637 13.708 14.036 12.039 13.528 15.751 15.483 14.789 16.443 17.667 17.446 17.126 16.459 15.786 13.628 13.609 12.606 13.071 12.474 13.185 12.665 14.833 14.585 12.290 9.990 9.500 9.338 8.539 8.984 9.169 10.490 11.021 12.254 11.749 9.907 8.619 6.323 5.237 3.194 1.807 0.704 0.001 0.883 2.067
16.804 15.439 13.803 13.078 13.125 12.669 16.221 17.791 18.967 19.399 17.932 17.147 18.055 16.491 14.277 15.257 15.064 12.942 12.436 14.446 14.544 12.806 14.150 16.165 15.852 15.512 17.410 18.643 18.534 18.534 17.798 16.659 14.370 14.647 12.674 13.706 12.706 13.205 13.170 14.901 14.091 12.033 10.047 8.731 9.223 8.205 9.497 9.803 11.393 12.107 13.932 13.718 11.649 10.073 7.536 6.367 4.382 3.087 1.781 0.779 0.000 1.232
18.191 16.879 14.883 13.732 13.991 13.555 16.678 18.121 19.323 19.718 18.227 17.513 18.209 17.076 14.835 15.677 15.542 14.069 13.157 14.700 14.877 13.750 15.039 17.370 17.052 17.047 19.386 20.150 19.995 20.364 19.979 18.875 16.596 16.817 15.126 15.900 15.119 15.767 15.556 16.175 16.255 13.707 11.562 10.591 11.160 10.452 12.112 12.028 14.924 15.910 18.340 18.543 17.245 16.303 13.273 11.123 8.369 7.786 4.543 3.861 1.236 0.008
