0.001 1.276 2.863 4.620 6.619 9.628 11.242 13.842 14.954 13.848 15.327 18.039 18.632 18.420 20.917 20.814 22.795 22.931 23.271 21.415 20.489 21.486 21.107 18.193 18.666 19.927 18.478 16.432 18.032 19.123 16.846 16.225 18.894 18.577 15.989 17.125 15.759 15.733 14.920 16.725 16.028 18.598 19.389 17.935 18.336 16.991 14.388 13.200 11.452 11.370 10.739 11.038 12.237 13.439 15.124 14.894 14.853 16.439 15.915 14.404 14.605 13.946 15.733 16.156 15.560 15.343 16.381 17.948 19.100 20.086 21.647 22.342
0.841 0.000 1.037 2.115 3.586 4.949 6.744 8.740 10.425 9.967 11.170 14.381 15.585 15.755 18.182 18.139 20.263 19.967 20.917 18.972 16.986 18.377 18.494 15.324 14.582 17.067 15.941 12.728 14.747 16.674 14.374 13.407 16.714 16.761 14.710 15.202 14.414 14.025 13.413 15.057 15.261 17.579 18.353 16.209 16.128 13.995 11.600 10.508 9.629 9.145 9.751 10.455 12.218 12.148 14.551 13.921 14.047 15.841 15.914 14.027 14.715 13.791 15.946 16.224 15.824 15.470 17.297 19.025 20.142 21.010 22.327 23.202
2.576 0.877 0.001 0.871 1.773 2.887 4.365 6.494 8.224 7.828 8.832 10.982 12.379 13.311 15.804 16.283 18.454 17.934 19.332 17.588 14.963 16.841 17.525 14.052 13.423 16.078 15.147 12.184 14.169 16.089 14.519 13.248 16.467 16.354 15.105 15.693 14.580 14.219 13.710 15.795 15.334 17.980 18.359 16.325 16.182 14.081 11.667 10.590 9.404 10.275 10.396 11.364 13.080 13.178 14.423 13.765 13.142 14.764 14.107 12.083 12.453 11.924 14.449 15.026 14.405 14.471 16.077 18.556 19.528 20.569 21.659 22.481
3.242 1.921 0.769 0.000 0.924 2.013 3.170 5.238 7.050 7.026 7.742 9.900 11.762 12.216 14.818 15.187 17.052 16.341 17.699 16.228 14.058 15.724 16.224 13.358 13.156 15.264 14.635 11.388 14.256 15.655 14.070 12.743 15.895 16.348 14.613 14.769 13.874 13.472 13.097 14.637 14.567 17.115 18.154 15.951 15.851 13.738 11.014 10.127 9.092 9.369 10.035 10.785 11.934 12.493 15.066 14.047 13.165 14.763 14.004 12.025 12.622 12.202 14.766 15.189 14.629 14.833 16.346 18.688 19.690 20.731 22.088 22.715
5.003 3.406 1.901 0.835 0.000 0.874 2.149 4.210 6.008 5.536 6.827 8.209 9.735 10.244 12.978 13.712 15.487 15.121 16.736 15.527 13.143 14.925 15.632 13.110 12.827 15.120 14.563 11.756 14.222 15.660 14.546 13.302 16.011 16.775 15.136 15.391 14.026 13.217 13.060 14.662 14.384 17.244 18.137 15.237 16.128 13.526 10.819 10.762 8.818 9.685 10.598 10.711 12.088 12.742 15.279 14.468 12.785 14.554 13.389 11.707 11.899 11.708 14.203 14.888 14.118 14.835 15.852 18.493 19.327 20.408 21.872 22.556
6.634 4.976 3.456 2.213 0.837 0.000 1.252 2.889 4.898 5.518 6.144 7.293 9.169 9.914 12.353 13.028 14.887 14.282 15.686 14.549 12.893 13.883 14.607 11.938 11.959 14.033 13.806 10.862 13.441 14.848 13.221 12.556 15.013 15.496 14.468 14.005 13.234 12.815 12.416 13.933 14.151 16.746 17.747 15.433 15.542 13.293 10.519 10.167 8.801 9.241 9.984 10.646 12.683 13.191 15.315 14.406 12.804 14.749 13.484 11.489 12.032 11.888 14.520 14.762 14.323 15.120 16.626 18.945 19.897 21.151 22.431 23.063
9.183 7.697 6.216 4.274 3.207 0.934 0.000 0.930 3.337 4.192 4.104 4.431 6.799 8.003 9.644 10.703 12.650 12.793 14.484 13.650 11.347 13.317 14.224 11.479 11.432 13.978 13.850 11.143 13.469 15.125 14.079 12.977 15.542 16.241 15.075 14.704 14.120 13.968 13.916 15.159 15.113 17.778 18.725 16.441 16.701 14.864 11.129 10.735 9.592 9.669 10.384 10.831 13.270 13.763 15.555 14.785 12.749 14.812 13.438 11.621 11.875 11.786 14.711 15.173 14.324 15.659 16.659 19.013 20.059 21.093 22.369 23.052
13.535 11.281 9.015 6.488 4.967 2.917 0.751 0.000 0.710 1.779 2.814 2.681 3.203 4.740 7.006 8.331 10.861 11.936 13.427 12.040 10.384 12.973 13.405 11.031 11.102 13.864 13.416 10.925 13.172 14.697 13.579 12.759 15.299 15.615 14.427 14.251 13.925 13.574 13.326 14.719 14.462 17.239 17.740 15.785 15.972 14.305 11.090 10.750 9.877 10.127 11.830 12.353 15.218 15.559 17.161 16.068 14.086 15.410 14.040 12.300 12.620 12.614 15.126 15.868 15.117 16.592 17.211 19.461 20.574 21.533 22.682 23.354
14.866 13.904 11.125 8.746 6.040 3.929 1.621 0.626 0.000 0.807 1.853 2.798 2.703 3.694 6.553 7.757 10.757 12.190 13.075 11.810 10.478 12.950 13.506 10.967 11.291 13.897 13.388 10.923 13.720 14.945 13.759 12.911 15.143 15.476 14.775 14.268 14.260 13.931 13.899 15.004 15.013 17.412 18.056 15.886 15.813 14.489 11.225 10.738 9.955 10.694 12.485 13.306 15.561 16.130 17.123 16.399 14.509 15.553 14.056 12.386 12.235 12.694 15.198 15.549 14.934 16.367 17.417 19.624 20.853 21.783 22.727 23.430
15.123 13.693 11.485 9.150 6.388 4.622 2.868 1.929 0.608 0.000 0.862 1.924 2.517 2.937 4.872 6.135 8.998 10.704 11.799 10.343 9.483 11.700 12.342 10.332 11.137 12.969 12.860 11.027 13.414 14.507 13.489 13.129 15.394 16.057 15.218 14.806 14.612 14.082 14.133 14.846 14.923 17.375 17.974 15.758 15.899 14.489 11.459 10.923 10.743 10.926 12.884 13.228 15.553 15.659 16.936 15.538 13.676 15.065 13.545 12.057 11.987 12.439 14.906 15.433 14.812 16.683 17.588 19.795 21.111 21.976 23.070 23.672
14.495 12.915 10.686 8.923 6.644 4.541 3.576 3.387 2.123 0.594 0.000 0.775 1.788 2.524 4.179 5.645 8.122 9.736 11.167 9.319 8.530 10.762 11.352 9.035 9.853 11.866 11.637 9.777 11.936 13.184 12.204 11.713 14.291 14.723 13.526 13.740 13.315 13.116 13.014 14.581 14.890 17.262 18.180 16.177 16.302 14.534 11.322 10.747 10.140 10.390 11.967 12.543 15.050 15.136 16.739 15.387 13.412 14.854 13.534 11.855 12.212 12.551 15.141 15.738 15.060 16.634 17.579 19.686 20.899 21.868 22.959 23.632
14.421 13.206 10.885 8.929 6.918 4.538 3.460 3.054 2.537 1.597 0.589 0.000 0.799 1.757 3.252 5.122 7.715 9.143 10.853 9.207 8.426 10.559 10.971 9.183 9.808 11.780 11.228 9.903 11.824 12.833 11.876 11.405 13.755 14.240 13.348 13.219 13.166 13.023 13.227 14.759 14.919 17.200 18.303 16.133 16.090 14.589 11.165 10.633 9.809 10.089 11.632 11.874 14.344 14.886 16.074 14.984 13.050 14.259 13.158 11.516 12.101 12.337 14.788 15.915 15.353 16.387 17.396 19.470 20.537 21.346 22.472 23.101
15.923 15.092 13.289 10.885 8.604 6.283 4.715 3.596 3.413 2.866 1.486 0.692 0.001 0.960 2.822 4.644 7.550 9.472 10.332 8.837 8.564 11.173 11.564 9.479 10.925 12.728 12.814 11.086 13.566 14.407 14.158 13.659 15.458 16.271 15.316 14.728 14.855 14.148 14.728 15.366 15.862 17.900 18.897 16.577 16.491 15.184 12.311 11.799 11.426 11.967 13.729 13.785 16.069 16.230 17.171 15.932 13.938 15.143 13.598 12.203 12.423 12.848 15.504 16.196 15.725 17.000 18.128 20.004 20.936 21.889 22.790 23.248
16.342 15.031 12.972 10.709 9.098 7.112 6.607 6.140 4.463 3.765 3.331 2.290 0.918 0.000 1.514 2.975 5.198 7.273 8.513 7.416 7.438 9.895 10.020 8.769 10.358 12.192 11.581 10.612 13.181 14.156 13.356 13.748 15.695 16.283 15.371 15.642 15.814 15.485 15.369 16.487 16.415 18.535 19.390 16.968 17.269 15.879 13.031 12.595 12.134 12.109 14.037 13.812 16.165 16.036 17.086 15.589 13.913 14.992 13.463 12.301 12.384 12.876 15.411 16.236 15.943 16.956 17.878 19.798 20.773 21.876 22.796 23.462
18.444 16.978 15.460 13.045 11.886 9.682 9.459 9.620 7.859 5.608 5.639 5.229 2.889 0.950 0.000 1.178 2.863 5.903 6.877 5.804 6.354 8.787 9.046 8.453 10.098 12.122 12.204 11.835 14.285 15.171 15.375 15.796 17.062 18.058 17.929 18.049 18.236 18.342 18.169 19.030 18.687 20.741 21.402 19.044 19.199 17.982 15.872 15.347 14.752 14.744 16.336 15.805 17.458 17.062 17.797 16.165 14.314 15.168 13.868 12.455 12.751 13.357 15.903 16.640 16.368 17.821 18.890 20.435 21.532 22.205 23.162 23.829
18.792 17.468 16.067 13.774 13.098 10.961 11.284 10.948 9.297 7.775 6.536 6.158 4.580 2.805 0.923 0.000 1.189 2.818 3.875 4.406 4.754 6.628 7.217 7.281 9.235 10.368 10.844 11.063 13.104 14.322 14.119 15.316 16.598 17.146 16.791 17.560 17.901 18.379 18.616 19.910 19.990 21.744 22.366 20.425 20.072 18.579 16.643 16.122 15.699 15.199 16.374 15.549 17.343 16.901 17.562 15.951 14.467 15.503 14.035 12.884 13.202 13.837 16.241 17.235 17.246 18.148 19.436 20.981 21.844 22.922 23.663 24.342
17.559 16.531 14.708 12.663 11.807 10.154 10.074 10.399 9.261 7.957 6.954 6.727 6.176 3.928 2.728 0.838 0.000 1.078 2.221 2.667 2.839 2.775 4.341 4.897 5.536 6.391 7.283 7.595 8.811 10.064 10.533 10.815 12.204 13.223 13.781 13.829 14.886 15.400 16.243 17.679 17.900 20.054 20.757 18.364 18.413 16.593 14.653 13.453 13.410 13.006 14.265 13.748 15.503 15.689 16.135 14.530 13.120 14.818 13.653 12.545 13.099 13.749 16.226 17.201 16.940 17.903 18.818 20.497 21.509 22.414 23.373 23.916
17.525 16.352 14.691 13.042 12.519 11.039 11.490 11.396 11.103 9.471 7.782 8.032 7.778 5.731 3.736 2.371 0.644 0.000 0.827 1.405 1.840 1.946 2.692 3.860 4.794 5.281 5.578 6.927 7.333 8.128 8.447 9.120 10.010 10.977 11.615 12.380 13.982 14.143 15.407 16.990 17.446 19.706 20.431 18.324 18.002 16.380 14.564 13.355 13.453 12.322 13.796 13.276 15.334 15.631 16.255 14.504 13.262 14.778 14.030 13.057 13.837 14.383 16.909 17.850 17.380 18.413 19.177 20.850 21.602 22.487 23.243 23.838
16.257 15.137 13.400 11.790 11.087 9.513 10.191 10.709 10.243 8.613 7.489 7.998 7.452 5.654 4.309 2.809 1.444 0.553 0.000 0.725 1.284 1.959 1.906 2.405 4.078 4.303 4.773 5.127 6.144 6.983 7.274 7.709 8.848 9.829 10.457 11.084 12.609 13.217 14.403 16.500 16.799 19.251 19.902 17.703 17.630 15.681 13.482 12.065 11.831 10.819 12.363 12.078 13.958 14.261 15.247 13.545 12.570 14.144 13.479 12.244 13.140 13.692 16.217 17.343 16.916 17.663 18.428 20.318 21.148 21.950 22.996 23.537
15.857 14.607 12.630 11.446 10.619 9.366 9.896 10.598 10.051 8.407 7.189 7.609 7.377 5.625 4.214 2.763 1.781 1.235 0.577 0.000 0.757 1.500 1.916 2.144 2.896 3.757 3.808 4.375 5.280 6.114 6.309 7.159 8.264 8.638 9.393 10.721 11.448 12.494 13.388 15.414 16.302 18.624 19.747 17.397 17.257 15.398 13.122 11.784 11.003 10.169 11.419 11.264 13.671 14.040 15.022 13.442 12.016 13.616 12.996 11.814 12.759 13.300 16.102 17.286 16.737 17.549 18.433 20.029 20.954 22.028 22.941 23.534
16.364 14.951 13.193 12.110 11.288 9.800 10.620 10.391 10.677 8.863 7.276 7.907 7.963 6.125 5.339 3.831 2.657 2.334 1.576 0.547 0.000 0.850 1.523 1.917 2.404 2.876 3.527 4.513 4.640 5.607 5.901 6.528 8.079 8.716 9.372 10.315 11.788 12.724 13.811 15.431 16.309 18.700 19.686 17.477 17.405 15.510 13.051 11.577 11.372 10.546 11.948 12.297 14.029 14.767 15.396 13.927 12.481 14.267 13.613 12.454 13.308 13.764 16.707 17.625 17.114 17.884 18.931 20.609 21.369 22.450 23.217 23.884
15.791 14.276 12.560 10.884 10.124 8.848 9.738 10.048 10.132 8.345 7.233 7.721 7.552 5.898 4.784 3.605 2.555 2.383 2.117 1.271 0.542 0.000 0.687 1.053 1.861 1.875 2.231 2.889 3.533 4.252 4.273 5.234 6.382 7.204 7.450 8.758 10.513 11.206 12.852 15.247 15.876 18.589 19.581 17.366 17.130 15.194 12.678 10.906 10.118 9.459 10.968 10.935 13.271 13.834 14.858 13.281 11.791 13.670 12.965 11.839 12.694 13.248 15.868 17.358 16.611 17.433 18.232 20.145 20.903 21.733 22.866 23.391
14.878 13.444 11.710 10.391 9.753 8.186 9.092 10.065 9.693 8.212 7.216 7.928 7.670 6.289 5.441 4.208 3.157 2.562 2.220 1.811 0.973 0.539 0.000 0.641 1.365 1.948 1.747 1.858 2.900 3.342 3.669 4.210 5.473 5.992 6.329 7.486 9.250 10.633 12.154 14.532 15.489 17.870 18.894 16.973 16.863 14.763 12.164 10.553 9.611 8.893 9.999 10.241 12.628 13.027 14.339 12.620 11.616 13.627 12.892 11.619 12.413 13.009 15.662 16.868 16.209 17.058 17.708 19.399 20.215 21.246 22.228 22.776
15.050 13.764 11.812 10.348 9.661 8.359 9.263 10.179 9.879 8.456 7.171 8.073 8.338 6.549 6.192 5.001 4.185 3.354 2.419 1.861 1.767 1.224 0.569 0.000 0.668 1.377 1.656 1.555 1.889 2.961 3.377 3.314 4.487 5.217 5.673 6.421 8.580 9.737 11.366 13.575 14.665 17.247 17.983 16.018 16.100 14.181 11.696 10.035 9.280 8.431 9.783 9.969 12.539 13.311 14.227 12.491 11.309 13.069 12.363 11.360 11.978 12.518 15.884 16.699 16.105 16.887 17.695 19.507 20.257 21.330 22.355 22.931
14.593 13.485 11.307 10.160 9.444 8.180 9.348 9.964 10.417 8.670 7.579 8.750 8.796 6.885 6.603 5.121 4.778 4.113 3.935 2.609 2.198 1.866 1.083 0.528 0.000 0.654 0.989 1.216 1.302 1.880 2.252 2.954 3.744 4.430 4.979 5.996 8.154 9.465 10.942 13.422 14.587 17.278 18.192 16.037 16.238 14.308 11.606 9.721 9.069 8.288 9.342 9.893 12.490 12.978 13.958 12.640 11.316 13.208 12.378 11.340 12.210 12.708 15.662 16.744 16.111 16.983 17.750 19.859 20.605 21.585 22.619 23.562
14.655 13.104 11.359 10.013 9.203 7.947 8.960 10.025 10.035 8.474 7.722 8.643 8.836 7.380 7.299 5.705 5.503 4.838 4.384 3.488 2.705 2.259 1.638 0.914 0.517 0.000 0.578 0.851 1.178 1.240 1.410 2.173 2.817 3.840 4.100 5.335 7.014 9.271 10.755 13.434 14.594 17.033 18.113 16.129 16.139 14.110 11.487 9.667 8.516 7.965 8.942 9.410 12.078 12.687 14.007 12.575 11.306 13.186 12.548 11.408 12.180 12.695 15.401 16.676 15.921 16.672 17.408 19.376 19.993 20.973 22.102 22.701
14.101 12.494 10.776 9.459 8.768 7.856 8.873 10.223 10.056 8.495 7.563 8.717 8.939 7.431 7.591 5.848 5.325 5.096 4.369 3.300 2.909 2.043 1.633 1.352 0.889 0.533 0.000 0.546 1.031 1.570 1.417 1.904 2.736 3.494 4.364 5.241 6.619 9.049 10.568 13.160 14.475 16.900 18.015 15.862 15.801 13.866 11.099 9.449 8.219 7.510 8.322 8.775 11.437 12.065 13.721 11.712 10.849 12.817 12.307 10.858 11.853 12.384 15.130 16.476 15.695 16.547 17.211 18.943 19.696 20.953 22.002 22.554
14.238 12.839 10.867 9.631 8.840 7.801 9.060 9.992 10.331 8.501 7.633 9.049 9.174 7.606 7.724 5.756 5.573 5.177 4.874 3.754 3.226 2.789 1.909 1.532 1.465 1.002 0.543 0.000 0.602 1.013 1.303 1.462 1.868 2.738 3.466 4.332 6.071 8.543 10.203 12.863 13.925 16.763 17.583 15.524 15.615 13.758 11.025 9.003 8.329 7.445 8.665 8.868 11.462 12.195 13.309 12.259 10.878 12.749 12.364 10.940 11.853 12.321 15.224 16.446 15.908 16.415 17.162 19.230 19.842 21.078 22.266 23.040
14.441 13.133 10.954 9.692 8.978 8.136 9.224 9.951 10.470 8.881 7.959 8.987 9.168 7.954 7.775 6.422 6.189 5.524 5.311 4.263 3.588 2.805 2.355 1.669 1.372 1.283 0.918 0.526 0.000 0.602 0.898 1.295 1.479 2.256 3.144 4.180 6.129 8.402 10.282 13.111 14.488 16.857 17.989 15.977 15.959 13.905 11.218 9.322 8.549 7.679 8.621 9.023 11.627 12.190 13.457 12.103 10.868 12.768 12.362 11.133 12.160 12.707 15.381 16.711 15.850 16.837 17.423 19.340 20.089 21.188 22.252 23.104
13.958 12.482 10.649 9.408 8.878 7.982 9.149 10.457 10.621 9.164 8.385 9.704 9.825 8.626 8.869 7.504 7.184 6.920 6.324 4.936 4.588 3.684 2.883 2.150 1.716 1.354 1.315 0.778 0.529 0.000 0.592 1.083 1.656 1.849 2.684 4.032 6.177 8.399 10.123 12.777 14.180 16.465 17.611 15.706 15.687 13.709 10.934 8.966 7.904 7.092 8.000 8.600 11.071 11.762 13.107 12.127 10.932 12.698 12.361 11.178 11.900 12.514 15.383 16.562 15.873 16.457 17.203 19.023 19.537 20.690 21.847 22.477
14.021 12.599 10.868 9.505 9.059 8.276 9.472 10.954 11.177 9.415 8.673 10.038 10.375 8.981 9.532 7.553 7.667 7.164 6.334 4.774 4.437 4.139 3.284 2.506 2.511 1.681 1.360 1.060 0.962 0.575 0.000 0.642 1.156 1.882 2.537 3.645 5.792 8.374 10.216 12.926 14.527 16.762 17.990 16.148 15.706 13.715 11.569 9.136 8.282 7.244 8.176 8.525 10.959 11.652 12.773 11.734 10.820 12.658 12.359 10.905 11.896 12.627 15.437 16.668 15.991 16.505 17.259 18.896 19.667 20.956 22.103 22.826
15.054 13.552 11.812 10.442 9.961 8.869 10.386 11.758 12.406 10.644 9.747 11.616 11.985 10.545 11.076 9.464 9.588 8.965 8.041 6.517 6.195 5.563 4.479 3.517 3.639 2.946 2.004 1.706 1.743 1.381 0.565 0.000 0.702 1.559 2.373 3.485 5.845 8.391 10.573 13.370 14.861 17.110 18.396 16.656 16.251 14.071 12.081 9.443 8.916 7.733 8.930 9.136 11.666 12.192 13.197 12.360 10.895 12.754 12.662 11.685 12.746 13.296 16.119 17.482 16.984 17.419 18.192 19.957 20.680 21.884 23.025 23.641
14.375 13.076 11.094 9.928 9.358 8.679 10.107 11.553 12.044 10.468 10.123 11.529 11.815 10.743 11.299 10.033 10.133 9.484 8.995 7.618 7.083 6.531 5.478 4.058 4.423 3.341 2.577 1.942 1.973 1.761 1.084 0.583 0.000 0.685 1.502 3.080 5.293 8.024 10.145 12.810 14.357 16.663 17.661 15.791 15.760 13.622 11.424 8.971 8.259 7.388 8.466 8.770 11.533 12.364 13.488 12.520 11.354 13.123 13.069 11.975 12.863 13.286 16.171 17.273 16.493 17.085 17.625 19.484 19.859 21.136 22.340 22.814
15.163 13.189 11.710 10.685 10.272 9.879 11.251 12.841 13.115 11.917 11.381 12.369 13.006 11.817 12.071 11.235 11.566 10.319 9.714 8.546 7.749 7.571 5.959 5.029 5.211 4.254 3.116 2.834 2.274 2.099 1.763 1.140 0.658 0.000 0.684 2.125 4.546 7.368 9.811 12.695 14.502 16.781 18.163 16.592 16.349 14.641 12.260 9.741 8.526 7.522 8.362 9.061 11.758 12.060 13.595 12.610 11.844 13.732 13.680 12.585 13.606 14.352 16.689 18.216 17.512 17.529 18.083 19.522 20.126 21.461 22.503 22.945
15.052 13.614 12.122 10.827 10.821 10.603 12.347 13.958 14.649 13.429 13.224 14.591 15.119 14.090 15.044 13.959 14.761 13.899 12.790 11.522 10.723 10.407 8.913 8.213 7.864 6.501 5.415 5.275 4.418 3.198 2.494 2.383 1.767 0.898 0.000 1.399 3.548 5.989 8.316 10.853 13.200 15.903 17.275 16.168 15.747 14.124 11.889 9.586 8.670 7.661 8.542 9.402 11.896 12.986 14.139 13.074 12.638 14.566 14.354 13.085 14.179 14.344 16.786 17.873 17.244 17.311 17.814 19.535 20.130 21.486 22.672 23.335
17.534 16.213 14.446 13.872 13.754 15.109 16.953 18.761 20.247 18.875 19.503 22.090 22.389 21.428 22.877 22.203 22.880 22.709 22.275 20.509 19.734 19.697 17.765 16.183 15.836 15.241 11.927 10.871 10.889 9.317 6.125 5.936 5.869 3.642 1.216 0.000 1.644 4.554 7.207 9.432 11.675 14.375 16.880 16.135 16.813 15.228 13.066 10.943 9.778 9.094 9.745 10.847 14.080 15.079 16.385 15.485 15.835 18.281 18.677 17.746 18.780 18.205 20.423 21.483 20.526 20.370 20.382 21.859 22.239 23.739 24.458 24.928
16.899 16.114 14.218 12.925 12.383 12.648 14.038 16.495 17.488 16.645 17.419 19.651 20.421 20.198 21.850 21.510 22.683 22.538 22.509 21.149 19.949 20.204 19.093 16.861 16.108 15.679 14.075 11.571 11.083 9.750 8.013 5.962 6.149 5.543 3.297 1.139 0.000 1.408 3.353 4.726 6.151 8.440 9.955 9.602 11.021 10.797 9.590 8.810 8.241 9.084 9.943 12.360 15.162 16.981 18.165 17.484 17.159 19.122 18.943 17.395 17.831 17.193 19.248 19.754 18.529 18.641 18.503 20.267 20.993 22.670 23.731 24.265
17.841 16.488 14.510 13.438 12.244 13.675 14.321 17.070 18.158 17.397 18.686 20.697 21.226 20.866 22.643 22.216 23.779 23.417 23.856 22.555 21.496 22.098 21.400 18.673 17.996 18.401 16.486 13.995 13.230 12.695 10.796 7.851 7.843 7.751 5.364 3.496 1.104 0.001 1.198 2.598 3.886 5.401 7.883 7.924 9.671 9.407 9.149 8.752 8.226 9.451 10.619 12.554 15.462 17.362 18.879 18.362 18.281 20.387 20.395 18.440 18.794 17.770 19.454 20.072 18.574 18.654 18.418 19.944 20.471 22.240 23.207 23.745
16.719 15.568 13.561 12.198 11.405 12.380 13.527 16.326 17.178 16.028 17.615 19.504 20.235 20.027 21.958 21.909 23.389 23.435 23.773 22.100 21.100 21.818 21.186 17.939 17.181 17.890 16.016 12.955 12.918 12.691 10.070 8.005 8.570 7.888 5.924 4.478 2.629 0.935 0.000 0.929 2.093 3.326 4.915 5.496 7.606 8.281 7.886 8.044 7.478 8.999 9.966 11.665 14.658 15.643 17.281 16.747 16.238 18.586 18.402 16.641 17.176 16.036 18.027 18.496 17.293 17.423 17.602 19.287 20.130 21.473 22.914 23.437
16.793 15.396 13.534 12.129 11.353 12.334 13.266 15.373 16.574 15.805 17.323 19.346 19.943 19.770 21.517 21.802 23.026 23.046 23.447 22.051 20.588 21.175 20.861 17.664 16.866 17.748 16.223 13.497 13.372 13.498 11.434 9.272 10.295 9.822 7.296 5.932 4.111 2.414 0.890 0.000 0.883 2.154 3.959 4.583 6.442 7.318 7.332 7.800 7.594 9.004 10.209 12.051 14.628 15.754 17.178 16.896 16.556 18.380 18.374 16.673 16.930 15.866 17.775 18.473 16.987 17.095 17.291 19.046 19.805 21.290 22.473 23.268
16.963 15.564 13.655 12.593 11.437 12.618 13.186 15.777 16.603 16.065 17.242 19.384 19.862 19.587 21.751 21.503 23.519 23.534 23.855 21.927 20.831 21.518 21.218 18.250 17.767 18.523 17.018 13.854 14.099 14.411 11.850 10.015 11.174 10.939 8.608 7.294 5.176 3.531 2.038 0.884 0.000 1.075 2.707 3.792 6.057 6.617 7.028 7.649 7.954 9.227 10.643 12.548 14.750 15.770 17.394 17.081 16.500 18.465 18.312 16.474 16.815 15.936 17.596 18.151 17.162 17.299 17.649 19.222 20.125 21.643 22.920 23.536
17.256 15.857 14.274 12.679 12.088 12.961 13.654 16.151 16.801 16.560 17.953 20.061 20.556 20.605 22.226 22.356 23.859 23.635 24.320 22.529 21.294 22.027 21.822 19.010 18.282 19.347 17.834 14.974 15.521 15.790 13.888 12.248 13.201 12.901 10.886 9.741 8.072 6.494 3.922 2.989 0.935 0.001 1.033 2.837 5.409 6.596 7.050 8.650 8.618 10.352 11.580 12.943 15.215 16.625 17.881 17.910 17.446 19.360 19.364 17.838 17.824 16.611 18.283 18.736 17.334 17.503 17.593 19.546 20.240 21.810 22.947 23.793
19.762 17.920 16.262 13.656 12.644 12.437 12.593 14.725 15.571 15.364 16.315 18.757 19.435 19.212 21.235 21.368 22.820 22.663 23.307 22.025 20.229 21.204 21.376 19.036 17.667 19.592 18.784 15.760 16.263 17.748 16.153 14.178 15.669 16.399 14.486 13.184 10.699 9.241 6.650 4.560 3.021 1.204 0.001 1.071 2.885 4.661 5.934 7.769 9.343 12.072 14.493 15.894 18.043 19.298 20.551 20.145 19.222 20.402 20.115 18.163 18.031 16.985 18.913 19.085 17.906 18.010 18.438 20.123 21.068 22.543 23.636 24.373
20.506 18.897 16.825 14.932 13.257 13.465 13.153 15.232 16.127 16.007 17.098 19.327 19.924 20.204 22.088 22.093 23.594 23.208 23.824 22.277 20.572 21.215 21.393 18.914 17.942 19.463 18.632 16.028 16.606 17.786 16.802 14.716 16.795 17.604 16.054 14.753 13.037 10.978 9.032 6.663 4.690 2.370 0.970 0.001 1.465 3.170 5.365 7.993 10.049 13.086 15.660 17.211 19.219 19.883 21.134 20.549 19.549 20.960 20.552 18.471 18.458 17.460 19.091 19.102 17.890 18.610 18.665 20.335 21.394 22.783 23.688 24.259
21.303 19.671 17.311 15.283 13.352 13.076 12.792 14.495 16.064 16.806 17.623 19.917 20.992 21.113 23.347 23.196 24.648 24.618 24.825 23.245 21.752 22.539 22.251 19.927 18.308 20.369 19.254 16.235 16.359 18.475 17.002 14.638 16.987 17.600 15.840 14.797 13.042 10.823 9.683 7.680 5.936 5.554 3.578 1.258 0.000 1.823 4.233 6.330 9.573 11.810 14.860 16.924 19.510 20.688 21.793 21.251 20.523 21.937 21.635 19.755 19.671 18.480 19.854 19.885 18.319 18.839 19.152 20.814 21.742 23.283 24.195 24.632
18.033 15.993 13.631 10.737 9.737 8.562 10.536 12.777 14.732 13.881 14.737 18.055 18.457 18.527 20.578 20.413 22.206 22.046 22.213 19.764 18.470 19.361 18.490 15.231 15.202 16.944 14.908 12.090 13.946 15.478 13.468 12.220 15.452 16.241 14.159 13.852 12.380 10.750 10.181 8.834 7.869 8.302 6.513 4.079 1.668 0.000 1.661 3.949 6.114 7.380 10.424 9.959 13.237 13.574 14.904 14.051 13.296 15.193 15.321 14.026 14.960 14.591 17.276 17.778 16.814 17.093 18.269 20.638 21.914 23.525 24.566 25.200
14.484 13.099 10.718 9.678 8.885 9.004 10.876 13.032 14.209 13.192 14.310 17.198 17.710 17.825 20.031 19.722 21.546 21.230 21.299 19.617 18.195 18.872 18.133 14.918 15.101 16.116 14.054 11.133 12.837 13.600 10.918 10.012 12.226 12.321 10.319 10.398 9.296 8.590 8.319 8.309 7.775 8.699 7.383 5.293 3.335 1.125 0.001 0.969 2.288 3.227 4.864 6.302 8.935 10.587 12.350 11.674 11.748 14.435 14.679 13.150 14.035 13.325 16.497 16.882 15.779 16.069 16.726 19.147 20.148 21.799 22.940 23.470
13.589 11.939 9.961 8.902 8.638 9.162 10.778 13.263 14.315 13.079 14.514 16.847 17.400 17.403 19.313 19.163 20.619 20.419 20.767 18.935 17.809 18.601 17.821 15.281 14.943 16.027 14.448 11.129 13.150 13.890 10.952 9.966 12.324 12.175 9.777 10.526 9.340 8.835 8.335 9.111 8.687 10.037 9.190 6.648 4.724 2.490 0.882 0.001 0.906 1.775 2.775 4.095 6.038 7.157 9.922 9.919 10.420 12.970 13.518 12.321 13.434 13.097 15.722 16.569 16.017 16.048 16.785 19.250 20.313 21.605 22.940 23.723
13.112 11.407 9.621 9.444 8.971 9.277 11.133 13.277 14.607 13.881 14.758 17.378 18.288 17.861 19.741 19.591 20.906 20.686 20.914 19.182 17.740 18.438 17.589 14.807 14.983 15.429 13.802 10.984 12.790 13.111 10.499 9.358 11.597 11.233 9.110 9.451 8.674 8.254 8.048 8.631 8.805 10.509 9.841 7.060 5.426 3.483 2.021 0.734 0.000 0.773 1.553 2.443 4.377 6.062 7.837 8.326 9.572 12.245 13.127 12.025 13.563 13.093 15.971 16.851 16.173 15.831 16.431 18.855 19.919 21.153 22.432 22.995
12.755 10.915 9.470 9.002 8.706 8.962 10.588 12.576 14.002 12.769 13.681 16.157 17.062 16.376 18.204 18.027 19.383 19.371 19.226 17.515 16.545 17.034 16.135 14.254 13.877 14.288 12.810 10.204 12.021 12.286 9.879 9.424 11.371 11.289 8.984 9.733 8.798 8.463 8.239 9.114 8.903 10.891 10.292 7.589 5.967 4.274 2.891 1.579 0.777 0.000 0.879 1.846 3.266 4.980 6.872 7.549 8.705 11.070 12.087 11.235 12.931 12.725 15.435 16.405 16.159 15.709 16.598 18.680 19.581 20.919 22.372 23.166
12.182 11.377 9.369 9.096 9.795 9.489 11.319 13.248 15.080 13.800 14.333 17.069 17.879 17.212 19.324 18.593 20.370 20.223 20.161 18.142 17.194 17.640 16.650 14.224 14.110 14.663 12.963 10.377 12.227 12.529 9.981 9.455 11.582 11.482 9.354 9.621 8.915 8.996 8.660 10.259 10.019 12.220 12.399 9.614 8.125 6.279 4.182 2.840 1.833 0.767 0.000 0.886 2.077 3.971 5.689 6.333 8.398 10.785 11.848 11.835 13.339 13.436 15.599 16.771 16.315 16.139 16.751 18.622 19.541 20.606 21.870 22.516
12.221 11.165 9.363 9.076 9.451 9.436 11.580 13.782 15.226 13.930 14.479 17.154 17.692 16.916 18.678 18.437 19.747 19.982 19.550 17.666 16.999 17.711 16.578 14.073 14.321 14.932 12.977 10.706 12.565 12.819 10.130 9.830 11.839 11.606 9.491 10.049 9.136 8.721 8.511 9.670 10.347 12.185 12.342 10.406 9.203 7.426 5.771 4.220 2.928 2.036 0.797 0.000 0.764 1.914 3.546 4.868 6.963 9.343 10.513 10.483 12.386 12.653 15.243 16.081 15.884 15.563 16.683 17.870 18.777 19.897 21.190 22.135
12.996 11.217 10.146 9.392 9.684 9.755 11.378 13.678 14.654 13.188 14.035 16.758 17.207 16.527 18.416 17.868 19.697 19.844 19.653 17.307 16.806 17.677 16.334 13.640 14.556 14.738 12.678 10.441 12.316 12.683 10.124 9.845 11.983 11.666 9.473 10.390 9.929 9.877 9.767 11.428 11.987 13.916 14.577 12.409 11.538 9.973 7.744 6.024 4.364 2.971 1.738 0.653 0.000 0.806 2.009 3.703 4.760 6.464 8.133 9.016 10.824 11.809 14.530 15.577 15.233 15.592 16.143 17.884 18.796 20.200 21.357 22.068
13.724 12.573 10.849 10.993 12.059 11.974 13.804 15.417 16.514 14.870 15.262 17.637 18.239 17.022 18.979 18.306 20.032 19.804 19.451 17.739 16.870 17.777 16.843 14.226 14.998 15.493 13.859 12.095 13.651 14.009 11.576 11.253 13.548 13.012 10.863 11.449 11.236 11.489 12.270 13.781 14.780 17.079 18.238 16.032 15.132 13.440 11.572 9.364 7.544 5.466 3.690 1.960 0.751 0.000 1.181 2.716 4.476 6.115 8.353 9.414 11.762 13.253 15.921 17.369 16.863 16.532 17.737 19.275 19.667 20.765 21.983 22.384
13.729 12.402 11.186 10.970 11.990 12.131 14.206 15.786 16.864 15.594 15.627 18.108 18.681 17.446 19.296 18.434 20.037 20.054 19.561 17.630 17.328 17.960 16.961 14.491 15.485 16.200 14.204 13.266 14.872 14.990 13.185 13.330 15.096 14.687 13.374 13.897 13.799 14.424 14.805 16.540 17.018 19.038 19.841 18.344 17.851 16.127 14.896 13.076 10.497 8.447 6.108 4.797 2.610 0.734 0.000 1.101 3.121 5.482 7.422 8.500 11.133 12.648 15.380 16.584 16.619 16.606 17.625 19.123 19.796 20.892 22.017 22.670
14.378 13.735 12.929 12.315 13.633 12.793 14.576 15.933 16.572 14.470 14.497 17.014 17.331 16.045 17.827 17.433 19.143 18.955 18.731 16.865 16.472 17.190 16.525 13.763 15.247 16.178 14.125 13.414 15.827 16.373 14.252 15.215 16.826 16.460 15.321 16.315 16.120 17.144 17.479 19.139 19.163 20.938 21.565 19.935 19.589 18.492 17.118 14.857 12.896 10.524 8.778 5.883 4.281 2.471 0.867 0.000 1.537 4.298 6.410 7.334 9.642 11.261 14.231 15.953 16.575 17.286 18.604 20.027 20.858 21.919 22.879 23.508
16.097 15.101 14.095 12.692 13.925 12.935 15.285 16.732 17.283 14.465 14.896 17.587 17.273 16.099 18.261 17.656 19.770 19.892 20.240 17.662 17.422 18.602 17.692 14.473 16.196 17.297 15.257 13.844 16.493 16.901 14.555 15.534 17.417 17.180 16.228 17.590 17.282 18.537 19.110 21.254 21.059 22.807 23.397 22.105 21.640 20.790 18.354 16.174 13.978 11.939 10.613 7.316 5.866 5.770 3.438 1.211 0.000 1.456 3.757 5.454 7.251 9.609 11.780 13.638 15.340 16.232 18.249 20.157 21.363 22.453 23.448 24.116
16.544 15.287 14.250 12.741 13.504 12.418 14.891 16.397 16.824 14.212 14.733 17.448 17.280 15.901 18.027 17.434 19.606 19.723 19.970 17.270 16.839 18.204 17.332 14.036 15.618 16.873 15.008 13.591 16.026 16.441 14.542 15.242 17.683 16.988 16.128 17.456 17.548 18.336 18.370 20.852 20.590 22.668 23.374 21.665 21.435 19.971 17.402 15.888 13.654 11.602 10.727 7.843 7.385 6.685 5.433 3.227 1.024 0.000 1.443 3.596 5.680 7.318 9.330 11.426 12.971 14.505 16.291 18.430 19.887 21.017 22.505 23.388
18.300 17.042 15.681 13.542 14.096 12.742 14.903 16.548 16.448 13.649 14.355 16.885 16.762 15.617 18.045 17.560 19.922 20.121 20.373 17.860 17.471 18.801 18.103 14.556 16.624 18.133 16.471 14.821 17.879 18.537 16.666 17.527 20.082 19.591 18.670 20.011 19.885 20.345 20.105 21.831 21.122 22.990 23.364 21.717 21.780 20.452 18.174 16.905 15.122 13.411 13.137 10.077 9.892 8.152 6.130 4.921 2.685 1.098 0.000 1.519 3.757 5.886 7.448 9.304 10.900 12.734 15.362 17.758 19.558 20.852 22.599 23.457
19.720 17.960 16.426 13.468 14.215 12.902 15.212 17.230 17.036 14.119 15.089 18.058 17.405 16.239 18.978 18.603 21.074 21.640 22.046 19.034 18.857 20.539 19.513 16.271 18.445 20.114 17.993 16.496 19.959 20.832 18.552 19.700 22.231 21.883 20.670 21.738 21.581 21.573 20.866 22.189 21.022 22.747 22.944 21.448 22.128 21.124 18.488 17.916 16.072 14.972 15.552 12.721 13.573 11.458 9.688 8.450 5.585 3.470 1.195 0.001 1.592 4.063 6.146 7.741 9.201 11.337 14.088 16.842 19.247 20.512 22.407 23.440
19.463 17.385 15.943 13.023 13.512 12.503 14.792 16.886 16.771 13.563 14.778 17.500 17.005 15.920 18.727 18.241 20.620 21.002 21.318 18.508 18.222 19.899 19.078 15.789 17.788 19.423 17.436 15.612 19.327 20.446 18.062 19.043 22.283 22.006 20.696 21.839 21.483 21.224 20.391 21.765 20.596 22.706 23.234 21.343 22.206 20.867 18.035 17.200 15.123 14.386 14.872 13.029 14.013 12.092 11.662 9.534 6.862 5.879 3.951 1.413 0.001 1.606 4.162 6.018 7.152 9.181 11.529 13.860 15.903 17.340 19.755 21.059
19.130 17.410 15.631 12.951 13.365 12.762 15.002 17.169 17.036 13.911 15.006 17.832 17.082 15.916 18.518 17.931 20.484 20.902 21.267 18.298 17.840 19.842 18.738 15.745 17.565 19.412 17.590 16.117 19.414 20.366 18.439 19.336 22.059 21.884 20.736 21.662 21.140 20.900 20.213 21.587 20.256 22.812 23.161 21.277 22.122 20.768 17.736 16.776 15.105 14.465 15.246 14.024 15.460 13.421 13.443 11.719 8.439 7.434 5.473 3.496 1.358 0.000 1.783 4.538 6.423 7.394 10.433 12.247 14.401 15.638 18.344 19.518
19.420 17.560 15.853 12.749 13.302 12.427 14.766 16.637 16.977 14.177 15.079 17.862 17.941 16.492 19.378 18.619 21.236 21.347 21.487 18.752 18.180 20.004 18.953 15.726 17.306 19.045 17.237 15.542 18.781 19.896 17.940 18.613 21.635 21.345 20.316 21.095 20.875 20.574 20.302 21.623 20.546 22.761 23.349 21.458 22.215 20.669 17.844 16.583 14.933 14.502 15.299 13.990 15.560 14.084 14.517 12.481 9.461 9.089 7.604 5.492 4.066 1.300 0.001 1.799 4.666 6.708 9.408 11.996 13.541 15.520 18.256 19.564
19.972 17.644 16.190 13.330 13.438 13.146 15.069 17.167 17.467 14.779 16.505 18.836 18.192 17.456 20.109 19.645 22.225 22.604 23.040 20.505 19.928 21.773 21.122 18.115 19.224 21.143 19.415 17.477 20.247 21.393 19.318 19.295 22.290 22.045 20.628 21.220 20.676 20.312 19.164 20.380 19.223 21.540 22.546 20.560 21.440 19.668 17.089 16.553 14.799 15.408 15.838 15.661 17.250 16.018 16.936 15.776 13.114 12.580 10.397 7.945 6.373 3.887 1.166 0.000 1.342 3.920 6.258 8.201 10.449 12.395 15.493 16.762
20.236 18.408 16.557 13.642 13.522 13.673 15.121 17.123 17.515 14.723 16.557 19.006 18.042 17.656 20.482 20.337 22.784 22.994 23.519 21.659 20.615 22.308 21.931 18.931 19.854 21.593 20.114 18.033 20.393 21.686 19.774 19.564 22.386 22.316 20.979 21.315 20.628 19.981 18.957 20.070 18.802 21.362 22.207 19.822 21.058 19.485 16.514 16.246 14.772 15.302 16.150 16.562 18.184 17.588 18.763 17.484 15.251 14.818 12.480 9.644 7.727 5.646 3.100 1.122 0.003 1.693 3.908 5.865 7.604 9.462 12.048 13.110
21.137 19.163 16.948 14.401 13.770 14.094 15.507 17.401 17.531 15.342 17.012 19.150 18.488 18.116 20.565 20.934 23.394 23.534 24.249 22.543 21.469 23.318 23.161 20.246 20.756 22.894 21.815 19.861 21.618 23.161 21.454 20.713 23.298 23.394 21.679 21.952 21.217 20.090 19.270 20.097 19.280 21.612 22.192 20.505 21.269 19.674 17.268 16.547 15.253 16.484 17.146 18.251 20.324 19.498 21.745 20.073 18.144 18.012 15.820 12.589 9.667 7.870 6.171 3.567 1.193 0.002 1.547 3.772 6.220 8.156 10.337 11.488
20.918 19.052 16.775 14.038 13.706 14.159 15.540 17.241 17.619 15.700 17.076 19.594 19.020 18.442 21.401 21.430 24.067 23.715 24.636 22.824 21.365 23.160 23.259 20.167 20.395 22.573 21.342 18.834 20.971 22.748 20.652 20.065 23.007 23.089 21.409 21.802 21.246 20.348 19.420 20.435 19.351 21.755 22.796 20.323 21.601 20.130 17.386 16.703 15.358 16.137 17.243 17.894 19.676 19.593 21.308 19.801 17.727 18.034 15.854 12.554 10.326 8.048 6.707 6.059 3.658 1.299 0.001 1.849 4.445 6.795 8.657 9.961
21.273 19.032 17.017 14.894 14.450 14.828 15.967 17.930 18.230 16.257 18.126 20.301 19.940 19.751 22.263 22.331 24.397 24.221 24.964 23.406 22.068 23.612 23.708 20.981 21.174 22.998 22.140 20.178 21.834 23.367 21.656 21.135 23.533 23.486 21.998 22.116 21.509 20.659 19.622 20.433 19.644 22.292 23.008 21.074 21.528 19.936 17.552 17.026 15.889 16.691 17.825 18.524 20.392 20.259 22.227 21.294 19.442 19.708 18.079 15.117 13.318 10.276 9.215 8.463 5.692 4.520 1.709 0.002 1.781 4.854 6.869 8.250
22.313 20.135 18.149 17.029 16.787 18.099 19.176 21.230 21.245 19.772 21.934 23.383 22.903 23.151 24.772 25.089 26.763 26.685 27.300 26.022 25.257 26.416 26.384 24.499 24.570 25.809 25.009 23.832 24.669 25.754 24.351 23.697 25.504 25.430 23.928 23.942 23.103 22.393 20.541 21.859 20.439 22.680 23.408 21.856 22.848 21.707 19.638 19.846 18.445 19.616 20.072 21.046 22.763 22.215 24.247 23.825 22.526 22.717 21.352 19.084 17.176 14.297 12.693 11.803 8.851 6.651 4.061 1.532 0.002 1.871 4.460 6.842
22.261 20.303 18.493 17.527 17.841 19.170 20.248 22.154 22.595 21.295 23.077 24.417 24.116 24.164 25.678 25.773 27.154 27.053 27.557 26.419 25.760 26.719 26.620 24.945 24.844 25.980 25.230 24.051 24.769 25.711 24.402 23.896 25.378 25.255 23.954 23.892 23.165 22.538 20.870 22.071 20.992 23.228 23.899 22.614 23.471 22.368 20.360 20.222 18.867 19.878 20.259 20.883 22.538 22.241 24.335 24.055 22.917 23.177 22.191 19.919 18.563 15.777 14.423 14.175 10.796 8.200 6.504 4.346 1.459 0.003 1.744 4.675
22.034 20.186 18.845 18.021 19.044 20.310 21.552 23.240 23.363 22.182 23.886 25.146 24.527 24.544 26.052 26.102 27.454 27.426 27.752 26.553 26.157 27.227 26.867 25.174 25.648 26.559 25.446 24.474 25.482 26.040 24.649 24.292 25.780 25.398 23.934 24.179 23.498 23.244 21.850 23.026 22.085 24.031 24.658 23.535 24.492 23.363 21.640 21.379 19.831 20.720 20.486 21.411 22.285 21.895 23.991 23.820 22.810 22.977 22.171 19.944 18.917 16.451 14.984 14.700 12.395 8.913 8.271 6.188 4.314 1.551 0.002 1.590
22.934 21.358 20.553 20.160 21.085 22.493 23.803 25.132 25.156 24.466 25.832 26.457 26.039 26.058 27.086 27.345 28.254 28.193 28.486 27.823 27.465 28.086 27.998 26.814 26.999 27.645 26.962 26.144 26.705 27.146 25.906 25.657 26.592 26.240 25.007 25.146 24.408 24.552 23.031 24.127 23.247 24.400 25.190 24.560 25.642 24.968 23.778 23.171 21.998 22.569 22.185 23.152 24.022 23.482 25.307 25.311 24.714 24.614 24.358 22.586 21.644 19.554 18.168 17.902 16.083 12.389 11.032 8.288 6.520 3.871 1.536 0.004
