0.007 2.049 4.992 6.384 7.210 8.911 11.223 13.529 14.264 14.860 16.808 18.999 19.239 20.985 21.229 19.649 21.995 23.370 22.559 22.864 24.732 25.085 25.702 26.106 26.731 26.085 26.894 26.963 26.101 25.998 26.869 26.140 25.794 26.022 26.701 25.972 25.737 26.586 26.943 26.380 26.754 26.725 26.859 26.991 26.342 26.216 25.773 24.574 24.490 24.760 23.848 23.231 24.510 24.138 22.758 23.261 24.226 23.589 22.222 23.317 24.263 25.309
1.369 0.003 2.219 5.180 6.363 7.301 7.954 11.069 12.141 11.751 13.259 14.840 14.840 16.636 16.435 14.975 17.378 18.855 18.073 18.755 21.059 21.938 23.211 23.867 25.030 24.633 25.430 25.256 23.603 24.129 25.197 23.561 23.032 24.018 24.961 23.274 23.183 24.952 25.471 24.394 25.514 25.889 26.038 26.293 25.496 25.835 25.280 23.776 23.329 23.654 22.411 20.890 21.792 22.084 20.720 19.832 21.710 21.480 20.207 20.547 22.268 23.554
4.218 1.175 0.003 1.857 4.546 6.109 5.967 7.641 9.746 9.637 10.809 12.710 12.955 15.494 15.656 14.265 16.283 17.927 17.627 18.475 20.700 21.109 22.197 23.045 24.379 23.034 24.628 23.965 21.941 22.452 23.642 22.273 21.374 22.067 23.260 22.137 21.640 23.014 24.016 23.322 24.423 24.536 24.839 25.268 24.260 24.188 23.642 22.502 21.456 21.781 20.573 19.261 20.010 20.042 19.174 18.064 20.214 20.106 19.295 19.623 21.106 22.318
6.013 4.173 1.001 0.001 1.907 4.562 5.650 6.072 7.859 8.808 10.410 12.398 12.335 16.089 15.937 14.758 17.731 18.901 18.529 19.188 22.171 22.419 23.749 24.291 25.443 24.594 25.743 25.585 23.796 24.260 25.315 23.705 22.823 23.757 24.969 23.353 22.675 24.655 25.343 23.982 25.151 25.262 25.173 25.606 24.373 24.420 23.870 22.260 21.858 22.184 20.775 19.204 20.553 20.857 19.145 18.567 20.760 20.832 19.477 20.406 22.259 23.165
7.069 5.654 4.037 0.863 0.003 1.948 4.248 5.262 6.603 6.625 8.994 10.919 10.969 13.966 14.035 13.057 15.526 17.744 17.305 18.267 20.714 21.368 22.995 23.568 24.915 24.247 25.432 24.980 22.926 23.385 24.483 22.611 21.366 22.471 23.700 22.011 21.276 23.645 24.208 22.823 24.023 24.384 24.467 24.631 23.816 23.890 23.198 21.812 20.737 21.151 20.060 18.462 18.850 19.706 18.265 17.426 19.331 19.647 18.436 19.195 21.373 22.370
8.486 6.274 6.466 4.104 1.046 0.006 1.958 4.094 5.482 5.562 7.306 9.897 10.144 13.746 13.581 12.693 15.309 17.788 17.105 18.585 20.531 21.257 23.186 23.430 24.920 23.994 25.024 24.256 22.231 22.755 23.730 22.017 20.904 21.862 22.960 21.282 20.803 22.577 23.357 22.220 23.469 23.872 23.964 24.367 23.497 23.570 23.202 21.466 20.344 20.981 19.381 18.353 18.827 19.176 18.032 17.417 18.874 19.299 18.843 19.590 21.094 22.210
11.675 8.084 7.283 6.543 4.222 0.942 0.005 1.932 4.781 6.094 5.750 7.864 9.772 13.600 13.580 12.204 15.340 17.638 17.546 18.934 21.581 22.504 24.036 24.243 25.272 24.937 25.617 25.268 23.386 24.097 24.884 23.011 22.231 23.210 24.070 22.458 22.353 23.969 24.661 23.719 24.625 24.944 24.938 25.320 24.307 24.140 23.594 21.990 20.737 21.784 20.444 18.570 19.653 20.195 18.311 18.035 20.063 20.464 19.163 20.159 22.072 22.996
12.692 10.548 7.959 6.553 6.086 3.614 0.861 0.000 1.154 2.832 4.370 5.418 6.453 9.623 10.642 9.726 12.342 14.831 14.853 16.433 18.285 18.909 20.778 21.123 22.722 22.351 23.634 22.702 20.398 21.564 22.687 20.458 19.302 21.194 22.246 20.235 19.947 22.263 22.780 21.617 22.824 23.527 23.486 23.972 22.878 23.025 22.452 21.411 19.806 20.244 19.499 17.593 17.711 18.798 17.466 16.254 18.310 18.994 18.035 18.284 20.649 21.403
14.878 12.379 10.444 7.724 6.596 5.546 2.831 0.839 0.006 1.302 3.253 4.827 5.384 8.056 8.724 8.247 10.683 13.012 13.225 14.845 16.677 17.552 19.267 19.976 21.739 21.655 22.989 22.007 19.496 20.974 21.994 19.470 18.623 20.579 21.634 19.517 19.451 21.921 22.416 21.082 22.466 23.362 23.225 23.735 23.177 23.526 23.008 21.749 20.027 20.598 19.606 17.593 17.829 18.792 17.822 16.098 18.179 18.913 17.623 17.601 19.848 21.045
16.222 13.850 11.833 10.355 7.680 6.336 4.884 2.936 1.195 0.001 1.520 3.229 4.803 7.169 7.852 7.042 8.883 11.207 11.885 13.081 14.850 16.330 18.104 18.823 20.739 20.642 22.199 21.292 18.907 20.190 21.378 18.841 17.980 19.752 21.015 18.886 18.790 21.251 21.835 20.438 22.211 22.932 23.024 23.932 22.733 23.103 22.635 21.082 19.660 20.164 19.209 17.195 17.424 18.304 17.234 15.958 17.747 18.343 17.500 17.391 19.377 20.247
16.844 14.505 12.850 11.531 9.927 7.423 5.902 5.092 3.365 0.950 0.000 1.435 2.698 4.142 6.569 6.178 7.756 10.107 11.330 12.849 14.526 15.577 17.827 18.220 19.786 20.054 21.516 20.688 18.084 19.746 21.022 18.870 17.705 20.000 21.099 19.018 18.937 21.573 22.140 20.612 22.446 23.325 23.230 23.944 22.672 23.021 22.685 21.235 19.615 20.263 19.496 17.391 17.567 18.634 17.525 16.134 17.649 18.792 17.351 17.163 19.511 20.105
17.950 16.089 14.098 11.872 10.510 8.608 6.561 5.473 4.676 2.563 0.955 0.001 1.215 2.475 4.213 4.921 6.731 8.310 9.642 11.428 12.789 13.781 15.843 16.347 18.089 18.321 20.120 19.173 16.328 18.192 19.507 16.843 15.895 18.630 19.754 17.488 17.468 20.287 20.751 19.782 21.473 22.044 22.401 23.139 22.189 22.619 22.424 21.257 19.418 19.849 19.117 16.918 16.774 18.047 17.238 14.983 17.249 18.182 16.881 16.275 18.797 19.673
18.921 17.509 15.528 13.951 12.456 10.098 8.434 6.771 5.594 4.284 2.588 0.862 0.002 0.862 2.099 3.740 4.552 5.463 7.126 8.938 9.847 10.498 13.043 13.621 15.800 16.153 17.857 17.046 14.554 16.389 17.729 15.644 15.136 17.546 18.761 17.013 17.202 19.674 20.327 19.607 21.571 22.390 22.696 23.588 22.922 23.344 23.111 21.423 19.660 20.018 19.570 17.222 16.918 17.926 17.394 15.240 16.688 17.866 16.731 15.621 18.121 18.867
20.380 18.799 16.463 15.023 13.275 10.390 9.181 7.641 6.240 4.852 4.250 2.099 0.751 0.000 0.985 2.108 3.808 3.911 4.722 6.840 7.867 8.534 10.464 11.937 14.507 14.508 16.363 16.047 13.488 15.514 17.080 14.919 14.498 16.842 18.212 16.197 16.641 18.914 19.620 18.944 20.923 21.537 22.090 22.751 22.106 22.745 22.263 21.299 19.380 19.919 19.319 16.833 16.647 17.798 17.093 14.538 16.115 17.375 16.166 15.195 17.442 18.116
20.538 19.015 16.971 15.419 14.623 12.000 10.278 9.483 8.401 6.093 5.586 3.584 1.935 0.745 0.000 0.988 2.202 3.429 3.461 4.944 6.853 7.600 9.398 10.699 13.872 14.218 16.503 15.887 13.300 15.397 16.633 14.956 13.967 16.560 17.704 16.518 16.721 18.923 19.662 19.045 20.882 21.736 22.076 23.157 22.102 22.656 22.153 20.987 18.898 19.427 18.602 16.679 16.003 17.025 16.216 14.316 15.239 16.137 15.666 14.939 16.923 17.835
20.425 18.901 17.083 15.596 14.701 12.683 10.844 10.157 9.051 7.040 5.890 5.167 3.460 2.285 0.679 0.001 1.029 2.020 3.207 3.577 4.787 6.051 8.166 9.942 12.626 13.959 16.145 15.575 13.025 15.239 16.567 14.640 14.124 16.718 17.929 16.145 16.500 18.998 19.774 18.816 20.742 21.663 21.924 23.020 22.269 22.625 22.554 21.249 19.337 19.793 19.176 16.799 16.544 17.355 16.719 14.436 15.834 16.922 15.782 14.798 17.163 17.897
20.929 19.654 17.335 16.164 15.413 12.863 10.953 10.237 9.416 7.577 6.528 5.547 3.891 3.142 1.822 0.635 0.002 0.938 1.947 3.519 4.008 4.637 7.281 8.886 11.719 13.129 14.994 14.699 12.450 14.450 15.951 14.057 13.458 16.223 17.635 15.867 16.309 18.707 19.472 18.564 20.565 21.428 21.842 22.750 22.078 22.568 22.350 21.202 19.050 19.532 19.031 16.498 16.164 17.513 16.815 14.128 15.590 17.272 16.001 14.772 17.018 17.513
21.950 20.225 18.296 17.120 16.462 14.282 12.612 11.440 10.417 8.720 7.827 6.178 4.504 3.469 3.160 2.181 0.689 0.001 1.082 2.321 3.519 4.027 6.326 8.264 10.981 11.985 14.414 14.306 12.060 14.154 15.685 14.182 13.391 16.108 17.739 16.049 16.302 18.743 19.790 18.937 21.002 21.869 22.238 23.449 22.524 22.983 22.689 21.450 19.192 19.966 19.232 16.954 16.426 17.625 16.776 14.484 15.875 16.956 15.915 15.082 16.897 17.815
21.658 20.156 18.228 17.339 17.145 15.354 13.880 13.234 12.365 9.678 9.520 8.721 5.941 4.261 3.658 3.498 2.423 0.641 0.001 1.198 2.532 3.987 5.314 7.755 10.619 11.845 15.024 14.600 12.143 14.505 16.272 14.424 13.506 16.582 17.832 16.329 16.336 18.858 19.656 18.889 20.926 21.678 22.237 23.233 22.363 22.959 22.650 21.342 19.284 20.002 19.330 16.844 16.442 17.864 16.927 14.594 16.186 17.457 15.907 14.972 17.298 17.815
22.057 20.500 18.794 17.806 17.825 15.678 14.564 14.409 13.509 11.479 11.002 10.259 8.375 7.516 4.585 4.576 4.101 2.576 0.675 0.001 0.984 2.385 4.454 7.048 9.298 11.164 13.433 13.593 11.567 13.760 15.303 14.130 13.423 16.041 17.624 16.269 16.315 19.106 19.988 18.996 21.022 22.072 22.201 23.268 22.243 22.875 22.616 21.517 19.387 19.829 19.200 16.985 16.413 17.562 17.029 14.783 15.612 17.301 15.859 15.135 17.006 17.566
21.841 20.977 18.992 17.900 17.894 15.987 14.717 14.468 13.908 11.827 10.875 10.416 8.693 7.586 6.492 4.365 4.232 3.401 2.086 0.916 0.002 1.296 3.354 5.994 7.962 9.953 12.607 12.405 11.144 13.721 15.511 14.367 14.409 17.124 18.745 17.377 17.798 20.321 21.054 20.278 22.065 23.066 23.068 24.449 23.472 24.087 23.883 22.357 20.629 21.299 20.253 17.950 17.737 18.797 18.045 15.486 16.984 18.179 16.607 15.643 17.746 18.341
24.219 23.272 20.970 20.596 20.322 18.510 16.876 16.628 16.294 14.240 12.847 12.442 11.466 10.660 9.808 8.052 6.484 5.736 5.082 3.240 1.115 0.001 1.812 4.739 6.701 8.762 11.078 11.610 11.367 13.968 16.727 15.519 15.715 19.067 20.656 19.447 20.225 22.035 22.904 22.430 23.914 24.605 24.690 25.637 24.994 25.278 25.128 24.248 22.749 23.118 22.607 20.334 20.132 21.063 20.167 17.773 19.457 19.917 18.385 16.757 18.543 19.030
26.417 25.784 23.968 23.865 23.970 21.885 20.408 20.951 20.669 18.244 17.527 17.276 15.283 13.320 11.719 11.145 9.214 6.884 6.672 6.544 4.239 1.633 0.006 1.617 3.935 6.656 8.430 9.116 9.379 11.893 13.720 13.937 14.735 17.728 19.302 19.077 20.271 22.253 22.976 23.190 24.454 25.261 25.564 26.221 25.778 26.074 26.200 25.499 23.990 24.193 24.071 22.165 21.354 22.435 21.906 19.236 20.151 20.881 19.550 17.456 18.431 18.348
25.484 25.111 23.491 23.242 23.464 22.204 20.673 21.334 21.434 19.522 18.403 18.794 18.063 16.767 15.048 13.860 11.949 9.991 8.585 7.618 5.828 4.047 1.411 0.002 1.876 4.181 5.373 7.167 7.981 9.944 12.308 13.011 13.794 16.357 18.519 18.674 19.795 21.431 22.468 22.553 24.069 24.781 25.214 26.269 25.699 26.433 26.132 25.311 24.141 24.330 24.072 22.331 21.656 22.258 21.572 19.299 19.776 20.128 18.945 16.999 17.730 17.545
24.941 24.316 22.638 22.646 23.170 21.427 20.948 21.812 21.511 19.351 19.168 19.385 17.932 16.744 14.504 14.189 12.773 10.239 9.455 9.238 7.512 5.773 3.895 1.403 0.002 1.478 2.989 4.963 5.189 6.029 8.162 10.174 10.030 11.989 13.943 14.456 15.181 16.822 18.169 18.387 20.617 21.626 22.371 23.639 23.153 24.181 23.955 23.443 21.424 21.545 21.141 19.218 17.857 18.745 18.372 15.763 15.750 17.311 16.347 14.306 15.351 14.907
24.771 24.588 22.967 23.016 23.676 22.177 21.384 22.404 22.443 20.548 20.236 20.619 19.508 18.195 16.109 16.015 15.114 12.517 10.750 10.882 9.181 7.413 5.420 3.368 1.042 0.002 1.138 3.406 4.182 4.069 5.768 7.724 8.913 9.877 11.497 12.369 13.746 15.030 16.382 17.246 18.586 19.994 20.718 22.639 21.780 23.378 23.232 22.467 20.494 20.512 20.515 18.877 17.334 18.315 18.299 15.889 15.414 16.973 16.326 14.235 14.704 14.541
24.784 24.396 22.616 22.710 23.169 21.168 20.643 21.709 21.318 19.087 19.507 19.635 17.504 16.628 14.288 14.717 14.091 11.858 10.646 11.408 10.385 8.390 6.661 5.402 2.990 0.756 0.002 1.171 2.593 3.556 3.964 4.873 6.541 8.469 8.637 9.292 10.589 12.000 13.085 13.165 15.904 17.104 18.566 19.824 19.770 21.549 21.534 21.215 18.619 18.711 18.913 16.614 14.969 16.746 16.777 13.864 14.011 16.346 15.453 13.188 14.746 14.078
24.837 24.240 22.439 22.541 22.638 20.842 20.287 21.071 20.629 18.904 19.008 19.132 16.995 16.456 13.932 14.631 14.538 12.309 11.513 13.010 12.192 10.231 9.024 6.791 4.378 2.498 0.693 0.002 0.838 2.076 3.292 3.113 3.443 5.579 6.858 6.880 7.656 9.090 10.315 10.591 13.227 14.220 16.209 17.266 17.408 18.850 18.966 18.514 16.029 15.772 16.313 14.371 12.629 14.239 14.710 11.956 12.472 14.654 13.918 11.818 13.785 13.039
24.385 23.937 22.055 22.155 22.100 20.427 19.743 20.799 20.267 18.529 18.409 18.938 16.957 15.854 13.470 14.293 14.173 12.021 11.347 12.988 12.416 10.589 9.851 7.835 5.569 4.214 2.531 0.701 0.001 0.911 1.929 3.115 2.806 4.008 5.697 5.968 6.861 7.857 8.426 9.561 12.152 13.918 15.486 17.126 16.952 18.743 18.830 18.221 16.080 15.267 16.334 14.460 12.213 13.999 14.288 11.843 12.210 13.959 13.596 11.466 12.977 12.633
24.755 24.329 22.335 22.548 22.966 21.023 20.377 21.592 21.171 19.465 19.614 19.810 17.726 16.646 14.304 14.886 14.558 12.411 11.615 13.091 12.335 10.519 9.978 7.753 5.831 4.346 3.393 2.031 0.643 0.000 1.058 2.012 3.089 3.210 4.100 5.541 6.955 6.976 7.996 9.100 11.421 12.920 15.010 16.292 16.514 18.340 18.636 18.514 16.008 15.711 16.418 14.869 12.768 14.750 15.128 12.241 12.264 14.722 14.148 12.165 13.658 12.810
24.654 23.846 22.109 22.442 22.286 20.522 19.997 21.082 20.348 18.401 18.815 19.123 16.851 16.027 13.455 14.468 14.361 12.555 11.778 13.585 13.179 11.037 10.569 8.506 6.456 4.658 3.422 2.894 1.710 0.589 0.001 0.729 1.417 2.799 2.640 3.463 4.193 5.046 6.179 6.974 8.885 10.630 12.819 14.352 14.635 16.420 16.962 16.532 14.167 13.788 14.906 13.138 11.291 13.190 13.722 11.106 11.480 13.667 13.171 11.267 12.858 12.370
24.859 23.927 22.049 22.236 22.136 20.340 19.610 20.613 19.933 18.229 18.452 18.821 16.547 15.918 13.535 14.472 14.554 12.428 11.968 13.486 13.261 11.255 10.852 8.538 7.091 5.284 3.898 2.974 2.510 1.366 0.643 0.001 0.771 1.790 2.871 3.042 3.512 4.712 5.582 6.722 8.795 10.469 12.863 14.354 14.875 16.697 16.824 16.874 14.459 13.744 14.947 13.297 11.145 13.176 13.598 10.953 11.096 13.344 12.930 11.412 12.824 12.212
25.279 24.560 22.767 23.061 23.086 21.079 20.376 21.774 21.121 19.375 19.783 20.098 17.985 16.900 14.352 15.612 15.756 13.426 12.737 14.994 14.568 12.252 12.091 9.575 8.252 6.478 5.514 3.805 3.492 3.010 2.108 0.653 0.003 1.191 2.287 3.457 3.228 3.904 5.810 6.915 9.032 9.923 13.376 14.479 14.808 16.621 16.899 16.897 14.570 13.365 15.088 13.394 10.827 12.797 13.327 10.682 10.779 13.087 12.905 11.010 12.174 11.569
24.588 23.830 22.004 22.317 22.405 20.535 20.061 21.173 20.671 18.804 19.287 19.550 17.274 16.347 13.691 15.024 15.047 13.155 12.417 14.228 14.023 12.105 12.106 10.143 8.502 6.775 5.934 5.261 3.530 2.727 2.908 1.859 0.590 0.001 0.805 1.462 2.666 2.440 3.461 4.587 6.632 8.301 10.993 12.469 13.174 14.964 15.577 15.475 13.181 12.600 14.035 12.415 10.333 12.207 12.933 10.536 10.485 12.777 12.413 10.665 12.172 11.941
24.787 23.699 22.297 22.367 22.232 20.548 20.003 21.188 20.316 18.718 19.380 19.479 17.397 16.984 14.134 15.277 15.684 13.902 13.086 14.968 14.704 13.296 13.112 11.359 9.807 8.056 7.138 6.367 5.015 3.526 3.312 3.327 1.598 0.592 0.001 0.744 1.764 2.466 3.080 4.074 6.570 7.883 10.114 12.051 13.180 14.505 15.032 14.891 12.843 12.188 13.398 11.908 10.003 11.959 12.345 10.285 10.255 12.567 12.301 10.911 12.476 12.083
24.830 23.849 22.300 22.356 22.141 20.291 19.648 20.762 20.143 18.427 19.103 19.481 17.289 16.846 14.185 15.789 16.154 14.469 14.107 15.820 15.808 14.133 13.998 12.163 10.831 9.261 8.112 7.125 6.419 5.365 3.850 3.516 2.488 1.824 0.635 0.001 0.830 1.833 3.023 3.468 5.641 7.090 8.985 10.827 11.833 14.159 14.247 14.549 12.042 11.521 13.071 11.720 9.887 11.702 12.356 10.529 10.495 12.465 12.932 11.307 12.936 12.895
24.438 23.805 21.776 22.075 21.978 19.870 19.433 20.802 20.011 18.196 18.954 19.325 17.053 16.530 13.782 15.492 15.759 14.048 13.401 15.491 15.272 13.828 14.272 12.649 11.553 9.533 8.826 7.852 6.482 5.979 5.087 3.802 2.704 2.802 1.700 0.662 0.001 0.804 1.687 3.036 4.697 5.928 7.894 9.913 11.106 13.624 14.204 14.368 11.726 10.758 12.798 11.172 9.335 11.065 11.919 9.942 10.274 12.047 12.287 10.802 12.648 12.208
24.321 23.439 21.905 22.090 21.913 20.332 19.807 21.086 20.278 18.354 19.301 19.354 17.263 16.774 13.839 15.457 15.774 14.196 13.481 15.543 15.630 14.246 14.408 13.453 12.482 10.685 9.831 9.041 7.362 6.841 6.200 4.952 3.575 3.499 2.889 1.803 0.623 0.001 0.846 2.045 3.817 5.815 7.791 9.979 11.384 13.559 14.364 14.182 12.137 11.388 12.881 11.290 9.494 11.334 11.668 9.848 10.151 12.095 11.682 10.879 12.600 12.968
24.990 24.133 22.744 22.950 22.757 21.099 20.749 21.872 21.035 19.400 20.173 20.350 18.285 17.867 15.321 16.519 17.149 15.643 15.094 17.118 17.179 15.952 15.866 15.028 13.805 12.425 11.447 10.354 8.507 7.914 7.050 6.604 4.830 3.954 3.403 2.936 1.702 0.852 0.002 1.068 2.634 4.907 6.546 8.770 10.172 12.507 13.420 13.768 11.284 10.758 12.536 11.203 9.585 11.271 11.940 10.296 10.534 12.718 12.874 11.842 13.598 13.596
25.353 24.769 23.295 23.433 23.315 21.556 21.081 22.178 21.383 19.586 20.481 20.907 18.819 18.100 15.800 17.259 17.756 16.189 16.327 18.424 18.682 17.335 17.863 16.827 16.324 14.997 14.082 12.393 10.630 9.537 8.586 7.618 6.550 6.039 4.682 3.951 3.361 2.308 0.824 0.002 0.887 2.211 4.347 6.294 8.517 10.982 12.417 13.080 10.555 10.252 12.480 11.369 9.499 11.870 12.637 10.519 11.409 13.637 13.962 12.642 14.213 14.409
25.882 25.131 24.157 24.122 23.517 22.301 21.777 22.778 22.009 20.449 21.364 21.294 19.487 18.521 16.364 17.950 18.247 16.764 17.194 19.168 19.198 18.332 18.870 18.019 17.510 16.340 15.969 14.396 12.609 12.168 10.720 8.780 7.590 7.417 6.192 4.580 4.168 4.037 2.451 0.777 0.001 1.060 3.286 5.104 7.079 9.669 11.237 12.565 9.976 9.589 12.124 11.348 9.846 12.074 13.244 11.361 12.373 14.846 14.916 14.107 15.372 15.250
26.812 26.304 25.117 25.512 25.050 23.735 23.530 24.610 23.356 22.190 23.271 23.241 21.285 20.649 19.081 20.634 20.875 19.727 20.388 22.627 22.874 22.025 22.712 21.801 21.657 20.330 20.190 18.695 17.001 16.311 15.091 13.207 11.914 11.264 9.314 7.915 6.963 6.184 4.362 2.922 1.078 0.002 1.578 3.912 5.809 8.409 10.521 11.547 9.572 9.762 13.272 12.899 10.947 13.657 15.558 14.364 15.038 17.674 17.882 17.453 18.597 18.261
26.858 26.443 25.327 25.821 25.149 23.659 23.955 24.602 23.792 22.709 23.382 23.718 21.694 21.031 19.739 21.243 21.659 20.667 21.208 22.955 23.122 22.584 22.990 22.417 22.452 21.412 21.407 19.967 18.164 17.866 16.761 15.104 13.630 12.705 11.107 9.917 8.616 7.503 6.631 5.328 3.531 1.252 0.002 1.524 3.389 5.920 8.324 10.123 8.854 8.929 12.497 12.107 10.987 13.849 16.145 14.620 16.464 18.496 19.019 19.033 19.850 19.686
26.219 25.494 24.274 24.981 23.955 22.657 22.665 23.740 22.470 21.544 22.694 22.817 21.094 20.703 19.162 20.698 21.249 20.455 20.798 22.767 23.474 22.693 23.650 23.036 23.229 22.242 22.383 21.483 19.622 19.409 18.974 17.477 15.802 15.592 14.882 13.057 11.662 11.469 9.938 7.886 5.627 3.760 1.293 0.002 1.473 3.593 5.964 7.029 6.474 7.089 9.488 9.784 9.871 11.880 13.499 13.692 14.754 16.125 17.098 17.874 18.976 19.127
26.276 25.171 24.230 24.696 24.054 22.741 22.772 23.526 22.625 21.438 22.270 22.582 20.724 20.826 19.780 20.986 21.687 21.180 21.210 22.728 23.234 22.822 23.597 23.023 23.522 22.617 22.882 22.251 20.361 20.276 20.364 19.063 17.377 17.130 17.069 15.224 13.567 13.986 13.080 10.402 7.592 5.555 3.528 1.026 0.002 1.457 3.234 4.799 5.177 5.664 8.033 9.086 9.691 11.802 13.263 13.342 15.039 17.038 17.257 17.869 19.074 19.047
25.070 24.114 22.514 23.064 22.523 20.826 20.939 21.918 21.451 20.101 21.225 21.406 20.178 19.937 17.266 19.054 20.048 18.879 18.464 20.945 21.568 20.615 21.696 21.107 21.455 19.768 20.774 19.961 17.460 17.297 17.858 16.444 14.321 14.924 15.758 14.040 12.205 13.676 13.440 10.440 8.785 7.496 5.476 3.540 1.090 0.001 1.345 3.095 4.014 3.777 3.466 5.372 6.158 6.547 7.747 8.903 9.678 10.960 11.970 13.434 14.262 15.534
24.088 22.979 21.194 21.489 20.955 19.279 19.399 20.232 19.723 18.163 19.415 19.625 18.248 17.784 15.394 16.811 17.623 16.650 16.805 18.883 19.618 18.799 20.013 19.206 19.775 17.771 18.832 18.044 15.346 15.485 16.287 14.492 12.903 13.524 15.018 13.208 12.290 14.125 14.577 12.231 11.490 10.444 8.290 5.679 3.515 0.761 0.001 0.893 2.128 2.485 2.285 2.541 4.168 4.514 4.485 5.418 6.784 7.337 7.693 8.931 10.225 11.313
24.297 23.146 21.122 21.723 21.427 19.205 19.362 20.469 19.728 18.084 19.319 19.677 17.807 17.561 14.942 16.375 17.185 15.874 15.765 18.163 18.744 17.700 19.034 18.343 18.705 16.856 17.602 16.646 14.256 14.055 14.633 13.226 11.446 12.436 13.404 11.777 10.742 12.975 13.619 11.171 11.266 10.150 8.514 6.174 4.415 1.902 0.584 0.001 0.655 1.372 1.716 1.720 1.967 3.106 3.247 3.835 4.359 5.370 6.002 7.033 8.344 9.361
24.630 23.456 21.545 21.890 21.592 19.460 19.620 20.622 19.838 18.089 19.495 19.917 17.763 17.901 14.872 16.390 17.354 16.096 15.717 17.994 18.827 17.626 18.701 17.909 18.325 16.491 16.968 16.711 14.138 13.603 14.427 13.369 11.034 11.920 13.183 11.588 10.192 12.581 13.271 10.633 10.942 9.716 8.113 6.486 4.254 2.725 1.296 0.584 0.000 0.648 1.170 1.583 1.679 1.920 2.689 3.223 3.750 4.363 4.886 5.824 7.472 8.812
24.067 22.923 20.926 21.300 20.875 19.586 19.373 20.351 19.712 18.154 19.148 19.757 17.863 17.849 15.132 16.336 17.207 16.107 15.766 18.022 18.729 17.884 18.709 17.942 18.060 16.621 17.031 16.369 13.977 13.461 14.403 13.211 11.213 11.867 13.636 11.806 10.296 12.788 13.429 10.772 10.897 10.052 8.440 6.839 4.741 2.787 1.822 1.125 0.533 0.000 0.613 0.975 1.366 1.304 1.674 2.417 3.312 3.803 4.323 5.651 7.122 8.778
24.099 23.009 21.111 21.397 21.122 19.279 19.551 20.160 19.554 18.299 19.103 19.277 17.849 17.225 14.939 16.177 16.628 15.723 15.675 17.708 18.145 17.232 18.246 17.559 17.606 16.033 16.872 15.811 13.571 13.202 14.225 12.855 10.649 11.690 13.117 11.124 10.000 12.428 13.083 10.598 11.169 10.365 8.439 6.582 4.651 2.702 1.800 1.477 0.958 0.528 0.000 0.552 0.914 1.350 1.365 1.557 2.332 2.950 3.501 4.791 6.223 7.913
24.466 22.893 21.118 21.691 21.322 19.272 19.483 20.659 19.716 18.101 19.402 19.773 17.635 17.626 14.739 16.302 17.037 15.744 15.251 17.774 18.485 17.248 18.273 17.436 17.883 15.834 16.632 16.248 13.384 13.140 14.049 12.927 10.357 11.684 12.925 11.053 9.910 12.483 13.070 10.498 11.573 10.456 8.888 6.875 5.117 3.083 1.964 1.525 1.379 0.925 0.533 0.000 0.612 1.038 1.333 1.699 2.179 2.604 3.177 4.613 6.115 7.725
24.243 22.798 21.098 21.440 21.047 19.264 19.356 20.128 19.561 17.872 19.145 19.444 17.760 17.624 14.942 16.258 17.055 15.947 15.269 17.707 18.299 17.386 18.358 17.550 17.488 16.060 16.579 16.240 13.366 13.065 14.378 12.915 10.276 11.532 13.067 11.181 9.612 12.343 12.976 10.592 11.557 10.653 8.646 7.300 5.000 3.344 2.564 1.796 1.589 1.559 0.978 0.532 0.000 0.635 0.919 1.427 1.689 2.086 2.778 4.421 5.817 7.509
24.239 22.720 21.165 21.076 20.798 19.396 19.332 20.026 19.635 18.214 18.988 19.549 17.777 17.635 14.752 15.958 16.871 15.808 15.400 17.636 18.508 17.546 18.441 17.841 17.822 16.183 16.768 16.194 13.443 13.007 14.319 12.878 10.560 11.428 13.291 11.162 10.002 12.206 13.125 10.611 11.636 10.591 9.546 7.957 5.653 4.119 2.962 2.494 1.878 1.561 1.384 1.015 0.548 0.001 0.648 1.112 1.873 1.729 2.573 4.154 5.992 7.968
23.946 22.585 20.835 21.135 20.910 19.056 19.352 19.995 19.638 18.252 19.128 19.419 17.845 17.415 15.089 16.187 16.890 15.875 15.453 17.517 18.035 17.185 18.133 17.300 17.416 15.882 16.685 16.004 13.271 13.016 14.308 12.903 10.252 11.548 12.857 11.221 9.746 12.255 13.025 10.625 11.801 10.867 9.709 8.006 5.848 4.316 3.279 2.712 2.486 1.862 1.525 1.407 1.023 0.590 0.000 0.635 1.372 1.920 2.353 3.802 5.573 7.468
24.062 22.670 20.684 21.274 20.687 18.920 18.977 19.963 19.277 17.678 18.822 19.383 17.208 17.154 14.970 16.180 16.697 15.828 15.273 17.588 18.220 17.227 18.186 17.660 17.482 15.509 16.234 15.822 12.669 12.407 13.508 12.232 9.760 10.747 12.438 10.933 9.517 12.126 13.098 10.825 12.254 11.119 9.995 8.284 6.238 4.678 3.766 3.186 3.102 2.403 1.701 1.561 1.547 1.145 0.594 0.000 0.641 1.189 1.898 3.373 4.871 6.829
24.051 22.600 21.243 21.492 21.004 19.281 19.509 20.305 19.967 18.326 19.277 19.784 18.041 17.892 15.486 16.326 17.334 16.249 15.382 17.831 18.419 17.600 18.500 17.702 17.636 15.828 16.512 16.228 13.465 12.777 14.114 12.706 10.144 11.158 12.825 10.895 9.874 12.564 13.261 11.493 12.526 11.344 10.401 9.275 7.064 5.456 4.855 4.296 3.759 3.420 2.887 2.188 2.117 1.819 1.552 0.601 0.001 0.780 1.548 2.782 4.109 6.334
24.291 23.230 21.033 21.508 20.884 19.111 19.378 20.221 19.734 18.347 19.108 19.616 17.873 17.674 15.105 16.007 16.818 15.849 15.228 17.378 18.165 17.338 18.138 17.289 17.375 15.508 16.418 15.803 13.019 12.815 14.021 12.457 10.157 11.073 12.854 11.037 10.082 12.505 13.309 11.260 12.655 11.584 11.289 9.840 8.234 7.001 6.046 5.676 4.791 4.027 3.775 3.134 2.562 2.346 2.269 1.406 0.669 0.001 0.740 2.040 3.568 6.043
23.605 22.763 20.753 21.527 20.835 18.916 19.034 20.386 19.568 18.124 19.262 19.483 17.836 17.497 15.144 16.101 16.741 15.623 14.937 17.113 17.788 16.737 17.894 17.143 17.042 15.448 16.391 15.981 13.166 12.657 14.148 13.081 10.723 11.800 13.543 12.091 10.799 13.195 14.414 12.400 13.672 12.515 12.605 10.923 9.637 8.519 7.307 6.225 6.312 5.219 4.390 4.110 3.636 2.787 2.433 2.367 1.876 0.853 0.000 1.158 2.467 4.692
24.066 23.197 21.247 21.554 21.223 19.481 19.315 20.477 19.899 18.503 19.500 20.095 18.096 18.031 15.371 16.305 17.461 16.121 15.240 17.728 18.599 17.259 18.340 17.610 17.244 15.495 15.842 15.583 12.597 12.552 13.658 12.396 9.974 11.883 13.487 12.355 11.219 13.793 14.875 13.392 14.971 14.434 14.783 14.109 13.298 12.691 11.294 9.960 9.094 8.757 7.233 6.228 6.495 5.655 3.947 3.561 3.628 2.258 0.849 0.001 1.015 2.057
24.482 23.688 21.543 21.932 21.551 19.805 19.978 21.040 20.513 19.023 19.927 20.525 18.563 18.127 15.648 16.939 17.409 16.096 15.674 18.239 18.674 17.496 18.423 17.548 17.307 15.257 15.847 15.331 12.859 12.781 14.180 12.862 11.325 13.175 14.812 13.885 13.089 15.389 16.936 15.951 17.984 17.742 17.983 18.136 16.927 16.817 15.259 14.233 13.190 13.210 11.309 8.975 9.448 8.492 6.591 5.538 5.336 4.441 2.325 0.834 0.002 1.200
24.846 23.944 22.330 22.836 22.642 21.191 21.279 22.442 21.961 20.662 21.221 22.195 20.051 19.920 17.468 17.893 18.894 17.434 16.817 18.795 19.402 18.347 19.039 18.316 17.729 15.798 16.333 16.442 14.156 13.342 15.219 13.956 12.024 13.699 15.551 14.591 14.741 16.312 18.041 17.705 19.779 19.514 20.172 20.855 20.350 20.601 19.702 18.645 17.336 16.944 15.516 13.945 12.822 12.013 10.235 8.586 7.349 6.473 4.338 3.440 1.142 0.004
