0.001 1.415 2.785 4.250 5.963 8.803 9.349 12.712 13.733 15.565 17.372 19.153 20.798 20.542 21.816 20.403 20.694 19.378 18.882 17.845 15.839 14.462 12.979 12.508 11.192 11.418 13.378 14.837 16.945 16.303 17.758 16.877 14.844 17.033 17.952 16.072 16.911 18.980 19.196 18.163 18.926 17.522 19.056 18.649 17.794 18.742 18.651 19.712 20.542 20.963 21.293 22.072 21.509 20.552 21.354 21.840 21.486 22.650 23.091 22.667 21.063 20.064 20.756 18.748 20.057 19.997 17.768 18.117 19.796 19.715 18.897 21.161 22.221 21.603 22.633 23.936 24.541 25.462 25.344 26.051 26.847 27.449
0.917 0.001 1.067 1.982 3.289 4.613 6.905 8.095 10.783 12.547 14.705 16.825 18.441 18.232 19.130 17.554 17.352 15.649 14.740 14.223 12.337 10.938 10.550 9.728 9.724 10.049 12.881 14.461 16.227 16.201 17.421 16.053 14.724 16.793 17.661 15.605 16.994 19.111 19.171 17.966 19.006 17.497 18.899 18.354 17.740 18.279 18.152 19.196 20.192 21.064 20.983 22.315 21.517 20.646 21.326 21.596 20.937 21.902 22.702 21.733 20.692 19.233 19.657 17.526 18.867 18.612 16.767 17.239 19.006 18.822 18.384 20.351 21.337 21.069 22.133 23.488 24.164 25.205 25.111 25.772 26.674 27.478
2.141 0.860 0.000 1.017 1.952 3.093 4.822 6.825 8.285 10.675 12.950 15.209 16.936 16.860 18.337 16.624 17.056 15.525 14.713 14.554 12.612 11.609 10.355 10.862 10.743 11.227 13.368 14.300 16.118 16.299 17.230 16.254 14.590 16.405 17.676 15.961 16.519 18.541 19.160 18.299 18.727 17.400 18.518 18.063 17.446 18.423 18.435 19.726 20.262 21.301 21.020 22.413 21.825 20.548 21.145 21.839 21.040 22.064 22.638 21.850 20.280 19.357 19.454 17.904 18.655 18.480 17.171 17.647 18.814 18.850 18.502 20.125 21.260 20.864 21.723 23.069 23.863 25.137 24.940 25.514 26.617 27.440
2.840 1.818 0.889 0.000 1.191 2.201 3.856 5.550 7.508 9.120 11.799 14.134 15.900 15.687 17.460 16.212 16.787 15.114 14.863 14.119 12.211 11.223 10.211 10.145 10.520 10.330 12.860 14.013 16.178 16.004 17.452 16.397 14.538 16.593 17.859 15.660 16.459 18.745 19.232 17.796 19.159 17.430 18.905 18.187 17.634 18.760 18.550 20.259 20.444 21.851 21.492 22.681 22.036 20.546 21.348 21.862 21.331 22.088 22.717 21.808 20.396 19.229 19.467 17.205 18.758 18.569 16.382 16.876 18.451 18.753 17.943 19.833 21.280 20.960 21.828 23.045 23.801 24.788 24.756 25.562 26.246 27.140
4.630 3.059 2.177 1.021 0.000 1.103 2.572 4.333 5.965 8.078 9.662 12.372 14.337 14.453 16.707 15.703 16.373 15.040 14.705 14.363 12.627 12.544 10.869 10.946 11.709 11.198 13.105 14.167 16.337 16.201 17.623 16.293 14.215 16.572 17.695 15.716 16.285 18.644 18.875 17.583 18.714 17.062 18.402 18.055 17.379 18.709 18.610 20.319 20.361 21.896 21.497 23.181 22.267 20.723 21.552 21.791 21.215 21.813 22.424 21.583 20.013 19.467 19.332 17.448 18.630 18.603 16.721 17.324 18.396 18.756 18.068 20.110 21.067 20.861 21.780 22.798 23.631 24.814 24.666 25.400 26.366 27.110
6.995 5.508 3.725 2.561 1.104 0.000 1.251 2.781 4.430 6.107 8.838 10.573 12.859 13.010 15.995 14.966 16.113 14.703 14.373 14.406 12.322 12.457 10.802 10.943 11.770 12.228 14.251 15.399 17.327 17.293 18.968 17.540 15.649 17.866 18.875 16.409 17.329 19.621 19.845 18.345 19.666 17.722 19.477 19.056 18.303 19.672 19.033 20.854 21.015 22.074 21.910 23.186 22.338 20.800 21.660 22.043 21.422 22.013 22.531 21.797 20.314 19.395 19.489 17.607 19.250 19.167 16.749 17.446 19.118 19.075 18.017 20.645 21.605 20.905 22.100 23.321 23.748 24.677 24.994 25.522 26.095 27.069
9.693 7.986 6.214 4.200 3.069 1.110 0.000 1.292 3.224 4.793 7.019 9.017 10.828 11.339 13.926 13.663 14.659 13.494 13.964 14.126 12.463 12.905 11.754 11.471 12.355 12.659 15.306 16.251 18.305 18.024 19.671 17.973 16.105 18.350 19.228 16.924 17.529 19.894 19.695 18.357 19.447 17.882 19.557 19.449 18.327 19.870 19.836 21.327 21.459 22.728 22.803 23.731 22.867 21.320 22.464 22.525 21.575 22.544 23.034 22.326 20.792 19.740 19.914 18.158 19.057 18.863 16.837 17.457 18.646 18.855 18.076 20.486 21.259 20.723 21.960 23.226 23.811 24.880 24.862 25.184 26.169 27.023
12.357 10.188 8.404 6.553 4.562 2.945 1.284 0.000 1.344 3.117 5.445 7.158 9.558 10.403 13.295 12.770 13.851 13.585 14.491 14.472 12.709 13.388 12.799 13.322 14.871 15.422 18.261 19.153 20.751 20.204 21.812 20.044 18.044 19.947 20.715 18.380 18.634 20.961 20.650 18.831 20.097 18.232 19.822 19.966 18.687 20.306 20.187 21.661 21.868 23.057 23.122 24.336 23.296 22.179 23.215 23.426 22.414 23.425 24.133 23.360 22.237 20.812 21.457 19.649 20.780 20.384 18.036 18.718 20.072 19.828 19.016 21.355 22.237 21.304 22.643 23.812 24.029 25.081 25.168 25.440 26.370 27.118
14.635 12.880 10.311 8.089 6.167 4.485 3.062 1.195 0.001 1.482 3.425 5.145 6.927 7.768 10.441 10.717 12.629 12.311 13.157 13.617 12.772 13.113 12.884 13.822 15.585 16.308 18.867 19.835 21.540 21.025 22.193 20.717 18.708 20.501 21.294 18.818 19.311 21.294 21.146 19.418 20.347 18.805 20.389 20.573 19.167 20.901 21.089 22.381 22.554 23.732 23.778 24.895 23.684 22.652 23.700 23.823 22.882 23.766 24.334 23.532 22.392 20.883 21.430 19.755 20.475 20.120 17.917 18.776 19.887 19.878 19.014 21.284 21.900 21.508 22.763 23.905 24.154 24.950 24.987 25.351 26.129 26.956
17.337 15.193 13.187 10.335 8.026 6.653 4.745 3.392 1.252 0.001 1.439 3.179 5.489 6.858 9.472 10.246 12.731 13.028 14.217 15.459 14.621 15.335 15.701 16.204 18.221 18.701 20.979 21.666 23.301 22.630 23.733 22.063 20.729 21.901 22.355 20.357 20.175 22.005 21.891 20.422 20.880 19.748 20.992 21.439 20.274 21.844 21.999 23.244 23.463 24.703 24.686 25.737 24.831 23.913 24.829 25.035 24.191 24.860 25.386 24.734 23.701 22.440 22.744 21.637 22.005 21.114 19.341 20.358 20.747 20.528 19.947 21.938 22.305 21.897 23.036 24.058 24.473 25.023 25.129 25.203 26.391 26.767
20.230 18.104 15.879 13.537 10.866 8.481 6.656 4.885 3.136 1.120 0.002 1.516 3.496 5.494 7.562 9.102 11.395 12.093 14.004 15.185 15.068 15.807 16.527 17.171 19.053 19.718 22.066 22.746 24.451 24.014 24.570 23.270 21.959 23.266 23.537 21.300 21.770 23.143 22.870 21.334 22.181 20.922 22.374 22.862 21.640 23.396 23.431 24.641 24.658 25.862 25.779 26.655 25.573 24.666 25.333 25.385 24.414 25.021 25.403 24.892 24.014 22.498 22.979 21.622 22.118 21.428 19.884 20.683 21.373 20.990 20.482 22.204 22.662 22.340 23.260 24.187 24.520 25.032 25.153 25.457 26.348 26.764
21.928 20.285 17.921 16.122 14.029 11.414 9.684 7.516 5.205 3.942 1.277 0.003 1.644 3.738 6.330 8.006 11.094 12.577 14.799 16.564 16.816 17.956 18.515 19.442 20.840 21.214 23.318 23.629 24.858 24.629 25.145 23.668 22.967 24.038 24.124 22.350 22.827 24.060 23.603 22.257 22.996 22.195 23.320 23.638 22.975 24.246 24.303 25.480 25.498 26.491 26.233 26.928 25.955 25.282 25.879 25.824 25.090 25.526 25.889 25.294 24.470 23.389 23.451 22.791 22.867 21.612 20.850 21.571 21.771 21.730 21.219 22.891 23.201 23.084 23.711 24.587 24.927 25.553 25.631 25.386 26.355 26.684
24.100 22.761 21.030 19.263 17.431 15.371 12.995 10.784 8.364 5.765 3.811 1.586 0.002 1.626 3.685 5.772 8.507 10.511 12.949 16.159 17.355 18.456 19.947 21.413 22.486 23.497 24.955 25.470 26.430 26.482 26.766 25.899 25.218 26.016 26.341 24.866 25.069 25.989 25.820 24.654 25.021 24.298 25.077 25.358 24.544 25.659 25.935 26.751 26.751 27.491 27.188 27.621 27.030 26.403 26.763 26.572 26.171 26.316 26.621 26.215 25.761 24.959 25.139 24.882 25.114 24.049 23.249 24.203 24.077 23.586 23.252 24.544 24.531 24.191 24.999 25.455 25.695 26.270 25.940 26.114 26.883 27.301
25.997 24.970 23.531 22.101 20.543 18.081 16.449 13.968 11.311 8.252 6.015 2.980 1.095 0.001 1.767 3.821 6.716 8.881 11.416 15.195 16.691 18.932 20.810 22.733 23.955 24.902 26.176 26.794 27.607 27.720 28.124 27.236 26.740 27.599 27.298 26.389 26.618 27.065 26.794 25.876 26.040 25.574 26.008 26.302 25.580 26.753 26.902 27.488 27.281 28.049 27.727 28.082 27.285 26.627 26.941 26.728 26.084 26.453 26.542 26.283 26.028 24.965 25.557 25.350 25.768 24.399 23.922 24.804 24.759 24.521 24.332 25.442 25.317 25.302 25.616 26.206 26.193 26.591 26.405 26.384 26.988 27.514
25.910 24.626 22.865 21.542 19.885 17.619 16.521 13.544 12.200 9.134 7.401 6.143 3.565 1.343 0.001 1.852 4.079 6.503 8.271 11.627 13.830 16.016 18.280 20.737 22.271 24.016 25.641 26.370 27.288 27.440 27.946 27.055 26.538 27.422 27.499 26.352 26.594 27.149 26.956 26.012 26.189 25.588 26.106 26.123 25.673 26.423 26.488 27.045 26.867 27.323 27.171 27.296 26.604 25.949 26.222 25.810 25.315 25.626 25.926 25.566 25.509 24.813 25.316 25.036 25.523 24.567 23.956 24.800 24.901 24.288 24.631 25.876 25.375 25.324 25.865 26.374 26.309 26.535 26.424 26.393 26.857 27.555
25.626 24.540 22.519 21.555 19.981 17.969 17.423 14.161 13.980 11.130 9.807 8.598 5.528 3.820 1.249 0.006 1.656 3.780 6.046 8.490 11.393 13.976 16.849 19.587 21.755 23.499 25.017 25.787 27.149 27.230 27.807 26.933 26.398 27.368 27.395 26.231 26.535 27.264 27.129 26.170 26.509 25.608 26.117 26.187 25.493 26.227 26.094 26.780 26.257 27.012 26.715 26.855 25.695 25.104 25.450 24.933 24.300 24.729 25.361 24.942 24.799 23.987 24.943 24.443 25.337 24.140 23.255 24.452 24.831 24.179 24.397 25.728 25.569 25.296 26.088 26.611 26.486 26.910 26.985 26.641 27.264 27.942
24.998 23.724 21.523 20.364 18.272 16.415 16.434 13.748 13.896 11.692 10.907 10.816 8.080 5.672 3.818 1.402 0.002 1.687 4.040 6.243 8.371 11.308 14.090 17.270 19.845 21.995 24.038 25.396 26.672 26.831 27.481 26.658 26.072 27.097 27.337 26.048 26.400 27.226 27.078 26.018 26.142 25.366 25.783 25.912 25.008 25.661 25.631 25.942 25.753 26.173 26.126 26.451 25.204 24.520 24.820 24.448 23.524 24.343 24.908 24.587 24.324 23.720 24.606 24.319 24.952 23.966 23.355 24.551 24.831 24.169 24.617 26.057 25.525 25.388 26.103 26.707 26.710 26.974 27.074 26.691 27.363 28.075
23.336 21.882 19.667 18.761 17.054 15.472 16.271 13.407 14.742 12.959 12.734 13.307 10.973 8.060 5.627 4.013 1.413 0.002 1.677 3.515 6.145 8.110 11.214 13.952 17.224 19.725 21.734 22.920 25.044 25.209 26.272 25.089 24.730 26.141 26.366 24.800 25.218 26.531 26.280 25.179 25.665 24.407 25.229 25.263 24.032 24.947 24.582 24.929 24.572 25.178 24.668 25.041 23.719 22.760 23.126 22.650 21.694 22.652 23.247 23.239 22.778 22.241 23.059 22.720 23.792 23.006 22.251 23.263 23.920 23.560 23.784 25.415 25.347 25.108 25.846 26.626 26.503 27.144 26.923 26.831 27.541 28.204
19.958 18.469 16.179 15.026 13.778 12.346 13.828 12.169 13.786 12.616 13.073 13.780 12.159 9.042 7.464 5.425 3.376 1.243 0.001 1.159 2.223 4.798 7.076 10.517 13.084 15.708 18.388 20.070 22.211 22.529 23.902 22.760 21.729 23.350 24.014 22.344 22.815 24.594 24.526 23.017 23.668 22.400 23.493 23.411 21.972 22.980 22.594 22.974 22.828 23.365 23.105 23.591 22.469 21.010 21.634 21.703 20.755 21.687 22.477 22.030 21.410 20.641 21.536 20.412 21.747 21.183 19.783 21.022 22.197 21.556 21.712 23.781 24.187 23.827 24.829 25.622 25.756 26.417 26.374 26.216 27.107 27.764
18.854 17.240 14.979 13.868 12.974 12.121 14.027 12.639 14.568 13.931 14.663 15.754 14.260 11.141 9.392 6.686 4.681 2.715 1.035 0.002 1.294 3.389 5.509 8.308 11.120 13.377 16.665 18.560 20.895 21.206 22.825 21.464 20.418 22.152 22.847 21.191 21.541 23.766 23.862 22.405 23.116 21.726 22.683 22.599 21.125 22.247 21.748 22.400 22.349 23.136 22.705 23.720 22.212 20.841 21.562 21.431 20.325 21.524 22.274 21.849 21.129 20.378 21.334 20.295 21.789 21.144 19.149 20.981 22.036 21.335 21.227 23.463 23.831 23.195 24.359 25.427 25.303 26.117 26.216 26.188 26.954 27.656
17.866 16.012 13.865 12.972 11.808 12.149 14.060 13.118 15.580 15.618 16.873 18.121 17.341 14.893 13.039 10.992 7.690 5.608 3.486 1.218 0.001 1.507 3.745 6.417 8.555 11.302 13.233 16.045 18.864 19.920 21.652 20.266 19.321 21.602 22.501 20.500 21.127 23.535 23.328 22.103 22.906 21.216 22.565 22.341 20.754 22.104 21.429 22.320 22.045 22.871 22.206 22.795 21.623 19.965 20.552 20.571 19.356 20.611 21.213 21.062 19.962 19.552 20.658 19.138 20.950 20.796 19.151 20.334 21.926 21.551 21.266 23.473 24.023 23.445 24.622 25.655 25.646 26.621 26.418 26.485 27.164 28.045
13.614 11.843 11.269 10.223 10.085 10.620 13.072 12.979 15.287 15.655 17.190 18.410 18.110 16.138 14.184 12.355 10.256 7.398 6.004 3.742 1.255 0.000 1.469 3.293 5.024 6.881 9.316 10.387 13.374 14.137 16.224 15.131 13.669 16.554 17.881 16.069 17.569 20.200 20.470 19.351 20.429 18.782 20.391 20.079 19.176 20.145 19.331 20.888 20.514 21.518 21.114 21.953 21.028 19.091 19.854 20.195 19.374 20.157 20.881 20.553 19.162 18.785 19.877 17.586 19.714 19.880 17.702 18.802 20.633 20.503 20.079 22.246 23.201 22.979 23.796 24.828 25.295 26.262 25.931 26.256 27.035 27.732
13.226 11.319 10.819 10.260 10.982 11.306 13.713 13.836 15.573 16.428 17.891 19.310 19.458 17.399 16.438 14.418 11.891 9.435 7.039 5.077 3.544 1.125 0.000 1.095 2.233 3.524 5.349 7.237 10.222 11.976 13.865 12.596 11.831 15.006 16.600 15.246 16.477 19.560 20.123 18.883 20.195 18.573 20.169 19.629 18.486 19.959 18.682 20.582 19.859 21.186 20.311 21.447 20.201 18.285 19.051 19.127 18.191 19.302 20.131 19.638 18.074 17.470 18.269 16.415 18.625 18.811 16.967 17.886 19.893 19.998 19.621 21.668 22.866 22.354 23.311 24.770 25.021 26.102 25.670 26.019 26.941 27.612
12.997 10.366 9.749 9.911 10.678 11.059 13.218 14.057 15.703 16.588 18.354 19.559 20.060 18.274 17.698 15.346 13.293 10.537 8.472 6.337 4.360 2.352 0.949 0.000 1.058 2.148 3.694 5.705 8.781 10.972 12.659 11.347 11.232 14.384 15.837 14.651 16.227 18.678 19.149 18.193 19.464 18.281 19.472 19.109 18.476 19.281 18.658 20.446 20.239 21.121 20.652 21.498 20.526 18.813 19.316 19.330 18.730 19.489 19.982 19.424 18.232 17.389 17.914 16.287 18.257 18.267 16.963 17.534 18.943 19.170 18.844 20.940 21.719 21.855 22.748 23.871 24.589 25.453 25.050 25.543 26.354 27.378
12.950 11.549 10.496 10.025 11.390 11.438 13.629 14.316 16.260 17.376 19.108 20.666 21.270 19.394 18.723 16.463 14.325 11.591 9.105 7.346 5.521 3.773 2.394 1.002 0.000 1.166 2.735 4.842 7.653 9.902 11.341 10.383 10.513 13.720 15.110 14.616 16.309 19.062 19.708 19.131 20.311 18.838 20.360 19.590 18.632 19.563 18.589 20.465 20.097 21.308 20.415 21.522 20.578 18.757 19.309 19.156 18.500 19.366 19.850 19.284 17.631 17.316 17.425 15.557 17.649 17.780 16.396 17.440 18.745 19.289 19.191 21.228 22.290 22.187 22.991 24.512 25.249 26.263 25.658 26.026 26.976 27.730
13.330 10.893 10.251 10.436 11.254 11.709 14.207 14.857 16.712 17.957 19.521 21.020 21.415 20.241 19.938 17.640 15.779 12.932 10.922 8.795 7.035 5.236 3.841 2.565 0.995 0.000 1.307 3.373 6.377 8.574 10.237 9.511 9.548 13.196 14.295 13.580 15.966 18.111 18.538 18.151 19.622 18.325 19.650 19.485 18.467 19.387 18.395 20.238 20.128 21.027 20.327 21.310 20.281 18.630 19.162 19.229 18.777 19.689 20.359 19.457 18.210 17.239 17.375 15.836 17.607 17.775 16.433 17.301 19.011 19.350 18.984 20.962 22.179 22.000 22.616 23.990 24.644 25.528 25.017 25.673 26.555 27.376
13.878 12.433 11.419 11.159 12.351 12.694 15.532 16.449 18.354 19.844 21.338 22.709 23.072 22.373 21.771 20.146 18.637 15.946 13.445 11.787 9.764 7.745 6.294 4.603 3.216 1.142 0.000 1.812 3.858 6.937 7.689 6.809 8.032 10.373 11.166 11.909 13.665 15.795 16.768 17.006 18.200 17.637 18.903 18.868 18.176 19.318 18.659 20.310 20.170 21.036 20.378 21.505 20.587 18.613 19.476 19.583 19.073 19.850 20.347 19.767 17.998 17.502 18.068 15.943 17.750 17.692 16.194 16.969 18.696 18.966 18.857 20.594 21.853 22.033 22.733 24.090 25.140 25.832 25.348 25.918 26.858 27.616
13.780 12.668 12.747 13.608 15.588 16.669 19.283 20.552 22.319 23.858 24.425 25.911 26.031 25.260 25.248 23.638 22.933 20.880 18.560 16.321 15.005 12.119 9.854 7.632 5.166 4.082 1.199 0.000 1.073 2.458 4.323 5.121 6.435 8.363 9.934 10.968 12.673 14.643 15.253 15.575 17.390 17.044 18.474 18.405 18.273 18.990 18.460 20.141 19.976 20.794 20.093 21.566 20.840 19.309 19.890 20.387 19.791 20.663 21.020 20.523 18.377 18.427 18.773 17.047 18.702 18.712 17.503 18.160 19.986 20.403 20.018 21.706 23.185 23.309 23.654 25.075 26.045 26.674 26.201 26.909 27.620 28.222
14.812 13.406 14.056 14.114 16.582 17.497 19.730 21.268 22.831 24.394 24.993 26.277 26.537 26.200 26.348 24.994 24.421 23.215 21.261 19.571 18.138 15.908 13.305 10.249 7.224 5.126 2.540 0.925 0.001 1.029 2.720 4.082 4.391 4.439 7.472 9.108 9.179 11.428 12.701 12.960 13.856 14.136 15.029 15.834 16.257 17.611 17.783 19.394 19.412 20.448 19.809 21.336 20.847 19.262 19.828 20.631 19.930 20.912 21.214 20.778 19.285 18.763 19.175 17.222 18.947 19.366 17.458 17.710 20.149 20.550 19.519 21.011 22.956 22.957 23.057 24.336 25.310 25.922 25.769 26.705 27.290 27.881
15.372 13.079 14.305 14.439 16.869 17.591 19.736 21.056 22.613 24.299 25.356 26.110 26.490 26.447 26.404 25.442 24.897 23.675 22.244 20.751 19.030 17.291 15.111 12.436 9.323 6.983 4.511 2.568 0.773 0.000 1.078 1.678 3.259 2.804 3.983 6.363 7.304 9.092 9.790 10.509 11.568 12.617 14.570 15.529 15.977 17.544 17.192 19.386 19.070 20.509 19.280 21.116 20.889 19.369 19.790 20.725 20.099 20.902 21.241 20.768 19.252 19.078 19.323 17.467 19.170 19.123 17.478 17.796 19.815 19.890 19.292 20.664 22.264 22.487 22.709 23.996 25.121 25.891 25.718 26.466 27.203 27.826
15.183 13.238 14.039 13.924 15.912 16.705 18.926 20.251 21.614 23.407 24.386 25.461 26.086 25.604 25.890 24.846 24.387 22.826 21.586 20.167 18.463 16.802 15.260 12.522 9.488 7.602 5.630 4.029 2.209 0.643 0.000 0.926 2.146 3.048 3.385 4.510 7.009 8.107 9.015 9.218 10.631 11.790 13.459 14.712 15.195 16.871 17.271 19.051 19.157 20.232 19.566 20.940 20.495 19.033 19.628 20.312 19.665 20.601 20.809 20.324 18.813 18.178 18.647 16.607 18.309 17.791 16.058 16.622 18.392 18.765 17.923 19.713 20.999 21.243 21.542 22.725 24.026 24.920 24.578 25.537 26.477 26.991
15.337 13.549 13.695 13.921 15.762 16.941 18.836 20.295 21.763 23.427 24.264 25.282 25.818 25.658 25.566 24.732 24.278 23.043 21.569 20.344 18.558 17.021 14.685 12.085 9.680 7.563 6.257 4.062 2.857 1.842 0.638 0.000 0.871 2.159 3.227 3.614 5.179 7.117 7.652 8.352 9.471 11.012 13.069 14.442 14.816 16.554 17.018 18.420 18.965 19.990 19.726 21.272 20.706 19.373 20.366 20.773 20.356 21.093 21.477 20.949 19.254 18.658 19.055 16.631 18.461 18.112 16.214 16.633 18.698 18.661 18.143 19.620 21.104 21.241 21.505 22.752 24.173 24.927 24.658 25.844 26.544 27.390
14.973 13.085 13.808 13.570 15.778 16.807 18.931 20.296 21.952 23.556 24.475 25.439 25.952 25.691 25.836 25.042 24.619 23.116 21.990 20.460 18.566 16.836 14.670 12.397 9.921 7.687 6.902 4.606 3.602 3.084 1.842 0.608 0.000 0.964 2.356 3.116 3.393 5.527 6.532 7.287 8.765 9.457 12.086 13.787 15.129 16.536 16.859 18.839 19.099 20.435 19.792 21.265 20.691 19.445 20.173 20.718 20.259 21.072 21.563 20.931 19.155 18.766 18.787 16.661 18.636 18.008 16.269 16.890 18.813 18.623 18.108 19.851 21.110 21.107 21.460 22.988 24.058 24.863 24.643 25.628 26.486 27.224
15.267 12.887 13.249 13.396 15.448 16.066 18.366 19.606 21.317 23.070 24.152 25.146 25.788 25.686 25.913 25.100 24.548 22.906 21.515 20.225 18.191 16.371 14.728 12.518 9.990 8.003 6.988 5.320 3.969 3.650 2.996 1.859 0.623 0.000 0.874 2.037 3.246 3.792 4.911 6.479 8.382 9.247 11.709 13.301 13.967 16.088 16.932 18.492 18.947 20.259 19.563 20.994 20.103 19.232 19.864 20.433 20.062 20.953 21.304 20.724 18.936 18.157 18.167 15.797 17.828 17.136 15.352 15.846 17.794 17.762 17.223 19.140 20.188 20.381 21.005 22.154 23.381 24.309 24.213 25.110 26.013 26.773
15.657 13.469 13.490 13.369 15.259 15.685 17.943 19.384 20.785 22.563 23.478 24.592 25.382 24.981 25.323 24.405 24.023 22.497 21.346 20.020 18.102 16.680 15.017 12.831 10.898 9.389 8.280 6.611 5.443 4.489 3.312 3.048 1.837 0.627 0.000 0.903 2.444 3.894 3.817 4.969 7.386 8.215 10.695 12.484 13.452 15.670 16.473 18.116 18.638 19.864 19.579 21.006 20.569 19.266 20.114 20.731 20.145 21.013 21.404 20.979 19.163 18.186 18.321 16.183 17.576 16.873 15.567 15.754 17.158 17.545 17.237 18.904 19.991 19.881 20.441 21.683 22.908 23.748 23.661 24.669 25.580 26.513
16.049 14.261 14.114 13.710 15.772 16.085 18.610 20.047 21.382 23.192 23.819 25.052 25.671 25.181 25.757 24.520 24.436 22.957 21.989 20.860 18.862 17.758 15.635 13.633 12.057 10.006 9.969 7.602 7.028 7.140 4.091 3.296 3.138 2.097 0.647 0.000 1.268 3.035 3.765 4.270 5.532 7.189 10.294 11.275 13.304 15.412 16.607 18.547 19.296 20.492 20.598 21.788 21.391 20.294 21.020 21.472 21.211 21.802 22.165 21.252 19.545 18.678 18.294 16.198 17.345 16.963 15.489 15.422 17.522 17.804 17.120 18.931 20.240 20.403 21.020 22.032 23.274 24.140 23.913 24.981 25.737 26.505
16.731 14.463 15.109 14.252 16.552 16.792 19.065 20.649 22.146 23.896 24.503 25.599 26.233 25.951 26.415 25.513 25.444 23.987 22.871 21.730 19.811 18.365 16.622 14.564 13.205 11.117 11.222 9.463 9.316 8.506 7.928 4.736 4.855 4.696 2.537 0.618 0.000 1.375 2.545 3.546 5.332 7.936 10.633 11.466 13.116 15.596 16.824 19.172 19.939 21.438 21.091 22.420 21.949 20.780 21.238 21.749 21.384 22.024 22.344 21.640 19.715 18.903 18.514 16.600 17.608 17.323 16.108 16.099 17.719 18.094 17.664 19.334 20.406 20.425 21.221 22.186 23.427 24.116 24.040 25.021 25.654 26.346
16.815 14.871 14.686 14.156 16.304 16.489 18.574 20.199 21.433 23.282 24.075 25.264 25.966 25.746 26.133 25.424 25.196 23.737 22.760 21.617 19.579 18.312 16.701 14.823 13.907 12.268 12.564 11.383 11.169 10.166 8.581 8.029 5.713 4.843 4.372 2.401 0.759 0.001 1.135 2.662 5.133 6.996 10.192 11.156 12.464 14.978 16.427 18.522 19.329 20.690 20.371 21.873 21.538 20.569 21.383 22.038 21.504 22.500 22.814 22.237 20.283 19.302 19.104 16.723 17.889 17.500 15.694 15.955 17.501 17.870 17.151 18.722 19.837 20.103 20.824 21.649 22.961 23.908 23.769 24.603 25.783 26.469
17.614 15.740 15.594 14.616 16.526 16.795 18.601 20.312 21.783 23.417 24.451 25.422 26.103 25.716 26.041 25.340 25.125 23.824 22.924 21.993 20.079 19.091 17.614 15.808 15.297 13.750 14.045 12.225 12.010 10.835 9.943 8.698 7.962 5.347 5.050 4.055 2.785 0.788 0.000 0.927 2.677 4.945 8.120 10.148 11.215 14.110 16.287 18.508 19.613 21.268 21.233 23.142 22.818 21.568 22.425 23.140 22.401 23.180 23.517 22.881 20.929 20.006 20.059 17.087 18.400 18.247 15.992 15.580 17.431 17.940 17.114 18.532 19.629 19.868 20.722 21.705 22.632 23.783 23.756 24.705 25.450 26.637
17.952 15.839 15.782 14.834 16.343 16.460 18.672 20.152 21.456 23.495 24.149 25.316 25.851 25.582 25.997 25.166 25.055 23.695 23.039 21.899 20.010 19.016 16.988 15.525 14.980 13.779 14.461 13.283 13.673 12.860 11.543 9.654 9.454 8.046 4.931 4.303 4.436 2.466 0.914 0.000 1.671 3.439 5.574 8.078 9.457 12.577 15.222 17.713 19.032 20.812 21.386 22.751 22.650 21.344 22.362 23.015 22.462 23.449 23.908 22.924 21.426 20.053 19.480 17.521 17.971 17.721 15.976 15.911 17.441 17.705 16.769 18.623 19.534 20.039 20.625 21.642 22.730 23.590 23.504 24.428 25.146 26.135
18.625 16.521 16.159 15.410 16.818 17.100 18.909 20.583 21.945 23.740 24.596 25.748 26.486 26.069 26.260 25.525 25.136 23.856 23.178 22.160 20.256 19.389 17.919 16.597 16.636 15.836 16.709 16.218 17.299 16.481 15.641 13.400 13.020 11.990 9.793 7.390 6.923 5.404 2.769 1.401 0.001 1.423 3.623 6.407 8.145 10.912 13.477 16.097 17.777 19.690 20.179 21.866 21.824 20.973 22.118 22.731 22.356 23.224 23.475 22.993 21.432 20.421 19.956 17.751 18.332 17.885 16.243 16.067 17.243 18.014 17.194 18.390 19.283 19.782 20.691 21.748 22.911 24.097 23.842 24.651 25.521 26.455
19.007 17.117 16.715 15.571 17.094 17.471 19.264 20.936 22.153 23.914 24.662 25.555 26.311 25.832 26.150 25.554 25.405 24.154 23.562 22.448 20.652 19.755 18.140 17.474 17.436 16.944 18.418 17.922 18.612 17.583 16.680 15.036 13.891 12.450 10.754 8.437 7.113 5.802 4.439 3.481 1.060 0.001 1.889 4.402 6.500 8.417 11.555 14.383 17.095 19.729 20.240 22.122 22.100 21.412 22.718 23.478 23.272 24.178 24.762 23.947 22.412 21.233 21.073 19.042 19.678 19.347 17.449 17.271 18.937 19.239 17.899 19.278 20.474 20.584 20.724 22.139 22.940 23.924 24.031 24.544 25.322 26.292
19.501 17.360 17.279 15.883 17.453 18.231 19.646 21.819 23.139 24.917 25.911 26.738 27.340 27.216 27.288 26.916 26.458 25.205 24.704 23.290 21.358 20.663 18.857 17.908 17.569 17.333 18.885 19.023 19.747 18.349 18.535 17.081 14.587 13.927 13.237 10.490 8.942 8.722 7.743 5.239 4.312 1.768 0.001 1.955 4.056 6.240 8.840 10.913 13.206 15.978 17.088 19.334 19.744 19.819 21.635 22.891 23.214 24.400 25.076 24.673 22.831 21.949 21.623 19.464 19.896 19.963 17.901 17.590 19.106 19.165 18.068 19.357 20.382 20.359 20.963 22.144 23.327 24.667 24.477 25.308 26.138 26.967
19.794 17.677 17.451 16.310 17.579 18.843 19.707 22.000 23.287 24.864 25.847 26.834 27.499 27.386 27.275 26.989 26.348 25.066 24.778 23.301 21.615 21.418 19.566 19.491 19.300 19.307 20.628 20.879 21.431 20.136 20.878 19.038 17.179 16.559 15.643 13.852 10.895 11.211 11.563 9.092 5.609 4.363 1.498 0.002 1.732 4.163 6.492 7.871 10.508 13.165 14.317 17.597 18.113 18.404 20.615 22.447 23.018 24.817 25.651 25.541 24.047 23.393 23.600 21.507 22.735 22.406 20.265 19.907 21.640 21.436 19.781 21.227 22.397 21.178 21.405 22.743 23.274 24.860 25.026 25.757 26.529 27.318
18.550 17.096 16.484 16.179 17.095 18.150 19.508 21.542 22.673 24.349 25.271 26.060 26.826 26.657 26.864 26.334 25.975 24.701 24.287 22.762 20.915 20.214 18.700 18.165 17.865 17.763 19.415 19.770 20.582 18.932 19.908 18.672 16.389 16.133 16.275 13.521 11.580 11.954 12.169 9.950 6.945 6.134 3.576 1.487 0.001 1.685 3.790 5.365 7.488 10.172 11.346 14.770 15.635 16.729 19.225 20.903 21.941 23.337 24.508 24.266 22.768 22.230 22.175 20.218 21.312 21.306 19.121 18.832 20.530 20.523 18.769 20.757 21.723 20.765 21.207 22.678 23.209 24.421 24.721 25.445 26.014 26.924
18.371 16.610 16.262 16.238 17.317 18.748 20.161 22.217 23.500 25.102 26.024 26.827 27.367 27.326 27.191 27.060 26.300 25.157 24.368 22.771 21.098 20.344 18.469 18.163 17.597 17.709 18.962 19.610 20.250 18.810 20.333 19.135 16.853 16.969 17.288 15.173 12.805 13.753 14.312 11.520 8.793 7.642 5.555 3.672 1.387 0.001 1.570 3.356 6.066 7.704 9.964 12.342 13.608 14.783 17.067 19.180 20.448 22.329 23.267 23.498 22.253 22.001 22.390 20.174 21.698 21.556 19.432 19.146 20.988 20.613 19.194 21.003 21.952 20.787 21.279 22.737 23.455 24.662 24.971 25.531 26.378 27.107
18.392 17.556 16.696 17.029 18.308 19.406 21.025 22.943 23.932 25.413 26.443 27.222 27.860 27.695 27.767 27.546 27.060 25.827 25.357 23.767 22.197 21.273 19.346 18.519 17.883 17.935 19.337 20.002 20.823 19.118 20.999 20.004 17.569 17.642 18.751 16.451 14.128 14.646 15.548 13.215 10.740 8.708 7.017 4.929 3.289 1.423 0.000 1.751 4.134 5.903 8.299 10.464 12.292 13.925 16.659 18.964 20.482 22.490 23.713 23.907 22.622 22.461 23.061 20.891 22.578 22.436 20.308 19.828 21.685 21.438 19.523 21.581 22.479 21.370 21.828 23.393 24.021 25.037 25.380 26.217 26.707 27.793
18.301 16.815 16.694 17.125 18.686 19.787 21.068 22.672 24.128 25.445 26.522 27.268 27.751 27.626 27.519 27.150 26.254 25.098 24.401 22.774 21.286 20.242 18.719 17.918 17.123 17.356 18.627 19.206 20.015 18.868 20.222 19.256 17.274 17.320 18.203 16.159 14.500 15.347 15.994 14.115 12.558 10.339 8.769 7.198 5.292 3.554 1.372 0.001 1.826 3.906 6.745 8.785 10.343 12.082 14.617 17.026 18.811 20.609 21.603 22.165 21.308 21.525 21.955 20.264 21.790 21.705 20.012 19.792 21.332 21.238 20.037 21.588 22.570 21.861 22.278 23.712 24.210 25.240 25.580 26.052 26.827 27.635
19.130 18.854 18.792 19.576 21.150 22.571 23.329 24.960 25.948 26.904 27.672 28.116 28.458 28.460 28.276 28.168 27.425 26.649 26.163 24.650 23.826 23.016 21.085 20.933 19.996 20.168 20.908 21.920 22.496 20.530 22.569 22.299 19.953 20.202 22.109 20.622 18.644 19.511 21.000 19.127 17.272 15.409 13.552 10.467 8.695 5.642 4.105 1.568 0.001 1.846 4.517 6.435 8.685 11.276 13.895 16.811 19.145 21.086 22.275 23.436 23.165 23.794 24.439 23.412 24.963 25.011 23.557 23.512 24.982 24.792 23.295 24.777 25.387 24.312 24.551 25.700 25.693 26.739 27.241 27.617 28.026 28.753
18.481 17.987 17.667 18.269 19.701 20.943 22.524 23.966 25.377 26.429 27.404 28.170 28.440 28.258 28.047 27.644 26.674 25.760 24.601 22.892 21.592 20.299 18.707 17.846 16.862 17.211 18.078 19.048 20.088 18.914 20.952 20.131 18.043 19.010 20.735 18.628 17.764 19.331 20.719 18.768 17.759 15.737 14.762 12.344 10.150 7.518 5.778 3.805 1.528 0.000 1.717 3.763 5.804 7.335 9.038 11.671 13.969 15.777 16.921 18.187 17.833 18.909 20.131 18.811 21.238 21.738 20.165 20.596 22.506 22.492 21.578 23.519 24.708 23.919 24.377 25.636 25.869 26.738 27.027 27.376 27.953 28.448
18.878 19.096 18.857 19.485 20.780 22.120 23.911 25.130 26.331 27.148 27.852 28.423 28.551 28.374 28.201 27.717 26.952 26.050 24.963 23.387 22.375 20.855 19.479 18.439 17.908 17.991 18.653 19.686 20.979 19.769 22.424 21.691 19.694 21.134 22.912 21.082 20.912 22.950 23.461 22.597 21.980 20.006 19.302 16.902 14.648 10.836 8.676 5.809 3.842 1.397 0.000 1.424 3.634 5.888 7.240 9.871 12.019 14.621 15.982 17.198 17.503 18.759 20.501 19.492 22.010 22.487 21.675 21.967 24.147 23.986 23.304 25.217 25.941 25.252 25.689 26.665 26.855 27.573 27.785 27.982 28.343 28.966
19.052 18.712 18.383 19.277 20.342 21.581 23.488 24.380 25.803 26.432 27.348 27.975 28.210 27.842 27.619 27.081 26.078 25.040 23.883 22.341 21.292 19.724 18.138 17.559 16.742 17.584 18.681 19.420 21.031 20.029 22.338 21.395 19.629 21.270 22.762 21.215 21.132 23.102 23.858 22.957 22.374 20.855 19.990 17.755 15.661 12.395 9.476 7.432 5.421 3.150 1.007 0.000 1.582 4.012 6.138 7.903 10.112 12.364 13.833 15.728 16.507 17.374 19.409 18.650 21.405 22.092 21.093 22.004 23.593 23.807 23.513 24.902 25.713 25.395 25.657 26.520 26.802 27.471 27.545 27.709 28.377 28.694
19.381 18.923 18.147 19.480 20.606 21.427 23.482 24.007 25.507 26.146 27.017 27.697 27.931 27.598 27.484 26.694 25.885 24.804 23.376 21.934 21.136 19.383 17.845 17.246 16.402 17.724 18.449 19.664 21.255 20.686 22.941 22.028 20.423 22.179 23.520 21.895 22.148 24.040 24.404 23.646 23.504 22.187 21.892 19.960 17.911 15.491 12.467 10.315 8.170 5.278 3.594 1.188 0.001 1.850 4.567 6.640 8.017 10.269 11.984 14.057 14.690 16.191 18.202 17.812 20.566 21.454 20.539 21.623 23.300 23.436 23.246 25.079 25.675 25.280 25.803 26.684 26.763 27.580 27.468 27.656 28.182 28.640
19.781 19.189 18.870 19.905 20.836 22.076 24.094 24.839 26.215 26.823 27.568 28.113 28.275 27.859 27.816 27.276 26.487 25.609 24.189 22.736 22.119 19.983 18.272 17.555 17.309 18.375 19.066 20.574 22.104 21.395 23.710 22.866 21.237 23.008 24.096 22.439 22.651 24.596 24.972 23.899 24.337 22.689 22.822 21.192 19.017 16.981 14.200 12.312 9.956 7.388 6.271 3.743 1.405 0.000 1.875 4.472 6.667 8.199 9.853 11.915 13.460 15.453 18.026 18.140 20.803 21.728 20.889 21.836 23.790 24.074 23.335 25.369 26.130 25.306 26.083 27.021 27.135 27.741 27.646 27.881 28.217 28.766
20.318 19.309 19.134 20.077 21.201 22.493 24.414 25.249 26.266 26.945 27.633 28.224 28.222 27.987 27.933 27.281 26.434 25.420 23.865 22.378 21.465 19.802 18.254 17.625 17.429 18.411 19.204 20.843 22.121 21.633 24.371 23.245 21.832 23.603 25.010 23.395 23.658 25.434 25.770 24.871 25.020 23.252 22.998 21.669 19.252 17.666 14.447 12.802 10.480 8.284 6.766 5.960 3.928 1.532 0.001 1.985 4.636 6.665 8.633 10.833 13.000 15.354 18.430 18.901 21.614 22.442 21.779 22.954 24.881 24.926 24.581 26.149 26.751 26.176 26.698 27.470 27.527 28.119 28.065 28.186 28.634 29.027
20.397 19.978 18.884 20.198 20.705 21.947 24.126 24.596 26.071 26.552 27.439 28.075 28.204 27.755 27.566 26.973 26.219 24.990 23.351 21.903 20.741 19.011 17.700 16.644 16.390 18.029 18.691 20.564 22.164 22.087 24.047 23.052 21.905 23.832 24.739 23.402 23.938 25.631 25.729 25.136 25.330 23.946 24.104 22.979 20.669 19.351 16.649 15.373 13.188 11.290 8.399 7.398 6.104 3.816 1.545 0.000 1.867 4.618 7.092 8.624 11.001 12.831 16.199 16.977 19.914 20.917 20.678 22.342 23.810 24.143 24.314 25.712 26.395 26.031 26.636 27.273 27.405 28.022 27.811 27.915 28.406 28.778
21.248 20.716 19.449 20.641 21.071 21.937 23.862 24.254 25.737 26.289 27.098 27.814 27.980 27.395 27.381 26.491 25.788 24.665 22.921 21.553 20.629 18.913 17.407 16.784 16.894 18.413 19.389 21.243 22.945 23.014 24.918 23.784 23.003 24.720 25.441 24.025 24.523 26.013 26.114 25.306 25.651 24.475 24.456 23.767 22.069 21.014 18.605 17.690 14.941 13.103 10.747 8.763 7.494 6.259 3.914 1.641 0.005 1.974 4.452 6.634 9.408 11.498 14.971 16.147 19.629 20.663 20.900 22.428 23.933 24.311 24.476 25.991 26.711 26.206 26.850 27.401 27.526 27.989 27.720 27.718 28.198 28.701
21.757 21.206 19.717 20.875 21.452 22.262 24.315 24.722 26.181 26.731 27.467 28.213 28.282 27.866 27.811 27.124 26.493 25.395 23.866 22.131 21.124 19.316 17.929 17.023 17.124 18.652 19.243 21.450 23.174 23.500 25.000 23.726 23.122 24.843 25.461 24.112 24.736 26.405 26.329 25.522 26.102 24.670 25.118 24.311 22.824 22.103 19.826 19.096 17.016 15.655 13.199 12.249 9.370 7.980 6.546 4.080 1.754 0.001 2.279 4.959 7.571 9.986 12.939 14.970 18.127 19.382 20.376 21.811 23.446 24.085 24.424 25.884 26.509 26.361 26.972 27.441 27.691 28.070 27.779 27.880 28.330 28.730
22.285 21.599 20.487 21.256 22.060 22.409 24.646 25.165 26.271 26.981 27.556 28.299 28.394 28.029 28.071 27.148 26.536 25.464 23.936 22.637 21.530 19.791 18.466 17.090 17.579 18.325 19.324 21.193 23.382 23.926 25.233 23.557 23.062 24.843 25.288 23.671 24.862 26.227 26.043 25.251 26.012 24.741 25.518 25.141 23.871 23.902 22.041 21.847 20.468 19.529 17.567 15.875 13.889 11.811 9.349 6.846 4.544 1.829 0.004 1.782 4.618 7.384 9.549 12.402 14.962 16.615 17.713 20.001 21.642 22.586 23.400 24.964 25.611 25.835 26.331 27.027 27.400 27.922 27.470 27.592 28.321 28.643
20.912 19.584 18.423 18.851 19.495 19.849 22.400 23.042 24.691 25.797 26.588 27.718 28.026 27.519 27.761 26.707 26.229 24.837 23.383 22.029 20.643 18.735 17.246 15.739 16.147 16.328 17.862 19.465 21.390 21.936 22.985 21.082 20.251 22.458 22.707 20.726 22.200 23.905 23.549 22.869 23.834 22.518 23.891 23.482 22.326 22.719 21.450 21.843 20.863 20.460 18.732 17.480 15.536 13.178 11.120 8.572 6.958 4.200 1.548 0.001 1.899 4.124 6.188 7.966 10.630 12.507 13.576 15.073 17.259 18.796 19.449 21.019 22.078 22.665 23.586 24.454 25.391 26.071 25.745 26.176 27.242 27.746
21.175 20.098 19.029 19.133 19.912 20.026 22.599 23.362 24.628 25.816 26.555 27.464 27.773 27.188 27.389 26.450 26.177 25.121 23.504 22.565 21.308 19.539 18.422 16.543 17.128 16.859 18.335 19.977 22.046 22.504 23.582 21.288 20.754 22.708 22.880 20.983 22.087 23.935 23.322 22.828 23.992 22.672 24.215 23.931 22.955 23.774 22.741 23.482 22.516 22.760 21.062 20.392 18.466 16.379 13.983 12.155 9.225 6.424 4.016 1.527 0.001 1.730 3.713 5.868 7.802 9.183 11.331 13.101 14.687 16.456 17.516 19.381 20.407 21.122 22.095 23.202 24.251 24.987 24.481 25.014 26.073 26.724
20.444 18.782 17.937 17.527 18.754 18.763 21.497 22.437 24.286 25.608 26.243 27.399 27.640 27.150 27.452 26.581 26.303 25.235 23.823 22.686 21.009 19.124 17.795 15.381 16.145 15.807 17.767 19.024 21.208 21.629 22.672 20.392 19.519 21.716 21.760 19.609 20.814 22.911 22.391 21.653 22.962 21.619 23.253 23.086 21.971 22.778 22.078 22.878 22.146 22.328 20.649 20.135 18.688 16.202 14.277 12.668 9.722 7.466 5.586 3.619 1.235 0.001 1.207 2.812 5.194 6.841 9.010 10.843 13.244 15.372 16.360 17.700 19.129 20.097 21.144 21.900 23.253 24.043 23.387 24.240 25.690 26.243
19.764 18.354 17.715 16.905 18.463 18.431 20.850 21.958 23.747 25.320 26.221 27.173 27.566 27.073 27.310 26.413 26.113 24.924 23.550 22.412 20.897 19.072 17.513 15.541 16.063 15.227 17.690 18.288 20.474 20.954 21.955 19.705 18.691 20.679 20.893 18.720 19.716 21.722 21.184 20.267 21.670 20.128 22.028 22.033 21.100 22.152 21.351 22.539 21.743 22.388 20.581 20.738 19.371 16.700 15.096 13.775 10.946 8.713 6.941 4.752 2.957 1.126 0.002 1.487 3.806 6.184 7.378 8.713 11.482 13.982 14.117 15.656 17.328 18.180 19.071 20.108 21.573 22.512 22.066 23.376 24.986 25.765
19.964 18.258 17.954 17.046 18.291 18.369 21.037 22.121 23.816 25.526 26.207 27.399 27.807 27.162 27.616 26.668 26.670 25.392 23.968 23.368 21.350 19.679 17.825 16.180 16.700 15.788 17.893 18.488 20.409 20.821 21.981 19.648 18.451 20.804 20.697 18.531 19.412 21.308 20.692 19.801 21.343 19.746 21.951 21.998 21.445 22.503 21.725 23.042 22.315 23.159 21.406 21.878 20.517 17.957 16.521 15.417 12.795 10.986 9.136 6.931 5.008 3.566 1.226 0.000 1.650 3.964 5.651 6.261 7.659 10.579 11.831 12.903 13.972 15.271 16.635 17.346 18.943 20.096 19.264 20.581 22.654 23.597
20.018 18.824 17.978 17.137 18.513 18.511 20.857 22.125 23.609 25.263 25.952 27.240 27.624 27.193 27.519 26.678 26.607 25.495 24.097 23.307 21.179 19.671 18.138 15.974 16.322 16.007 17.958 18.600 21.108 21.329 22.673 20.172 19.120 21.128 21.780 18.960 19.942 22.420 21.396 20.285 22.114 20.359 22.265 22.534 21.788 23.075 22.474 23.677 23.166 23.796 22.306 22.533 21.140 18.425 17.205 16.768 14.218 12.982 11.382 10.057 6.897 6.284 4.024 0.905 0.000 1.931 4.548 5.564 5.932 7.781 10.639 12.382 13.742 14.484 15.396 16.483 17.741 18.809 18.147 19.261 21.769 22.882
20.081 18.202 17.413 16.982 17.638 17.853 20.074 21.585 23.217 25.199 25.927 27.187 27.511 27.177 27.536 26.748 26.458 25.352 24.360 23.141 21.004 19.643 17.704 16.257 16.455 16.438 18.302 18.900 21.240 21.616 22.434 20.282 18.985 21.166 21.085 18.872 19.761 21.592 20.972 19.777 21.245 19.819 21.565 21.752 21.081 22.404 22.069 23.465 23.249 24.100 22.933 23.566 22.543 20.297 19.820 19.589 17.867 17.245 16.638 14.982 12.417 10.406 7.068 5.000 1.039 0.001 1.791 4.187 5.936 5.516 7.861 10.572 11.786 12.473 13.601 15.188 16.314 18.081 17.802 19.014 21.743 22.827
19.552 17.692 17.392 16.506 17.738 17.786 20.284 21.598 22.920 24.838 25.386 26.802 27.220 26.707 27.209 26.184 26.079 24.812 23.756 22.869 21.072 19.357 17.572 16.122 16.506 16.176 18.205 19.266 20.900 21.156 21.789 20.023 18.739 20.314 20.521 18.429 19.462 20.671 20.618 19.525 20.655 19.421 21.321 21.489 21.199 22.349 21.877 23.351 23.106 23.852 22.926 23.362 22.570 20.686 20.310 19.862 18.108 17.624 16.911 15.291 13.017 10.607 7.530 6.128 4.109 0.818 0.000 1.480 3.761 4.799 5.386 7.227 9.027 10.658 11.693 13.152 15.200 16.954 16.533 17.930 20.586 21.737
20.048 18.233 17.519 16.706 17.791 17.992 20.251 21.828 23.399 25.131 25.930 27.047 27.466 27.114 27.565 26.748 26.754 25.372 24.444 23.418 21.130 19.737 17.900 16.070 16.562 16.427 18.517 19.047 21.147 21.436 22.395 19.955 19.014 21.261 21.067 18.315 19.621 21.409 20.653 19.381 20.968 19.468 21.579 21.685 21.289 22.606 22.103 23.734 23.437 24.453 23.180 24.021 22.752 20.800 20.527 20.150 18.351 17.934 17.050 15.264 13.047 10.831 8.881 6.434 5.617 4.038 0.762 0.000 1.533 3.502 4.948 5.115 6.965 8.942 10.413 11.760 13.800 15.542 15.110 17.089 19.317 20.801
20.004 18.322 17.666 16.625 18.213 17.951 20.576 21.718 23.245 24.826 25.899 26.750 27.203 26.943 27.169 26.633 26.337 25.141 24.063 23.348 21.320 19.974 18.178 16.528 16.662 16.732 18.676 19.442 21.443 21.399 22.181 20.162 19.028 20.503 20.738 18.556 19.268 20.854 20.773 19.220 20.900 19.832 21.499 21.684 21.579 22.789 22.453 23.995 23.703 24.615 23.629 24.077 22.992 21.268 21.094 20.920 19.417 18.935 18.276 16.882 14.580 13.656 11.684 7.592 6.104 5.921 4.038 0.722 0.001 1.592 3.821 5.127 5.340 7.195 9.549 10.933 13.175 14.710 14.413 16.342 19.021 20.411
20.530 18.396 18.229 17.191 18.468 18.408 21.014 22.334 23.640 25.520 26.215 27.404 27.751 27.404 27.705 27.145 27.003 25.976 25.130 24.167 22.113 20.557 19.088 17.413 17.578 17.370 19.098 19.608 21.946 21.988 22.779 20.431 19.287 20.769 20.916 18.597 19.227 20.946 21.064 19.439 20.622 19.629 21.309 21.607 21.556 22.848 22.831 24.408 24.104 25.142 24.427 25.049 24.314 22.623 22.412 22.345 20.859 20.523 20.081 18.782 17.001 15.993 13.064 10.824 7.480 6.537 6.487 3.873 0.766 0.001 1.488 4.308 5.455 5.767 8.053 9.851 11.876 13.855 14.014 16.297 19.223 20.656
19.880 17.962 17.718 16.539 18.305 17.663 20.503 22.003 23.236 24.850 25.705 26.515 27.045 26.742 27.024 26.333 26.178 24.969 24.046 23.084 21.129 19.760 18.062 17.079 17.136 17.305 18.948 19.971 21.677 21.597 22.361 20.421 18.999 20.704 21.010 18.717 19.207 20.765 20.430 18.845 20.531 19.315 21.383 21.471 21.224 22.618 22.400 23.926 23.502 24.461 23.650 24.391 23.290 21.904 21.781 21.676 20.145 20.153 20.234 19.101 17.559 15.900 14.540 11.107 10.464 7.557 6.206 5.011 3.834 0.764 0.001 1.461 3.527 5.134 6.228 7.981 10.626 12.988 12.777 15.550 18.137 19.853
20.211 18.036 17.529 16.932 17.974 18.145 20.716 21.836 23.357 24.902 25.774 26.824 27.205 26.910 27.276 26.536 26.379 25.235 24.241 23.160 20.936 19.707 17.977 16.665 17.056 17.180 19.046 20.127 21.717 21.642 22.644 20.322 19.062 20.635 21.090 19.002 19.213 21.115 20.747 19.948 20.482 19.590 21.376 21.222 21.218 22.164 22.534 23.553 23.700 24.423 24.125 24.613 23.746 22.673 22.413 22.509 21.130 20.958 20.832 19.807 17.970 16.666 15.638 12.917 12.155 11.049 7.541 6.853 6.258 3.865 0.754 0.000 1.250 3.859 5.763 7.247 9.730 11.889 11.723 13.914 16.299 18.304
20.839 18.862 18.306 18.010 19.014 18.905 20.796 22.160 23.541 25.130 26.088 27.026 27.307 27.179 27.171 26.834 26.398 25.288 24.631 23.407 21.576 20.491 19.217 18.199 18.469 18.243 20.205 20.842 22.281 22.446 23.018 20.641 19.662 21.270 21.281 19.183 19.992 21.305 20.909 19.725 20.825 19.729 21.589 21.568 21.602 22.733 22.971 24.276 24.300 25.213 24.703 25.482 24.657 23.583 23.633 23.841 22.719 22.506 22.489 21.345 19.741 18.508 17.014 14.901 13.169 11.643 10.649 7.458 6.299 5.137 3.804 0.909 0.001 1.629 4.596 6.215 7.958 10.765 11.263 13.221 16.179 17.983
22.306 20.966 20.094 19.331 20.067 19.401 21.527 22.833 24.052 25.411 26.108 26.957 27.545 27.222 27.575 26.937 26.821 25.978 24.935 24.283 22.421 21.110 20.304 19.297 20.036 20.296 21.795 22.509 24.106 24.051 24.632 22.672 21.516 22.827 22.745 20.817 21.431 22.524 22.216 20.774 22.125 20.906 22.829 23.035 22.663 24.054 24.255 25.313 25.095 25.905 25.613 26.250 25.545 24.700 24.766 24.959 23.710 23.974 24.147 22.972 21.566 19.505 18.828 17.018 14.366 12.849 11.945 10.020 7.190 5.680 5.052 4.021 0.915 0.001 1.673 4.517 6.596 9.351 10.142 12.668 14.985 17.470
23.769 22.335 21.435 20.335 20.965 20.267 21.881 22.619 23.863 25.240 26.101 26.706 27.175 26.989 27.303 26.825 26.609 25.649 25.010 24.314 22.720 21.881 21.190 20.403 21.504 21.646 23.621 23.914 25.351 25.158 25.682 23.893 23.224 24.250 24.093 22.040 22.704 23.813 23.026 21.622 23.166 22.103 23.979 24.163 23.664 24.991 25.049 25.995 25.899 26.757 26.379 27.082 26.476 25.716 26.004 26.249 25.509 25.483 25.636 24.835 23.361 22.013 21.365 19.519 17.366 15.319 13.322 12.032 10.316 7.387 6.573 6.622 4.409 1.187 0.001 1.847 5.152 6.996 7.866 11.206 13.161 14.903
23.429 22.321 21.535 20.371 21.129 20.341 21.949 22.878 23.762 25.237 25.922 26.800 27.264 27.030 27.311 26.822 26.812 25.936 25.413 24.811 23.264 22.715 22.114 21.655 22.350 22.318 24.010 24.301 25.191 24.897 25.345 23.707 22.962 23.688 23.731 21.488 21.977 23.091 22.399 21.057 22.232 21.100 22.818 23.134 23.082 24.252 24.979 25.760 25.961 26.759 26.820 27.385 26.851 26.574 26.718 26.992 26.605 26.769 26.925 26.288 25.020 23.783 22.923 21.054 19.843 18.076 15.726 13.921 12.259 10.508 7.818 7.144 6.139 3.840 1.500 0.000 1.305 3.493 4.964 6.830 8.322 10.414
24.296 22.828 22.357 20.911 21.842 21.210 22.735 23.513 24.197 25.791 26.018 26.890 27.181 26.990 27.487 26.833 26.939 26.064 25.638 25.197 23.739 23.285 22.927 22.450 23.480 23.315 25.172 25.319 26.200 25.622 26.057 24.499 23.869 24.415 24.064 21.958 22.391 23.387 22.245 21.168 22.083 21.342 22.904 23.365 23.268 24.600 24.956 25.941 26.270 27.195 26.991 27.826 27.359 27.153 27.316 27.635 27.182 27.625 27.561 27.027 26.088 24.595 24.376 22.566 20.852 18.926 17.188 15.089 13.355 11.805 9.390 8.135 7.001 5.295 3.272 1.016 0.001 1.256 3.058 4.960 6.156 8.037
24.876 23.714 23.229 21.933 22.390 21.841 23.002 23.324 24.359 25.321 26.039 27.086 27.431 27.265 27.443 26.945 26.989 26.245 25.895 25.541 24.454 24.156 23.580 23.278 24.093 23.747 25.739 25.942 26.647 26.022 26.313 24.874 24.322 24.830 24.577 22.446 22.879 23.721 22.906 21.579 22.634 21.644 23.074 23.626 23.446 24.768 25.368 26.222 26.461 27.418 27.381 27.959 27.505 27.325 27.477 27.797 27.346 27.686 27.896 27.425 26.649 25.522 25.091 23.399 22.149 20.332 18.227 16.659 15.328 13.964 11.622 10.691 9.057 6.912 5.074 2.954 0.996 0.001 1.446 3.406 5.543 6.492
25.379 24.226 23.941 22.689 22.965 22.444 23.113 23.659 24.197 25.410 25.976 26.921 27.232 27.229 27.501 27.134 27.104 26.514 26.207 25.921 24.680 24.527 24.141 23.749 24.690 24.338 26.010 26.093 26.768 26.482 26.693 25.617 24.879 25.396 25.048 23.493 23.780 24.402 23.715 22.451 23.350 22.736 23.910 24.255 24.264 25.412 25.822 26.833 26.852 27.790 27.554 28.151 27.806 27.443 27.694 27.809 27.468 27.622 27.680 27.385 26.462 25.491 25.110 23.619 22.371 21.015 19.468 18.176 16.329 15.357 13.649 12.154 10.030 8.299 6.686 4.642 2.789 0.974 0.001 1.742 4.269 5.720
26.353 25.057 24.765 23.449 23.830 22.967 23.791 24.270 24.510 25.549 26.039 26.928 27.527 27.599 27.595 27.324 27.375 26.566 26.589 26.380 25.112 25.292 25.001 24.451 25.651 25.038 26.729 26.589 27.508 27.307 27.380 26.126 25.653 26.250 25.433 24.098 24.442 25.109 24.046 22.959 24.008 23.482 24.628 24.981 25.020 25.958 26.294 27.372 27.479 28.187 27.977 28.451 28.341 27.787 28.155 28.164 27.897 28.096 28.233 27.780 27.186 25.865 25.591 24.513 23.137 21.707 20.228 18.596 16.876 15.527 14.115 12.568 10.771 9.449 8.203 5.903 5.621 3.851 1.135 0.003 1.437 4.209
26.493 25.347 24.976 23.567 23.857 23.185 23.563 23.906 24.498 25.490 26.038 26.896 27.378 27.197 27.346 26.951 27.098 26.400 26.143 26.336 25.250 24.769 25.199 24.719 25.838 25.376 26.900 26.783 27.709 27.158 27.620 26.100 25.901 26.406 25.535 24.580 24.968 25.337 24.238 23.420 24.293 23.630 24.614 25.143 24.896 26.003 26.322 27.250 27.376 28.145 28.145 28.550 28.095 27.903 28.231 28.203 27.813 28.063 28.148 27.586 27.233 25.887 25.582 24.735 23.628 21.821 20.132 18.948 17.029 15.795 14.484 13.243 11.565 9.786 9.593 7.728 6.727 6.265 3.914 1.215 0.003 1.549
26.573 25.385 24.913 24.088 24.174 23.865 24.063 24.078 24.678 25.169 25.842 26.782 27.068 27.153 27.207 26.967 26.755 26.264 26.172 25.913 25.253 25.097 24.999 24.958 25.630 25.419 26.876 26.982 27.557 27.455 27.704 26.702 26.318 26.768 26.442 25.325 25.607 25.971 25.222 24.261 24.846 24.382 25.109 25.462 25.337 26.203 26.480 27.138 27.419 28.070 27.662 28.176 28.089 27.690 27.811 27.971 27.679 27.940 28.100 27.869 27.362 26.355 26.238 25.469 24.516 23.454 21.915 21.542 20.119 18.446 17.934 17.009 15.310 13.537 13.290 11.128 8.394 7.196 6.829 3.805 1.328 0.006
