0.002 1.389 3.446 4.378 6.212 9.206 10.185 12.806 13.834 15.523 16.633 15.997 16.799 15.821 14.494 14.932 14.347 15.819 17.077 16.820 16.333 13.628 15.246 15.652 18.389 19.402 20.315 20.512 17.793 18.089 19.432 18.700 16.753 18.109 19.948 19.047 18.278 18.939 21.038 22.061 24.356 25.347 24.213 22.571 20.697 20.213 18.764 20.008 20.015 21.999 23.224 22.377 22.530 20.882 21.840 20.631 19.020 20.071 19.743 20.652 21.170 21.951 20.933 22.072 22.815 24.002 25.217 25.703
0.878 0.001 1.212 2.286 3.451 4.433 6.734 7.902 10.188 11.863 13.677 13.631 15.242 14.695 12.944 13.921 13.016 15.271 16.163 16.466 15.033 12.686 14.435 14.577 17.647 18.866 19.598 19.779 16.890 16.958 18.339 18.072 14.708 16.519 18.670 17.973 15.676 16.819 19.833 21.004 23.893 24.997 23.312 21.729 18.904 18.711 16.342 18.349 17.661 21.139 22.455 21.513 22.077 19.463 21.177 19.899 17.591 19.132 18.111 19.652 20.571 20.878 19.804 21.254 21.518 23.454 24.591 25.151
2.210 0.947 0.000 0.997 2.199 3.083 4.615 6.532 7.915 10.071 11.655 11.245 12.636 12.124 11.146 12.476 11.954 14.335 15.868 15.855 15.284 12.684 14.366 14.201 17.141 18.343 19.188 19.894 17.139 16.624 17.640 17.410 14.587 15.462 17.047 16.263 14.384 15.596 18.344 20.088 22.700 23.966 22.927 20.805 18.324 17.625 15.446 16.882 17.259 19.735 21.280 20.722 20.824 18.712 20.074 19.116 16.802 18.539 17.882 19.998 20.521 20.807 19.892 20.987 20.994 22.720 24.059 24.726
2.943 2.098 0.877 0.000 1.032 1.900 3.248 4.661 6.799 8.558 10.739 10.674 12.785 12.362 10.794 12.136 11.762 13.958 15.292 15.394 14.914 12.483 14.369 14.308 17.125 18.232 19.065 19.233 16.585 16.479 17.309 17.287 14.221 15.112 16.855 16.617 14.234 14.935 18.030 19.469 22.295 24.124 22.434 20.702 17.665 17.267 14.620 16.741 16.638 20.046 21.335 20.758 20.934 18.288 19.959 18.758 16.463 18.116 17.402 19.579 20.384 20.326 19.319 20.944 20.773 23.243 24.409 24.946
4.021 2.987 1.925 0.854 0.000 0.934 2.272 3.810 5.518 7.600 9.364 10.213 11.906 11.554 10.472 11.781 11.166 13.443 14.878 14.906 14.712 12.189 14.263 13.699 16.970 17.996 18.743 19.012 16.361 16.021 17.126 16.747 13.878 14.853 16.504 15.787 13.964 14.623 17.597 19.113 22.038 23.427 22.524 20.317 17.712 16.817 14.619 16.266 16.460 19.342 21.012 20.109 20.461 17.987 19.490 18.433 16.073 17.872 17.067 19.250 19.995 20.296 19.247 20.664 20.707 22.492 23.792 24.308
5.980 4.860 3.252 2.073 0.989 0.000 1.297 3.130 4.769 6.496 8.611 9.676 11.820 11.775 10.563 12.061 11.656 14.107 15.380 15.584 15.337 13.028 14.949 14.232 17.523 18.376 19.151 19.113 16.619 16.670 17.531 17.074 14.524 15.564 17.008 16.534 14.439 15.342 18.116 19.528 22.339 23.986 22.806 20.742 17.621 17.106 14.243 16.406 16.489 19.657 21.072 20.212 20.330 17.716 19.497 18.360 16.335 18.128 17.373 19.750 20.639 20.588 19.747 21.310 21.227 23.397 24.302 24.756
8.250 7.200 5.372 3.656 2.798 1.088 0.000 1.370 3.574 5.647 7.187 8.836 11.073 11.330 10.489 12.080 11.809 14.591 16.029 16.279 15.735 13.255 15.487 14.586 17.948 18.529 19.419 19.477 16.647 16.892 17.713 17.400 14.524 15.819 17.322 16.856 14.654 15.401 18.154 20.137 22.682 24.193 23.268 21.001 18.152 17.200 14.690 16.613 17.083 19.819 21.188 20.194 20.502 18.082 19.737 18.810 16.458 18.609 17.715 20.310 21.004 21.185 19.993 21.657 21.646 23.791 24.596 25.149
11.576 10.713 8.294 6.617 4.520 3.297 1.211 0.002 1.540 4.029 5.800 7.852 9.848 10.874 10.912 12.802 13.346 15.924 18.019 18.560 18.703 15.678 18.442 16.623 19.919 20.075 21.453 21.229 17.992 19.216 20.447 19.323 16.895 19.011 20.404 19.148 17.756 18.839 21.079 22.107 24.509 25.456 24.588 22.750 20.184 19.437 16.920 18.701 18.651 21.264 22.095 21.131 21.599 19.684 21.288 20.507 18.789 20.798 20.085 22.097 23.048 23.260 22.303 23.905 23.716 25.484 26.303 26.481
14.771 14.047 11.611 9.684 7.246 5.352 3.691 1.300 0.003 1.654 4.032 7.030 9.314 11.164 11.197 13.780 15.302 17.914 19.772 20.716 20.704 18.531 20.008 18.694 21.143 21.237 22.076 21.804 19.032 19.985 20.740 19.752 17.721 19.090 20.696 19.622 18.216 19.148 21.228 22.486 24.666 25.687 24.972 23.237 20.904 20.038 18.025 19.236 18.881 21.284 22.129 21.410 21.699 20.206 21.249 20.848 19.763 21.534 20.881 22.763 23.612 23.730 23.003 24.301 24.212 25.774 26.321 26.502
18.301 16.412 15.091 12.370 10.270 7.500 5.640 3.777 1.305 0.001 1.622 4.937 6.838 9.281 10.620 13.506 15.783 17.802 20.128 21.008 21.368 19.484 21.313 20.249 22.614 22.874 23.681 23.439 20.508 21.552 22.039 21.194 19.242 20.515 21.493 20.491 19.065 20.318 22.087 23.206 25.009 26.074 25.426 23.780 21.919 20.918 19.339 20.025 19.646 21.613 22.156 21.105 21.710 20.336 21.481 21.269 20.166 22.026 21.748 23.404 24.314 24.364 23.703 24.761 24.616 26.105 26.752 26.852
22.480 20.600 18.737 15.822 13.349 10.694 8.373 5.987 3.971 1.472 0.000 1.695 4.015 6.643 8.494 11.557 13.864 17.090 18.344 20.316 20.920 19.769 21.914 21.107 23.627 23.805 24.424 24.079 21.434 22.034 22.358 21.245 19.258 20.052 21.274 20.065 18.532 19.307 21.322 22.559 24.242 25.463 24.770 22.944 20.955 19.664 18.247 19.103 19.293 21.113 21.813 20.551 21.079 19.572 20.554 20.462 19.162 20.973 20.919 22.704 23.924 23.983 23.309 24.459 24.272 25.699 26.324 26.663
25.707 24.829 23.787 21.900 20.079 16.584 14.202 10.882 7.602 4.173 1.397 0.001 1.850 4.581 8.079 12.289 14.651 18.848 20.614 21.856 22.966 22.550 24.099 23.805 25.510 25.773 26.185 25.931 24.253 24.355 24.454 23.745 21.927 22.237 22.922 21.473 19.846 20.908 22.292 23.383 24.869 25.644 25.310 23.376 21.823 20.658 19.077 19.708 19.290 21.316 22.015 20.569 20.588 19.436 20.044 20.280 19.517 21.241 21.372 23.156 24.358 24.683 24.034 25.058 24.968 26.475 26.812 27.282
23.610 21.849 20.485 17.460 16.622 13.197 12.221 10.177 8.014 6.707 4.066 1.552 0.000 1.756 4.301 6.403 8.127 11.383 11.387 14.101 15.587 15.429 19.100 19.515 22.622 23.142 24.145 23.981 21.279 21.217 21.893 21.071 18.367 19.355 20.393 18.872 16.824 17.423 19.453 20.665 22.768 24.280 23.387 21.037 18.742 18.002 16.093 17.712 18.234 20.197 21.407 20.032 20.023 18.198 18.881 18.566 16.785 18.814 18.251 20.568 21.846 22.480 21.692 23.288 23.128 25.112 25.791 26.304
19.074 17.423 15.939 13.477 13.605 11.061 11.002 10.648 8.791 8.503 5.772 3.848 1.307 0.001 1.192 2.413 3.514 5.437 7.213 8.886 10.543 10.678 14.654 15.826 18.860 19.817 21.061 20.853 17.980 17.875 19.077 18.006 15.046 16.338 17.834 16.486 14.449 15.237 17.726 19.239 21.757 23.376 22.313 19.739 17.122 16.206 14.607 15.946 16.468 19.064 20.643 19.779 19.832 17.749 18.685 17.964 15.955 17.569 17.070 19.193 20.798 21.198 20.142 21.879 21.922 24.122 24.896 25.465
19.168 16.875 15.754 12.880 13.193 10.818 11.436 11.218 10.045 9.937 7.127 5.467 2.898 0.985 0.001 1.059 1.867 3.489 4.645 6.753 9.097 9.722 13.798 14.797 18.346 19.010 19.792 19.755 17.089 16.649 17.797 17.110 14.336 15.190 16.697 15.821 14.021 14.862 17.365 18.949 21.568 23.368 22.450 20.160 16.963 16.251 14.206 15.680 15.865 18.782 20.333 19.749 19.370 17.064 18.357 17.354 15.382 17.145 16.679 19.388 20.672 21.117 19.987 21.724 21.482 23.895 24.755 25.530
18.675 17.113 15.798 13.261 13.671 10.895 11.672 11.441 10.099 10.175 7.363 5.627 3.679 2.194 0.783 0.000 1.028 2.305 3.504 5.742 8.359 9.361 12.593 14.134 17.371 18.514 19.578 19.717 16.884 16.668 18.002 17.242 14.502 15.577 16.994 16.071 14.152 15.008 17.425 19.213 21.500 23.095 22.298 19.647 17.436 16.137 14.517 15.946 16.466 19.329 20.876 19.760 19.955 17.270 18.767 17.649 15.514 17.353 17.047 19.078 20.641 21.064 20.216 21.907 21.737 23.945 24.779 25.544
19.627 17.279 15.837 13.208 13.904 11.470 12.491 12.074 11.060 11.236 9.099 6.722 5.020 3.083 1.881 0.928 0.000 1.007 2.160 4.328 6.993 8.802 12.374 13.344 16.820 17.827 18.626 19.059 16.503 15.935 17.246 16.695 14.105 14.714 16.572 15.618 13.926 14.432 17.010 18.715 21.240 22.745 21.983 19.833 16.826 16.196 14.030 15.839 16.249 19.269 20.895 19.760 19.521 17.208 18.604 17.451 15.252 16.955 16.526 18.738 20.244 20.453 19.577 21.382 21.169 23.467 24.458 25.254
19.090 17.186 16.615 13.434 14.424 12.179 13.023 13.348 12.422 12.873 11.222 8.886 7.648 5.330 3.340 2.404 0.897 0.001 1.244 3.370 5.906 8.056 11.217 13.065 16.314 17.711 18.319 18.975 16.307 15.877 17.078 16.703 14.041 14.863 16.586 15.832 14.093 14.646 17.264 18.707 21.224 22.596 21.759 19.510 16.780 16.455 14.445 16.359 16.489 19.759 21.291 20.182 20.245 17.570 19.075 17.755 15.443 17.599 16.924 19.013 20.412 20.606 19.637 21.548 21.687 23.805 24.728 25.536
18.901 16.687 15.961 13.755 14.629 13.118 14.265 14.587 14.238 15.096 14.185 12.362 11.877 9.505 7.038 4.574 2.978 1.106 0.001 1.411 2.773 5.279 7.362 9.841 11.637 13.835 14.744 16.069 14.029 13.209 15.586 15.642 13.774 14.550 16.828 16.360 14.584 15.331 18.422 18.656 21.746 22.871 21.926 19.881 17.357 17.362 15.318 17.806 17.570 20.879 22.123 21.073 21.565 18.605 20.210 18.924 16.042 18.086 16.949 19.114 20.254 20.605 19.306 21.215 21.376 23.479 24.808 25.322
18.769 16.751 16.289 13.993 15.312 14.100 15.880 17.006 16.856 18.352 17.552 15.663 14.656 11.668 10.021 7.145 5.081 3.638 1.145 0.001 1.022 2.220 3.497 5.928 8.024 9.931 11.137 12.660 11.463 10.565 13.100 14.029 12.402 12.921 15.094 15.181 13.659 13.821 16.476 17.282 20.128 21.362 20.502 18.388 15.673 15.819 14.157 16.512 16.636 20.315 21.823 21.115 21.058 18.421 19.979 18.438 15.875 17.071 16.308 18.284 19.296 19.316 18.516 20.220 20.408 22.390 23.624 24.754
17.485 15.571 14.715 13.083 14.397 13.885 15.870 17.287 17.824 19.444 19.422 17.682 16.428 14.170 11.977 9.250 6.715 4.380 2.189 0.767 0.001 0.816 2.022 2.855 4.419 6.513 8.159 10.014 8.577 8.932 10.680 12.251 10.842 11.209 13.575 14.032 12.797 12.925 15.751 16.594 19.917 21.332 20.296 18.343 15.141 15.405 13.454 15.500 15.969 19.525 21.373 20.620 20.873 18.091 19.401 18.124 15.104 16.953 15.949 18.264 18.980 19.483 18.001 20.027 19.733 22.017 23.066 23.837
17.450 15.262 14.658 13.045 14.449 13.837 15.992 17.502 17.768 19.671 19.440 17.628 16.944 14.556 12.152 10.550 7.485 5.752 3.308 1.681 0.735 0.000 0.968 1.823 3.194 5.176 7.240 8.899 7.839 8.260 10.451 11.511 9.909 10.741 13.441 13.273 12.166 12.587 15.034 16.501 19.653 21.188 19.934 18.248 15.309 14.903 13.199 15.181 15.360 18.934 20.951 20.391 20.802 18.157 19.526 17.897 15.265 16.415 15.817 18.043 19.133 19.134 18.208 19.891 19.870 22.281 23.324 24.411
17.952 15.037 14.649 13.021 14.620 14.071 16.548 17.876 18.666 20.199 20.032 18.487 17.530 15.482 12.474 10.495 7.745 6.142 4.403 2.613 1.825 0.845 0.000 0.954 2.267 4.181 6.010 7.200 6.933 7.447 9.505 10.661 10.062 10.790 13.053 13.174 12.561 12.847 15.656 16.912 20.016 21.246 20.204 18.463 15.289 15.321 13.279 15.337 15.911 19.172 20.770 20.422 20.845 18.251 19.850 18.063 15.376 16.777 15.988 18.197 18.944 19.608 17.922 19.755 19.497 21.500 22.768 23.836
18.563 16.166 15.645 13.796 15.426 14.683 17.064 18.035 18.767 20.410 20.949 19.195 18.447 16.567 13.641 12.287 9.313 8.809 7.230 5.052 3.302 2.227 0.992 0.001 1.195 3.372 5.325 6.713 6.766 7.232 9.317 10.639 9.832 10.797 12.689 13.370 12.772 13.256 15.570 17.027 19.525 21.189 20.025 18.252 15.396 15.066 13.348 15.223 15.568 18.401 20.313 20.142 20.542 18.392 19.797 18.101 15.773 16.559 15.952 18.182 19.135 19.220 18.060 19.573 19.528 21.690 22.988 24.111
18.636 16.208 16.230 13.905 15.991 15.452 18.104 19.441 20.413 21.840 22.071 20.397 19.490 17.662 14.591 13.549 10.810 10.677 9.767 8.401 6.517 4.391 3.301 0.923 0.001 1.894 3.759 6.557 6.606 7.249 9.522 11.568 10.984 11.995 13.619 14.478 14.194 15.075 17.252 18.254 20.875 22.226 21.130 19.262 16.797 16.578 14.885 16.763 16.997 19.879 21.429 20.903 21.201 18.892 20.340 18.700 16.497 17.666 16.708 18.859 19.470 20.070 18.311 20.361 19.810 22.249 23.275 23.777
19.522 18.468 18.308 16.871 19.271 18.337 21.457 22.541 23.427 24.685 25.142 23.887 23.751 22.574 20.021 19.634 17.146 17.265 16.354 13.987 10.872 8.491 5.142 3.730 1.147 0.000 1.457 4.055 5.227 5.865 6.813 9.839 11.270 11.357 13.455 14.596 14.631 15.667 17.684 18.839 21.431 22.928 22.323 21.453 19.082 19.423 17.607 19.187 19.203 21.744 23.176 23.246 23.424 21.477 22.781 21.520 19.198 20.178 18.423 20.310 20.757 20.761 19.804 20.996 20.884 22.473 23.439 24.141
20.093 18.346 18.334 16.619 18.278 17.531 19.897 20.945 21.765 23.030 23.755 22.308 22.128 20.495 17.853 18.064 16.149 17.224 17.117 15.651 13.340 10.744 7.586 5.998 3.208 0.898 0.001 1.133 2.627 4.241 4.159 6.024 7.556 8.825 9.850 10.160 11.134 12.658 14.908 17.013 19.813 21.754 21.462 20.173 17.577 16.844 15.099 15.869 16.748 18.902 20.657 20.820 21.657 19.993 21.705 20.761 18.498 19.576 18.120 20.273 20.684 21.134 19.526 21.330 20.725 22.906 23.608 24.359
20.039 18.486 17.941 16.228 17.706 16.788 19.342 20.081 20.856 22.080 22.665 21.101 21.124 19.604 17.185 17.905 16.094 18.246 18.171 17.689 15.339 11.740 9.583 6.975 5.287 2.210 0.673 0.001 1.059 2.405 3.766 3.799 4.864 7.050 8.248 8.678 9.324 11.273 13.884 16.462 18.957 21.292 21.013 19.345 16.991 16.094 14.029 14.807 15.461 17.788 19.803 19.811 20.717 19.328 21.127 20.165 17.991 19.464 18.135 20.193 20.917 21.061 19.717 21.271 20.865 22.720 23.620 24.380
20.339 18.879 18.386 16.501 18.215 17.052 19.508 20.017 21.318 22.638 23.257 21.578 21.590 20.113 17.582 18.535 16.678 18.201 18.655 17.969 15.844 12.433 10.908 7.246 6.146 4.242 2.802 0.672 0.001 1.422 2.732 4.235 3.529 5.075 7.566 8.378 8.901 10.828 13.404 16.534 18.942 21.071 20.764 19.496 16.916 15.997 13.787 14.760 15.699 18.194 20.412 20.162 20.834 19.034 21.001 19.999 17.755 19.544 17.767 20.318 21.039 20.888 19.578 20.945 20.653 22.756 23.190 24.069
20.712 19.241 18.782 17.091 18.435 17.803 19.989 20.767 22.031 23.269 23.873 22.515 22.246 20.734 18.488 18.924 17.458 18.565 18.746 18.666 16.205 13.245 11.094 8.118 6.971 5.336 4.730 2.538 0.646 0.000 1.215 2.819 3.598 3.760 5.571 7.295 9.207 10.059 12.570 15.788 18.266 20.807 20.649 19.538 16.371 15.774 13.862 14.675 15.950 18.348 20.550 20.425 21.226 19.714 21.193 20.077 18.078 19.576 18.193 20.561 21.034 21.010 19.619 20.968 20.909 22.497 23.394 24.003
20.855 19.293 18.472 16.838 18.309 17.427 19.773 20.706 21.596 23.031 23.394 22.164 21.796 20.337 17.887 18.384 16.735 18.325 18.543 17.881 15.954 12.925 10.907 7.812 7.395 5.913 4.476 4.491 2.546 0.651 0.000 1.226 2.372 3.947 4.029 5.179 7.105 9.963 12.313 15.277 17.826 20.206 19.924 18.347 16.004 15.189 13.103 14.061 14.840 17.595 19.719 19.588 20.653 19.074 21.147 20.095 17.834 19.389 18.297 20.482 21.163 21.065 19.672 21.063 20.628 22.662 23.320 23.892
20.856 19.149 18.335 16.334 17.858 16.541 19.308 19.939 21.085 22.637 22.859 21.017 20.461 18.711 16.272 17.080 15.504 17.673 17.373 17.151 15.594 12.781 11.376 8.515 9.105 6.692 5.520 4.626 4.010 2.338 0.649 0.001 0.972 2.405 3.932 4.602 5.908 8.164 11.319 14.353 16.599 19.037 19.038 17.041 14.561 13.494 11.544 12.615 13.720 16.625 18.582 18.607 19.234 17.833 19.480 18.360 16.496 17.766 16.833 18.809 19.810 19.901 18.642 20.159 19.983 21.838 22.743 23.536
20.735 19.065 18.286 16.184 17.869 16.567 19.259 19.570 20.876 22.408 22.966 21.086 20.713 18.960 16.520 17.299 15.746 17.583 17.741 17.154 15.709 13.220 12.352 8.945 10.894 7.876 7.367 5.499 4.296 4.087 2.112 0.720 0.000 1.164 3.028 4.233 4.850 6.953 10.097 12.585 14.973 17.640 17.545 16.013 13.182 12.629 10.817 12.015 13.668 16.782 18.981 18.699 19.194 17.484 19.467 18.356 16.136 17.607 16.220 18.513 19.427 19.113 18.080 19.378 19.127 21.084 22.074 23.404
21.399 19.769 18.798 16.902 18.398 17.150 19.873 20.636 21.768 23.535 23.784 22.317 21.952 20.076 17.432 18.123 16.552 18.557 18.487 18.129 16.246 14.071 12.896 10.031 11.427 9.757 9.018 7.670 4.853 4.411 4.183 2.651 0.742 0.000 1.171 2.796 4.367 6.809 9.180 12.399 15.101 17.793 17.745 16.437 13.166 12.850 11.252 12.296 14.153 17.161 19.363 19.471 20.203 18.475 20.406 18.990 16.734 17.941 16.529 18.811 19.656 19.504 18.112 19.604 19.050 21.116 22.105 23.112
21.566 20.110 18.736 16.947 18.288 17.064 19.385 20.035 21.016 22.466 22.819 21.398 20.550 19.285 16.849 17.676 16.178 18.376 18.571 18.066 16.590 14.188 13.349 11.261 12.223 12.185 11.098 10.481 8.090 5.692 5.270 4.922 2.978 0.703 0.001 1.070 2.942 6.056 8.420 12.608 14.951 17.588 17.428 15.818 13.014 12.607 10.778 11.482 13.480 16.377 18.146 18.239 18.979 17.675 19.329 18.469 16.340 17.773 16.789 19.010 19.792 19.781 18.547 19.642 19.318 21.433 22.248 22.936
22.558 21.054 19.605 17.560 18.864 16.955 19.633 19.663 20.983 22.246 22.727 20.952 20.328 18.966 16.788 17.807 16.353 19.190 19.030 19.384 17.988 15.905 15.871 13.879 14.882 13.624 12.631 11.972 10.210 8.463 6.076 5.533 5.253 2.805 0.937 0.001 1.143 3.623 6.451 9.952 12.095 15.070 15.409 13.756 11.329 11.033 10.178 10.860 12.920 16.049 17.790 17.820 18.103 17.276 18.681 18.151 16.100 17.739 16.682 19.208 19.915 19.893 18.434 19.745 19.334 21.399 22.215 23.033
23.152 21.643 20.336 18.238 19.268 17.426 19.784 20.088 21.435 22.844 23.287 21.431 20.914 19.206 17.025 17.988 16.744 19.024 19.258 19.435 18.439 16.479 16.929 15.474 16.832 15.756 15.225 13.457 11.401 10.873 8.753 6.217 5.700 5.086 2.885 1.053 0.000 1.466 4.278 6.643 8.799 11.115 11.428 10.807 9.418 9.791 9.470 10.773 13.261 16.116 18.003 17.902 18.708 17.317 18.984 18.043 15.733 17.341 16.044 18.672 19.569 19.259 17.943 19.257 18.800 21.216 22.222 23.533
24.056 22.747 21.220 18.792 19.990 17.894 20.591 20.868 22.302 23.372 23.779 22.595 21.889 20.085 17.845 18.964 17.641 20.237 20.639 20.952 19.435 18.122 18.374 17.006 18.717 18.159 17.494 16.486 13.937 13.013 12.035 9.281 7.279 6.342 6.161 3.374 1.105 0.000 1.310 3.013 4.831 7.002 8.922 8.732 8.370 9.977 9.533 10.977 12.818 15.946 17.680 17.976 18.874 17.507 19.572 18.852 16.198 17.724 16.276 18.800 19.552 19.239 17.606 18.745 17.906 20.111 21.057 21.839
24.297 23.353 21.697 19.331 20.463 18.395 20.954 21.006 22.308 23.575 24.014 22.354 21.538 20.097 17.965 19.343 17.967 20.881 21.036 21.089 19.697 18.217 18.844 17.567 19.642 19.614 18.843 17.629 15.518 13.904 12.751 10.676 8.431 7.387 6.839 5.036 2.926 0.989 0.001 1.131 2.478 4.024 5.755 5.995 7.023 8.182 9.439 10.492 12.995 16.204 17.897 17.884 18.788 17.436 19.162 18.095 15.600 17.127 15.727 18.333 18.913 18.522 17.447 18.260 18.031 20.202 21.044 22.122
24.373 23.243 21.793 19.393 21.056 18.930 21.910 21.759 23.232 24.366 24.838 23.365 22.559 20.937 18.446 19.990 18.158 21.232 21.288 21.282 19.808 17.814 18.709 17.751 19.649 19.445 18.968 18.051 15.672 14.252 13.144 11.270 9.389 8.079 7.575 6.142 4.645 2.570 0.960 0.002 1.116 2.962 5.427 6.640 7.753 8.951 10.541 11.828 13.836 16.769 18.545 18.647 19.478 17.747 19.497 18.480 15.985 17.061 15.639 17.861 18.624 18.257 16.731 18.086 17.426 19.606 20.530 21.555
23.989 22.702 21.521 19.352 20.930 19.034 21.563 21.489 22.665 23.844 24.285 22.751 22.042 20.584 18.771 19.697 18.042 20.676 20.499 20.849 19.342 17.988 18.790 17.706 19.701 19.711 19.026 18.064 16.217 14.731 13.685 11.960 10.041 8.939 8.782 7.325 5.825 3.805 2.751 0.929 0.000 1.324 3.259 4.725 7.082 8.857 10.413 11.996 14.682 16.779 18.497 18.773 19.229 17.325 18.896 17.875 15.780 16.822 15.194 17.458 17.928 17.688 16.626 17.653 17.327 19.658 20.693 21.588
24.484 23.403 22.454 20.246 21.871 19.786 21.944 21.984 22.824 24.017 24.456 22.958 22.256 20.870 19.197 20.070 19.280 21.260 21.168 21.285 20.327 19.089 20.075 18.979 21.259 21.234 20.629 20.250 18.272 16.731 15.569 14.722 12.970 11.575 11.165 10.361 8.885 7.380 4.851 3.495 1.300 0.000 1.562 3.377 6.225 8.267 10.792 12.224 14.750 16.782 18.330 18.546 19.243 17.251 18.922 18.026 15.477 16.824 15.687 17.678 18.366 18.302 16.944 18.215 17.972 20.011 21.111 22.204
24.602 23.148 22.279 20.216 21.650 19.467 21.960 21.861 22.908 24.212 24.762 23.143 22.113 20.555 19.023 19.615 18.608 20.752 20.826 20.834 19.695 18.121 19.637 18.417 21.182 21.411 21.157 20.743 18.307 17.292 17.183 16.300 14.190 13.520 13.752 13.162 11.416 9.095 7.704 5.330 3.335 1.387 0.001 1.056 2.861 6.139 7.174 10.716 12.917 15.582 17.130 17.238 17.588 16.094 17.681 17.077 14.620 15.812 14.516 16.583 17.506 17.592 16.236 18.084 17.979 20.264 21.512 22.833
23.973 22.526 21.210 18.863 20.057 18.085 20.655 20.867 21.915 23.367 23.842 22.094 21.406 19.507 17.501 18.499 17.464 19.800 19.765 20.054 18.612 17.479 18.458 17.463 20.194 20.085 19.948 19.463 17.386 15.963 15.070 13.862 11.990 10.953 11.665 10.417 9.092 7.544 7.438 5.836 4.777 2.892 0.866 0.001 1.078 2.843 3.732 6.033 7.820 10.387 12.453 13.217 15.068 14.139 16.731 16.343 13.536 15.188 14.110 16.835 17.008 17.237 16.046 17.631 17.380 19.786 20.899 22.394
23.858 22.332 21.027 18.622 19.858 17.522 20.363 20.783 21.886 23.459 23.907 22.258 21.455 19.634 17.037 18.279 16.763 19.574 19.880 19.673 18.678 17.462 18.376 17.731 20.552 20.603 20.487 19.885 17.769 16.403 15.910 14.933 12.093 10.987 12.180 10.943 9.451 8.160 9.283 6.934 7.147 5.449 2.583 0.946 0.000 1.051 2.263 3.896 5.030 7.488 9.543 10.724 13.414 12.845 15.791 15.128 12.892 14.469 13.391 15.882 16.397 16.459 15.270 16.994 16.728 19.188 20.569 22.004
23.765 22.366 21.232 18.852 19.942 17.657 20.266 20.514 21.485 23.346 23.700 21.704 21.047 19.318 17.148 18.262 17.164 19.694 19.721 19.659 18.339 17.347 18.056 17.420 20.020 20.333 20.314 19.827 17.466 16.196 15.510 14.442 11.654 10.837 11.906 10.730 9.049 8.241 8.758 7.403 7.003 5.884 3.378 2.228 0.806 0.000 1.154 2.532 3.677 5.565 7.933 9.415 12.447 12.159 14.670 14.638 12.624 14.344 13.610 15.893 16.385 16.389 15.686 16.795 17.150 19.153 20.693 21.900
24.319 22.646 21.439 18.997 20.263 17.667 20.265 20.398 21.479 23.015 23.147 21.799 20.936 19.008 16.906 18.165 16.733 19.508 19.726 19.894 18.919 17.675 18.723 17.836 20.635 20.827 20.540 19.961 17.605 16.402 15.675 14.489 12.296 11.663 12.406 11.323 9.562 9.254 9.215 9.200 8.728 7.188 5.332 3.448 2.227 1.068 0.001 1.096 2.563 4.124 6.713 8.352 11.637 11.515 14.475 14.203 12.473 13.989 13.357 15.862 16.348 16.633 15.865 17.443 17.622 20.168 21.163 22.602
24.037 22.875 21.421 19.030 20.144 17.925 20.338 20.522 21.367 23.023 23.459 21.527 20.787 19.432 17.492 18.351 17.420 19.962 19.996 20.210 19.148 17.808 18.873 17.868 20.748 20.997 20.898 20.055 17.593 16.547 16.288 15.199 12.161 11.664 13.516 11.934 9.573 9.275 9.435 9.789 9.877 10.214 8.033 5.695 3.756 2.783 1.000 0.002 1.254 3.076 5.306 7.660 10.554 11.165 13.869 13.979 12.425 14.085 13.720 16.207 16.840 17.071 16.060 17.479 17.503 19.969 20.985 22.079
24.120 22.791 21.350 19.279 20.096 18.502 20.615 20.836 21.735 23.513 23.461 21.859 20.806 19.336 17.938 18.833 17.745 20.129 20.446 20.611 19.599 17.944 19.044 18.625 21.322 21.661 21.546 20.905 18.454 17.438 16.865 15.786 13.138 12.378 13.428 12.372 10.116 10.134 10.267 10.560 11.288 11.464 10.037 7.813 5.879 4.207 2.808 1.091 0.001 1.508 4.105 6.738 9.509 10.754 13.715 14.124 13.427 15.352 14.712 17.282 17.259 17.234 16.513 17.880 18.338 20.587 21.515 23.166
23.930 22.715 21.306 19.325 20.038 18.598 20.318 20.732 21.319 22.957 23.159 21.264 20.713 19.579 17.546 18.373 17.579 20.024 20.471 20.626 20.059 18.428 19.544 19.016 21.498 21.739 21.811 21.129 18.736 17.708 17.156 16.237 13.623 13.085 14.128 12.457 10.419 11.496 12.911 13.657 15.447 16.616 15.103 12.267 9.654 7.585 5.039 3.659 1.199 0.002 1.839 4.290 7.193 8.767 12.042 13.071 13.266 15.581 15.560 17.530 18.421 18.653 17.598 19.197 19.149 21.409 22.296 22.906
25.922 24.663 23.531 21.284 21.689 19.991 21.261 21.555 21.934 23.452 23.260 21.336 20.486 19.755 18.182 19.345 18.953 21.326 21.936 22.350 22.276 20.588 22.020 21.304 23.805 24.003 24.112 23.555 20.842 20.345 19.666 18.331 16.197 15.540 15.929 14.501 12.433 13.806 15.246 17.166 19.091 20.655 19.536 17.337 14.173 11.574 8.778 5.941 3.799 1.500 0.001 1.524 4.044 6.705 8.861 11.185 12.749 16.128 17.231 19.594 20.967 21.943 21.221 22.742 22.511 24.038 24.359 24.929
25.964 24.699 23.705 22.028 22.013 20.622 21.576 21.670 22.211 23.315 22.911 21.539 20.499 19.116 17.898 18.967 18.857 20.834 21.629 21.955 21.805 20.911 22.131 22.054 24.063 24.359 24.330 23.971 21.887 21.195 20.933 19.466 17.666 17.537 17.680 16.268 14.581 16.206 17.755 19.843 20.883 22.852 22.156 20.198 17.545 15.015 12.066 9.458 6.941 3.406 1.116 0.001 1.646 3.613 5.946 8.586 11.263 15.277 16.539 19.646 21.473 22.052 21.714 22.897 22.754 23.887 24.379 25.426
25.327 23.948 22.789 20.399 21.167 19.229 20.693 21.332 21.556 22.836 22.976 21.184 20.428 19.518 17.380 18.654 17.798 20.234 20.814 21.165 20.839 19.391 21.039 20.409 22.982 23.536 24.057 23.615 21.014 20.346 20.469 19.230 16.831 16.438 17.515 16.166 14.377 15.262 17.017 18.781 20.703 22.228 20.914 18.657 16.096 14.053 11.362 9.715 7.288 5.932 2.943 1.248 0.001 1.493 3.192 4.800 6.878 8.672 10.407 12.202 15.035 16.803 16.907 19.031 19.799 22.147 23.255 24.441
25.586 23.834 22.838 20.619 21.514 19.724 21.238 21.462 22.032 23.474 23.550 22.107 20.529 19.505 17.581 18.833 17.983 20.197 20.652 20.550 20.250 18.832 20.557 20.370 22.862 23.600 23.948 23.565 21.083 20.186 20.655 19.660 17.230 17.033 17.852 16.692 14.689 15.440 17.041 18.284 20.086 21.824 20.007 17.938 15.327 13.913 11.202 11.136 8.382 7.965 5.136 3.385 1.156 0.000 1.215 3.137 5.244 6.455 8.651 11.274 13.302 15.671 16.139 18.035 19.182 21.217 22.501 23.683
24.819 23.293 22.225 19.789 20.753 18.924 20.417 20.909 21.310 22.806 22.859 21.104 20.047 18.892 17.158 18.267 17.299 19.831 20.335 20.273 20.019 18.532 20.279 19.593 22.461 23.237 23.847 23.460 20.646 19.847 20.465 19.489 16.518 16.185 17.679 16.478 14.370 15.065 16.772 17.723 20.151 21.367 19.486 17.323 14.754 13.323 11.135 11.110 8.834 8.697 6.542 4.518 2.902 1.014 0.000 1.775 3.611 4.931 6.959 9.173 11.114 14.038 14.709 17.177 18.508 20.926 22.399 23.682
25.316 23.835 22.733 20.453 21.283 19.319 21.447 21.534 22.493 23.862 23.946 22.050 20.818 19.612 18.078 19.635 18.202 20.723 20.721 20.532 19.863 18.330 19.713 19.049 21.829 22.529 23.107 22.906 20.383 19.202 19.714 19.200 16.369 15.728 17.334 16.765 14.433 14.635 16.407 17.514 20.073 21.066 19.226 16.635 14.129 13.114 11.179 12.062 10.352 10.916 8.785 7.013 4.638 3.254 1.486 0.000 1.275 2.664 3.420 5.039 7.724 9.569 10.741 13.624 15.715 18.666 20.717 22.133
25.223 23.344 22.122 19.944 20.910 19.184 21.368 21.695 22.316 23.640 23.794 22.178 21.001 19.443 18.035 18.867 18.243 20.681 20.658 20.229 19.378 17.834 19.582 18.427 21.670 22.088 22.218 22.014 19.857 18.473 18.938 18.437 15.639 15.166 16.826 16.205 13.738 13.631 15.493 16.611 19.165 20.576 18.398 16.107 13.231 12.913 11.265 12.540 11.580 13.120 10.725 7.898 5.705 4.122 2.538 0.988 0.000 0.949 1.790 3.068 4.709 7.455 8.920 12.152 14.501 17.196 19.553 21.456
24.691 22.967 22.114 19.863 20.696 19.025 21.039 21.640 22.341 23.965 24.137 22.176 21.121 19.669 18.333 19.506 18.183 20.390 20.744 19.914 19.449 17.532 19.239 18.410 21.353 21.999 22.348 22.168 19.665 18.357 18.801 18.249 15.654 15.027 16.461 15.791 13.821 13.685 15.594 16.535 18.969 20.248 18.339 15.950 13.280 12.550 11.340 12.524 11.978 13.083 11.514 8.989 6.627 4.542 3.332 1.994 0.816 0.001 0.881 2.017 3.788 6.199 7.759 11.107 14.044 16.463 18.969 20.768
25.562 24.070 23.188 21.246 22.070 19.877 22.240 22.397 23.012 24.604 24.653 23.051 21.973 20.196 18.852 19.940 18.826 21.148 21.154 20.793 19.490 17.974 19.546 19.228 22.209 22.769 22.939 22.859 20.884 19.337 19.874 19.546 16.744 16.024 17.843 17.098 15.075 14.321 16.163 16.722 19.332 20.470 18.422 15.924 13.645 13.330 12.285 14.065 13.657 15.199 13.921 11.383 8.677 6.245 4.887 3.161 1.815 0.928 0.000 1.241 3.379 5.526 7.613 10.852 13.914 16.295 19.156 21.121
24.533 22.870 21.944 20.244 21.125 19.758 21.581 22.144 22.876 24.301 24.562 22.710 22.123 20.246 18.748 19.690 18.504 20.173 20.409 19.857 19.224 17.175 19.173 18.477 21.441 22.266 22.616 22.650 20.397 19.215 19.671 19.464 16.766 16.145 18.067 17.429 15.306 14.691 16.572 17.031 19.511 20.404 18.444 16.132 13.664 13.312 12.377 14.251 14.796 16.673 15.955 13.671 11.258 8.588 7.752 5.610 3.511 2.627 1.076 0.000 1.842 4.255 6.875 9.130 12.596 14.893 17.706 19.743
24.821 23.920 23.108 21.613 22.529 21.555 23.205 23.791 24.207 25.738 25.941 24.153 23.780 21.760 20.525 20.721 19.732 21.131 20.952 20.800 19.661 18.521 19.729 19.496 22.278 23.058 23.619 23.900 21.944 20.559 21.402 21.703 19.329 18.647 20.526 20.528 18.679 17.667 19.054 18.644 21.258 21.692 19.204 17.294 15.596 16.332 16.199 18.819 19.119 21.119 21.075 18.908 17.379 14.413 12.357 10.059 8.315 5.033 3.994 1.760 0.000 2.005 5.155 6.762 9.993 11.443 13.338 16.017
24.864 23.454 22.813 21.202 22.097 21.352 23.157 23.751 24.726 25.871 26.375 25.081 24.740 22.893 21.359 21.340 20.478 21.857 21.751 21.368 20.471 18.830 20.137 19.688 22.414 22.628 22.887 22.958 20.969 19.686 19.774 19.889 17.982 16.918 18.429 18.506 17.027 16.066 17.487 17.479 20.055 21.010 18.838 17.596 15.744 16.560 16.845 19.670 20.694 23.006 23.994 23.247 22.517 19.605 18.560 16.028 12.559 9.484 6.888 3.984 1.777 0.000 1.652 4.423 5.800 7.191 9.651 11.188
24.898 23.530 22.802 21.693 22.531 21.653 23.519 24.049 24.933 26.003 26.449 25.128 24.760 22.768 21.776 21.263 20.704 21.705 21.798 21.238 20.352 19.026 19.908 19.950 22.640 23.310 23.141 23.271 21.502 19.774 20.110 20.052 17.931 16.695 18.349 18.124 16.642 15.496 17.173 16.883 19.754 20.818 18.554 17.486 15.455 16.588 16.843 19.098 20.461 22.683 24.015 23.237 23.238 21.080 20.912 18.147 14.362 11.412 8.197 6.248 3.799 1.311 0.002 1.505 3.159 5.132 6.688 9.051
24.404 22.979 22.213 21.040 21.879 21.061 23.168 23.740 24.735 25.827 26.327 24.920 24.485 22.706 21.343 21.564 20.590 21.990 21.904 21.521 20.611 19.015 20.200 19.650 22.061 22.390 22.624 22.406 20.685 19.481 19.331 19.251 17.621 16.452 17.494 17.401 16.100 15.272 16.681 16.819 19.474 20.492 18.383 17.348 15.700 16.383 16.832 19.103 20.473 22.725 24.076 23.315 23.222 21.261 20.715 18.465 14.531 12.213 8.160 7.192 5.201 3.269 1.152 0.003 1.445 3.015 4.942 6.574
24.947 23.385 22.737 21.244 22.617 21.187 23.685 23.910 24.941 25.970 26.307 25.107 24.678 22.916 20.954 21.674 20.135 21.873 21.869 21.358 20.571 18.835 20.099 19.519 22.183 22.636 22.626 22.543 20.689 19.653 19.566 19.179 17.435 16.323 17.739 17.415 16.017 15.127 16.852 16.857 19.394 20.624 18.376 17.174 15.638 16.319 16.394 18.390 19.652 22.091 23.601 22.820 22.568 20.290 20.702 18.243 14.544 12.739 8.951 8.033 6.282 4.521 2.972 1.177 0.003 1.595 3.808 5.644
24.459 23.362 22.577 21.556 22.420 21.703 23.585 23.869 24.872 25.998 26.129 24.857 24.185 22.478 21.592 21.563 20.419 21.839 21.797 21.582 20.823 19.397 20.695 20.099 22.298 22.714 22.779 22.564 20.650 19.778 19.521 19.161 17.600 16.625 17.920 17.525 16.419 15.676 16.816 17.190 19.412 20.776 18.920 17.683 15.903 16.438 16.610 18.527 19.949 22.326 23.858 23.124 22.819 20.882 20.822 18.878 15.218 13.684 10.289 10.138 8.316 6.736 4.614 3.438 1.250 0.001 1.660 4.216
25.371 24.293 24.081 23.215 24.125 23.595 25.018 25.172 25.952 26.709 26.979 25.944 25.840 25.102 24.085 24.070 23.239 24.062 23.568 23.482 22.146 21.529 21.918 21.641 23.392 23.623 23.589 23.532 21.983 21.222 21.096 21.120 19.822 19.049 20.066 20.089 19.734 18.844 19.317 19.117 21.601 22.482 20.261 20.167 18.965 20.191 20.272 22.018 23.170 24.822 25.842 25.568 25.150 23.968 23.839 22.320 19.109 18.096 14.771 14.129 11.724 9.614 7.810 5.167 3.802 1.365 0.004 1.424
25.467 25.241 24.640 23.813 24.847 24.011 25.669 25.562 26.303 26.874 27.267 26.370 26.176 25.470 24.292 24.784 23.585 24.514 24.376 24.552 23.292 22.451 22.857 22.094 23.704 24.036 23.780 23.724 22.184 21.212 20.810 21.264 19.488 18.853 19.764 19.795 18.508 17.756 18.536 18.198 20.550 21.669 19.752 19.399 18.043 19.305 19.571 21.378 22.510 24.480 25.729 25.285 25.320 23.593 23.965 22.452 19.544 19.167 16.560 16.139 14.630 12.222 10.112 7.711 5.467 3.897 1.418 0.021
