0.010 1.856 4.364 6.038 7.591 10.494 12.168 14.499 16.744 18.471 19.980 21.211 22.674 22.321 23.531 23.748 22.795 22.780 24.734 24.896 23.747 24.257 25.645 25.145 24.919 25.993 26.558 26.129 26.434 26.897 27.071 27.139 27.259 26.531 26.284 26.666 26.471 25.380 23.897 22.683 20.016 19.681 17.179 17.693 17.535 18.661 21.209 23.020 23.342 21.447 22.384 21.020 20.977 20.363 19.450 19.065 20.287 20.889 23.228 23.861 25.310 26.029 26.755 26.575 26.618 27.321 27.638 27.294 27.786
1.110 0.007 1.743 3.765 5.502 7.029 9.502 11.745 14.721 16.822 18.556 19.862 21.199 21.267 22.594 22.855 21.919 22.322 24.179 24.136 23.021 23.980 25.367 24.621 24.365 25.467 26.122 25.510 25.711 26.248 26.645 26.546 26.923 26.247 25.810 26.247 26.062 24.654 22.997 21.816 19.156 18.210 16.536 16.741 17.050 18.249 20.481 21.902 22.569 20.361 21.675 20.090 20.109 19.375 18.842 18.359 19.357 20.001 22.129 22.266 24.551 25.193 26.195 25.830 25.856 26.873 27.192 26.811 27.392
3.425 1.346 0.002 1.844 4.194 5.741 7.705 10.191 12.559 15.285 17.352 18.968 20.822 20.810 22.084 22.601 21.455 21.603 23.556 24.109 22.566 23.546 25.015 24.518 24.267 25.408 26.103 25.790 26.215 26.536 26.832 26.541 26.993 26.193 25.672 25.962 25.882 24.501 22.362 21.171 18.455 17.516 16.084 16.408 16.700 17.838 20.592 22.106 22.580 20.251 21.293 19.793 19.809 19.211 18.220 18.513 19.033 20.096 21.951 22.596 24.664 24.981 26.195 25.965 25.909 26.749 27.234 26.990 27.526
4.791 3.951 1.467 0.002 1.760 3.671 5.768 7.396 9.715 12.102 14.564 16.884 18.929 18.766 20.418 21.254 19.701 19.711 22.296 23.198 21.424 22.244 24.467 24.044 23.637 24.923 26.088 25.663 25.917 26.543 27.053 26.456 27.046 26.402 25.589 26.099 26.150 24.384 22.179 20.388 17.915 16.684 15.797 15.132 16.371 17.447 20.635 21.790 21.988 19.594 21.086 18.861 19.932 19.300 17.262 18.256 18.842 20.396 22.148 22.994 24.993 25.217 26.716 26.328 26.143 27.189 27.480 27.206 27.612
7.454 5.908 3.680 1.546 0.001 1.770 4.089 5.846 7.640 10.818 12.249 14.837 17.031 17.105 18.719 19.944 18.490 18.555 21.219 22.262 20.476 21.805 23.618 23.183 23.346 24.388 25.665 25.118 25.555 26.326 26.818 26.087 26.637 26.285 25.505 25.775 25.973 24.457 21.678 20.326 17.262 16.083 15.298 14.644 16.614 17.697 21.131 22.444 21.843 19.900 20.152 18.287 19.518 18.826 16.863 18.058 18.562 20.131 22.231 22.898 25.047 25.101 26.442 26.145 25.945 26.792 27.226 26.899 27.418
9.495 7.388 5.482 3.923 1.484 0.002 1.415 3.236 4.912 6.941 9.637 11.232 14.278 14.209 16.202 17.410 15.188 15.202 18.616 19.793 17.670 18.804 21.365 21.075 20.461 22.422 24.202 24.108 24.317 24.976 25.268 24.676 25.303 24.540 23.628 23.856 24.071 22.370 19.691 17.948 15.318 13.643 13.974 13.204 15.441 16.132 19.957 21.746 21.453 18.692 19.180 16.859 18.101 17.484 14.905 16.197 16.256 17.971 19.415 20.821 23.015 23.707 25.297 25.140 25.008 26.057 26.544 26.224 27.039
11.205 9.526 6.819 5.168 3.277 1.198 0.003 1.371 3.328 5.529 7.588 9.617 11.814 12.374 14.693 16.104 14.154 14.372 18.175 19.143 17.471 18.335 21.547 21.423 20.755 22.592 24.417 24.155 23.967 25.106 25.191 24.306 25.096 24.463 23.154 23.824 23.916 22.167 19.106 17.518 14.830 13.817 13.851 13.436 15.337 16.306 19.846 21.453 21.418 18.894 18.876 16.831 17.867 16.410 15.090 15.573 15.883 17.558 19.699 20.256 23.122 23.286 25.029 24.676 24.172 25.766 26.324 25.889 26.579
12.229 10.357 8.284 6.311 4.729 3.141 1.067 0.000 1.672 3.699 5.743 7.774 10.168 10.959 13.700 15.096 13.213 13.618 17.217 18.254 16.522 17.978 20.576 20.544 20.265 22.172 24.052 24.069 24.223 25.155 25.245 24.710 25.278 24.727 23.603 24.335 24.475 22.496 19.674 17.478 15.306 12.943 13.345 13.075 15.296 16.581 19.614 21.596 21.597 18.747 18.904 16.251 17.369 15.934 14.031 15.075 15.090 17.573 19.288 20.945 23.155 24.005 25.374 25.250 25.044 25.866 26.510 26.171 26.718
15.519 13.750 11.208 9.529 7.247 5.204 3.795 1.493 0.000 1.690 4.003 6.540 8.357 9.438 11.854 13.391 12.173 12.723 16.123 17.406 15.994 17.356 20.264 20.385 20.446 22.071 23.827 24.070 24.336 25.071 25.236 24.682 25.336 24.847 23.726 24.374 24.640 22.983 20.280 17.888 15.563 13.361 13.897 13.400 15.841 16.662 19.954 21.902 21.947 19.295 19.099 16.677 18.286 17.363 14.940 16.351 16.123 18.682 20.575 22.221 24.061 24.631 26.105 25.950 25.857 26.605 27.210 26.983 27.284
19.178 17.188 15.079 12.524 10.291 8.050 5.439 3.649 1.305 0.001 1.642 4.253 5.691 7.699 9.752 11.771 10.995 11.467 14.842 16.528 14.948 16.146 19.069 19.271 19.356 20.796 22.376 22.588 22.909 23.869 24.049 23.401 24.336 23.613 22.371 23.523 23.784 21.541 19.290 16.291 14.890 12.741 13.588 13.168 16.156 17.005 20.430 22.615 22.183 18.980 19.210 16.456 18.256 17.068 14.071 15.434 14.493 17.156 18.510 20.774 22.624 23.637 25.160 25.139 25.089 25.962 26.732 26.351 26.811
21.436 19.274 17.707 15.483 13.008 10.829 7.856 5.742 3.983 1.239 0.002 1.969 4.111 6.771 8.080 10.693 10.082 10.501 13.804 15.390 14.347 15.637 18.394 19.136 19.422 20.900 22.775 23.222 23.459 24.267 23.957 23.590 24.587 23.655 22.663 23.446 23.797 21.929 19.211 17.191 15.135 13.176 14.256 13.600 16.330 17.450 20.696 22.654 22.412 19.166 19.429 16.936 18.179 17.056 14.535 15.802 15.372 17.773 19.481 21.331 23.346 24.233 25.704 25.724 25.475 26.404 26.917 26.790 27.330
23.062 21.186 19.637 17.437 15.349 12.922 9.931 8.111 5.930 4.045 1.659 0.001 2.039 5.215 6.447 9.295 9.569 10.404 13.371 14.834 14.702 16.707 19.580 20.195 20.916 22.276 23.759 24.218 24.449 25.133 25.044 24.525 25.448 24.884 23.690 24.114 24.528 22.574 19.880 17.952 16.119 14.747 15.633 15.248 18.029 18.652 22.232 23.894 23.652 20.377 20.639 18.478 20.613 20.075 17.290 18.624 18.092 19.871 21.107 22.416 24.097 24.446 25.970 26.042 25.578 26.387 26.988 26.737 27.153
25.070 23.453 22.451 20.150 18.505 16.034 12.588 10.801 8.310 6.505 4.270 1.417 0.000 1.763 4.394 6.205 7.262 8.135 10.607 12.692 12.622 14.257 16.339 17.627 18.678 19.768 21.408 22.252 22.777 23.749 23.567 23.235 24.187 23.498 22.607 23.212 23.650 22.002 19.741 17.786 16.668 15.029 16.260 15.747 18.544 18.966 21.884 23.520 23.177 20.585 19.977 17.844 19.774 19.059 16.498 17.999 17.432 19.400 20.390 22.028 23.420 24.110 25.603 25.669 25.681 26.415 27.034 26.827 27.398
26.160 25.407 24.851 23.321 22.170 19.802 17.501 14.995 12.419 9.679 7.017 4.266 1.279 0.001 1.834 4.348 5.650 5.915 6.710 9.775 10.787 11.028 12.565 15.053 15.771 15.942 18.584 20.232 20.444 21.236 20.908 20.480 21.920 21.550 20.789 21.688 22.718 21.521 20.468 18.144 18.204 16.539 18.433 17.331 20.226 20.254 22.772 24.012 23.572 21.297 20.910 18.669 20.813 20.131 18.155 19.465 18.775 20.235 20.778 22.672 23.886 24.502 25.791 26.035 25.879 26.786 27.354 27.217 27.856
25.545 24.645 24.170 22.774 21.303 19.712 17.209 14.595 12.793 9.613 7.765 7.041 4.054 1.068 0.001 1.391 3.000 4.123 4.165 5.567 5.892 7.861 8.415 8.879 10.824 11.882 12.469 13.701 14.209 15.743 16.529 17.059 18.056 17.358 16.954 18.586 19.284 17.771 17.374 15.046 15.648 13.839 15.729 15.011 17.919 18.129 20.058 22.111 21.435 19.606 18.482 16.167 18.015 17.141 14.412 16.028 14.761 16.580 16.826 18.806 20.288 21.584 23.216 23.705 23.718 24.920 25.634 25.872 26.592
25.150 24.259 23.851 22.738 20.981 19.769 16.710 14.660 13.332 10.112 8.805 7.770 5.349 3.117 0.691 0.002 0.976 2.595 3.834 4.139 3.595 5.848 6.608 7.339 8.830 10.206 11.734 11.974 12.478 14.104 14.643 15.171 16.371 15.904 15.298 17.646 18.180 16.674 16.576 13.939 14.580 12.466 14.278 13.897 16.252 17.226 19.212 21.065 20.794 18.821 17.893 15.353 16.776 15.480 12.969 13.920 12.888 14.930 15.424 17.959 19.391 20.719 22.545 22.865 23.454 24.541 25.355 25.368 26.177
25.040 23.957 23.805 22.296 20.790 19.639 16.820 14.839 13.576 10.282 10.050 9.215 6.846 4.464 2.789 0.664 0.000 1.351 3.077 3.784 3.817 4.536 6.154 7.154 8.778 10.416 11.609 12.662 13.779 14.487 16.156 15.987 17.577 16.993 16.111 17.861 18.417 17.163 16.602 13.928 14.650 12.223 14.421 13.352 16.572 16.984 19.230 20.932 20.987 18.622 17.539 15.107 16.908 16.047 12.549 14.101 12.290 14.689 15.477 18.022 19.084 20.804 22.401 22.862 23.258 24.550 25.423 25.450 26.375
25.360 24.577 24.232 23.062 21.222 20.047 17.363 15.611 14.048 10.776 10.632 9.794 7.891 5.689 4.719 2.920 0.664 0.000 1.205 3.399 4.083 3.583 4.156 6.736 7.956 7.696 10.451 12.423 12.666 13.635 13.894 14.379 15.777 15.515 15.489 16.981 18.140 16.909 16.304 14.035 14.993 13.290 14.737 14.098 15.881 16.742 18.484 20.355 20.181 18.084 17.531 14.893 16.474 15.876 13.434 14.741 13.452 15.489 16.007 18.173 19.101 20.839 22.354 23.019 23.397 24.489 25.263 25.403 26.317
24.378 23.462 23.033 21.964 20.264 19.535 16.749 15.294 14.120 10.976 10.897 9.959 8.209 6.077 5.181 4.968 3.256 0.584 0.000 0.852 1.448 2.574 2.147 2.862 4.336 5.714 6.090 6.999 7.708 9.048 11.266 12.029 12.824 11.853 11.928 14.639 14.824 13.757 13.834 11.582 12.511 10.975 12.654 12.420 14.606 15.400 16.848 19.299 18.849 17.096 16.274 13.881 14.599 13.553 11.273 11.775 10.437 12.197 12.472 14.917 15.735 17.560 19.263 20.207 21.019 22.666 23.389 23.877 24.971
24.281 23.160 22.671 21.413 19.532 18.878 15.844 14.534 13.633 10.961 11.356 10.827 9.704 7.222 5.475 4.763 3.908 1.933 0.572 0.001 0.640 1.667 2.395 2.318 2.759 4.491 5.086 6.012 6.309 7.837 9.776 10.922 11.804 10.995 10.627 13.491 13.668 12.345 12.327 10.329 11.297 10.274 11.794 11.761 13.785 14.760 16.896 18.627 18.471 16.715 15.930 13.409 14.356 13.037 10.598 10.660 9.437 10.913 10.990 13.342 14.742 16.697 18.369 19.382 20.240 22.061 22.987 23.389 24.806
24.412 23.146 23.010 21.438 19.848 19.065 16.394 14.932 14.108 11.257 11.516 11.253 9.992 7.951 6.993 5.228 3.657 2.625 1.522 0.589 0.000 0.692 1.611 2.212 2.451 2.879 4.507 4.907 5.424 7.129 9.241 10.065 11.234 10.666 10.431 13.031 13.454 12.528 12.464 10.457 11.111 10.135 11.788 11.599 13.902 14.552 16.173 18.508 18.533 16.282 15.499 12.993 14.370 13.426 10.573 11.073 9.479 10.924 11.095 13.376 14.612 16.189 17.740 18.488 19.536 21.165 22.426 23.090 24.124
24.408 23.477 23.074 21.861 20.096 19.158 16.442 15.327 14.217 11.452 12.009 11.411 10.351 7.836 7.204 6.213 3.996 3.114 2.346 1.552 0.524 0.000 0.765 1.476 2.301 2.377 3.166 4.357 5.229 6.753 8.782 9.810 11.348 10.307 10.564 12.981 13.556 12.694 12.673 10.214 11.204 10.238 11.753 11.767 13.947 14.638 16.774 19.012 18.520 16.377 15.706 13.155 14.403 13.313 10.723 10.943 9.479 11.379 11.027 13.493 14.449 16.165 17.869 18.888 19.687 21.526 22.789 23.097 24.464
24.048 22.985 22.582 21.509 19.789 19.060 16.269 15.245 14.368 12.000 12.329 11.915 10.646 8.833 7.648 5.963 4.827 3.466 2.547 2.262 1.297 0.543 0.000 0.656 1.341 2.097 2.279 3.335 4.146 6.108 8.177 9.383 10.328 9.637 9.752 12.360 12.545 11.512 11.832 9.870 10.833 9.920 11.809 11.725 13.714 14.541 16.413 18.344 18.217 16.388 15.671 13.429 13.947 12.840 10.706 10.610 9.047 10.311 10.152 12.493 13.579 15.431 17.022 18.066 19.128 20.747 22.042 22.476 23.724
23.684 22.535 22.198 20.958 19.100 18.220 15.887 14.728 13.961 11.590 11.972 11.574 10.347 8.543 7.480 6.089 4.612 3.784 2.583 2.229 2.079 1.402 0.566 0.000 0.677 1.549 2.482 2.792 3.670 5.283 7.897 8.851 9.630 9.401 9.113 11.815 12.211 11.408 11.539 9.667 10.433 10.208 11.652 11.826 13.960 14.452 16.574 18.385 18.191 16.303 15.604 13.406 14.370 13.107 10.780 10.847 9.355 10.396 10.286 12.507 13.848 15.477 16.971 18.146 18.837 20.427 21.761 22.511 23.593
24.264 23.198 22.678 21.466 19.477 18.720 16.267 15.051 14.467 11.857 12.560 12.311 11.118 8.938 7.989 6.838 5.195 4.536 4.090 2.597 2.231 2.164 1.747 0.573 0.000 1.033 1.772 2.780 3.518 4.590 6.966 8.058 8.931 8.664 8.574 11.457 12.066 11.185 11.697 9.493 10.760 9.767 11.607 11.407 13.626 14.503 16.518 18.191 18.030 16.311 15.411 13.042 13.849 12.667 10.358 10.767 8.797 10.526 10.115 12.776 13.710 15.457 16.871 17.632 18.537 20.334 21.798 22.398 23.787
24.313 23.433 22.652 21.548 20.000 19.429 16.892 15.810 14.923 13.127 13.228 13.201 12.351 11.102 10.260 8.449 7.089 5.816 5.346 4.995 3.029 2.930 2.732 1.635 0.554 0.000 0.919 1.765 2.790 4.837 7.086 8.713 9.504 8.653 8.978 11.693 12.266 11.605 11.449 9.935 10.791 10.496 11.819 12.184 13.872 14.614 16.279 17.901 17.585 15.975 15.290 13.112 13.651 12.900 10.899 11.120 9.524 10.921 10.930 12.584 13.876 15.766 17.304 18.408 19.052 20.510 21.990 22.482 23.795
24.813 24.127 23.673 22.604 21.052 20.518 18.322 17.200 15.684 14.379 14.091 13.614 13.030 11.660 10.804 9.670 8.488 7.321 6.383 5.401 4.594 3.231 3.170 2.921 1.738 0.628 0.001 0.886 2.249 4.027 6.813 8.367 9.327 9.167 9.378 12.204 12.932 12.072 12.981 11.033 12.502 12.279 14.148 14.346 16.243 16.730 18.829 20.062 19.755 18.043 17.621 15.771 16.433 15.232 13.460 13.333 11.823 12.667 12.153 14.258 15.263 17.097 18.470 19.638 20.309 21.803 23.071 23.633 24.685
24.819 23.843 23.485 22.419 20.789 20.295 18.294 17.463 16.603 14.775 15.125 15.001 14.521 13.207 12.159 11.076 9.477 8.697 7.803 6.311 5.926 5.067 3.400 3.331 3.151 2.180 0.729 0.002 0.886 2.359 6.012 7.151 8.334 7.870 8.226 10.810 11.793 11.136 12.282 10.767 12.200 12.368 14.456 14.686 16.887 17.411 19.163 20.743 20.254 18.800 17.957 16.242 17.109 15.742 13.880 13.722 11.828 12.623 11.721 13.834 14.102 16.089 17.204 18.388 19.289 20.879 22.193 22.835 23.962
24.994 24.232 23.984 22.684 21.062 20.791 19.208 18.357 17.593 16.370 17.097 16.971 16.581 15.710 14.868 13.870 12.441 11.268 10.892 8.309 7.993 7.394 6.090 4.050 3.708 3.570 2.096 0.863 0.000 1.424 3.640 5.762 6.879 6.962 7.501 9.847 10.874 10.742 12.415 10.833 12.405 12.621 14.829 15.084 17.268 18.331 19.608 20.674 20.423 19.497 18.803 16.703 17.605 16.141 14.125 13.912 11.965 12.650 11.945 13.832 14.231 16.021 17.247 18.393 19.088 20.678 22.168 22.706 24.053
26.114 25.385 25.321 24.695 23.479 23.264 21.527 21.269 20.423 19.659 20.512 20.793 21.524 20.881 20.338 19.505 17.353 16.295 15.995 14.102 12.130 11.541 10.370 8.875 6.007 5.495 5.604 3.129 1.169 0.001 1.449 3.529 5.332 6.560 7.523 9.739 11.447 11.458 13.971 12.259 15.517 15.533 17.651 18.433 19.510 20.504 21.451 22.745 22.597 21.802 21.325 19.335 19.218 17.491 16.573 15.993 14.173 14.790 13.620 15.832 16.084 17.482 18.862 20.405 21.334 22.479 23.928 24.281 25.644
27.223 26.380 26.609 25.717 24.831 24.617 23.104 22.604 22.330 21.407 22.380 22.430 22.833 22.229 21.758 20.350 18.621 17.649 17.023 15.866 14.249 12.484 11.297 10.866 8.267 6.828 6.049 4.873 3.386 0.964 0.002 1.536 3.861 5.205 5.506 6.230 8.588 9.756 11.424 11.785 15.345 16.381 19.240 20.153 21.996 22.689 23.983 24.956 24.957 23.844 23.271 21.811 21.845 20.902 18.661 18.151 15.523 15.122 13.409 14.790 14.140 15.136 16.821 18.787 19.670 20.815 22.587 23.209 24.679
27.277 26.828 26.829 26.231 25.234 25.420 23.898 23.622 23.170 22.643 23.182 23.218 23.719 23.040 22.552 22.101 20.271 18.934 18.049 17.538 15.825 13.295 12.654 12.456 9.987 7.500 8.076 8.714 6.684 3.741 1.058 0.000 1.154 2.832 4.704 4.960 6.719 8.169 10.654 11.585 15.238 17.179 19.287 20.815 21.463 22.411 23.797 24.356 24.775 23.777 23.870 22.229 22.246 21.448 19.671 18.896 16.567 15.314 13.251 13.513 12.551 13.508 15.335 16.913 17.996 19.213 21.237 22.146 23.534
26.726 26.089 26.173 25.502 24.190 24.142 22.571 22.381 22.098 21.561 22.318 22.252 22.886 22.040 21.412 20.680 18.902 17.847 16.941 16.718 14.898 12.752 12.104 11.664 9.803 7.830 8.604 8.859 7.227 5.605 2.943 0.846 0.000 1.120 2.944 4.396 5.426 6.208 9.518 10.055 13.716 15.553 17.662 18.960 20.244 21.505 22.233 23.280 23.354 22.595 22.223 20.739 20.721 19.618 17.876 16.465 14.336 13.125 10.672 11.118 10.402 11.900 13.994 15.468 16.898 18.276 20.088 21.166 22.758
25.890 25.178 25.024 24.228 22.849 22.449 21.196 20.709 20.299 20.054 20.939 21.333 21.964 21.198 20.891 20.300 18.582 17.048 16.849 16.737 14.622 13.196 12.989 12.476 9.821 8.684 9.776 10.440 7.864 6.129 3.896 2.338 0.813 0.001 1.045 2.932 4.434 4.505 6.478 7.584 10.665 12.778 15.193 16.862 18.251 20.086 20.867 22.249 21.997 21.235 20.697 19.598 19.500 18.289 16.295 14.852 12.269 10.692 8.374 8.602 8.533 10.076 12.728 14.453 15.399 17.307 19.128 20.245 21.530
25.638 24.754 24.467 23.631 21.904 21.597 19.926 19.472 19.065 18.339 19.446 19.640 20.349 19.390 19.282 18.877 16.760 15.615 15.347 14.947 12.785 11.773 11.497 11.294 8.809 8.131 8.971 8.794 7.388 6.222 5.191 4.040 2.778 0.985 0.000 1.300 2.875 3.978 5.773 7.027 9.672 11.334 14.293 15.441 16.986 18.154 19.716 20.703 20.607 19.565 19.494 17.594 17.914 16.178 14.627 13.229 10.709 10.126 7.840 8.278 8.396 9.254 11.618 13.690 14.456 16.196 18.020 18.931 20.297
25.135 24.122 23.875 22.665 20.919 20.561 18.859 18.292 17.812 17.399 18.572 19.300 19.810 18.612 18.775 18.058 15.435 14.653 14.878 13.906 12.094 11.260 11.219 10.288 8.781 8.226 9.193 8.646 7.478 7.031 6.145 4.862 4.412 2.821 0.748 0.000 1.112 2.080 4.135 5.731 7.668 10.150 11.152 12.910 14.064 15.174 17.187 18.499 18.694 17.162 16.825 15.185 15.080 13.806 12.462 10.914 9.126 7.685 6.365 5.650 6.022 7.359 9.979 12.371 12.889 14.958 16.780 17.168 18.872
24.432 23.186 22.971 21.790 19.990 19.704 17.386 17.369 17.065 16.592 17.772 18.527 19.232 17.871 18.117 17.665 15.057 14.238 14.922 14.399 12.227 11.302 12.002 11.062 8.864 9.058 10.468 10.349 8.650 8.367 7.474 5.592 4.880 4.039 2.115 0.888 0.001 1.037 2.463 4.036 5.527 7.358 8.523 10.862 12.055 13.354 14.893 16.335 16.413 15.529 15.066 13.201 13.178 11.862 10.413 8.172 6.913 5.184 4.277 3.816 4.243 6.697 8.924 11.030 12.475 14.557 16.287 16.726 18.303
23.396 22.027 21.566 20.358 18.353 17.784 15.427 15.322 15.036 14.027 15.691 16.272 16.864 15.545 15.621 15.325 12.810 12.052 12.696 12.488 10.276 10.255 10.644 10.099 8.210 8.511 10.121 10.278 8.459 8.625 7.822 6.491 5.523 4.226 2.835 2.024 0.756 0.000 0.803 1.526 2.508 3.815 5.240 6.423 8.089 9.131 11.040 12.161 12.107 10.221 10.698 9.121 9.498 7.981 6.872 5.876 4.675 3.883 3.444 3.498 4.627 6.084 8.921 10.574 11.175 13.226 14.668 15.554 17.534
23.610 22.103 21.591 20.381 18.400 17.861 15.123 14.713 14.499 13.564 15.387 15.715 16.293 14.615 14.852 13.982 12.002 11.071 12.215 11.667 9.501 9.444 10.040 9.197 7.831 8.483 9.734 9.990 8.740 8.903 8.292 7.286 6.484 5.169 3.968 3.306 1.920 0.741 0.000 0.794 1.495 2.373 3.885 4.764 5.862 6.533 8.695 10.721 10.533 9.083 8.648 6.945 7.028 5.914 4.704 3.890 3.124 2.743 2.603 2.927 3.879 6.284 8.831 10.368 11.470 13.412 15.238 15.725 17.754
23.453 22.039 21.222 19.923 18.103 17.430 14.511 14.234 14.090 13.125 14.814 15.376 15.730 14.238 14.517 14.014 11.791 11.045 12.066 11.387 9.276 9.391 9.908 8.977 7.774 8.558 9.794 9.431 8.587 8.939 8.548 7.363 6.826 5.528 4.450 3.752 2.672 1.886 0.720 0.000 0.662 1.499 2.264 3.007 4.200 4.940 6.391 8.177 8.118 6.854 6.720 5.608 5.449 4.648 3.719 3.174 2.725 2.659 2.876 3.751 4.763 6.456 8.427 10.429 11.647 14.018 15.497 16.624 18.426
22.876 21.614 20.970 19.682 17.687 17.368 14.130 14.343 13.715 13.011 14.802 15.277 15.840 14.185 14.218 13.635 11.332 10.714 11.910 11.477 9.225 9.446 10.130 9.168 7.926 8.750 10.044 10.001 8.953 9.294 8.910 7.814 7.091 6.075 4.740 4.219 3.379 2.462 1.540 0.643 0.000 0.686 1.392 1.897 2.900 3.782 4.886 6.360 6.454 5.770 5.424 4.299 3.873 3.101 2.511 2.171 1.945 2.057 2.604 3.486 4.830 6.378 8.318 10.608 11.777 14.059 16.025 16.513 18.467
23.680 22.351 21.263 19.615 17.629 16.914 13.823 13.892 13.774 12.779 14.609 15.420 15.676 14.557 14.619 14.162 11.650 11.358 12.702 11.879 9.342 10.265 11.229 9.705 8.706 10.278 11.504 10.816 10.191 10.783 10.224 8.761 8.370 7.291 5.840 5.587 4.836 3.569 2.258 1.462 0.673 0.000 0.695 1.385 2.144 2.772 4.023 5.008 5.361 4.719 4.597 3.616 3.524 3.106 2.192 2.392 2.284 3.026 3.590 4.659 5.581 7.141 9.324 11.022 12.039 14.823 16.597 17.305 19.339
22.752 21.346 20.512 19.348 17.167 16.704 14.441 13.942 13.982 13.088 14.737 15.532 15.920 14.413 14.253 13.675 11.175 10.810 12.085 11.767 9.348 9.799 10.510 9.598 8.462 9.784 11.054 10.940 10.206 10.497 10.143 9.117 8.806 7.843 6.419 6.232 5.387 4.654 3.249 2.197 1.506 0.665 0.000 0.649 1.283 1.850 2.856 3.716 3.730 3.531 2.992 2.277 2.122 1.818 1.571 1.617 1.904 2.878 4.036 5.101 6.631 7.744 9.945 11.313 12.435 14.716 16.892 17.105 19.293
23.046 21.938 20.556 19.306 17.105 16.933 14.049 13.780 14.060 12.953 14.793 15.637 15.826 14.343 14.672 13.889 11.512 11.193 12.493 11.977 9.625 10.110 10.799 9.809 8.651 9.889 11.308 11.114 10.454 10.881 10.609 9.473 9.493 8.525 6.987 6.845 6.431 5.178 4.034 2.929 2.134 1.363 0.611 0.000 0.592 1.096 1.748 2.483 2.953 2.577 2.223 1.850 1.713 1.506 1.394 1.825 2.291 3.261 4.105 5.490 6.718 7.917 10.210 11.352 12.612 15.175 16.885 17.560 19.545
22.676 21.231 20.386 19.169 17.246 16.822 14.034 14.002 14.104 12.977 14.913 15.744 16.049 14.619 14.837 14.126 11.311 11.284 12.425 11.718 9.628 10.338 11.189 10.243 9.056 10.381 11.875 11.794 11.091 11.308 11.178 10.054 10.037 8.950 7.625 7.590 7.233 5.926 4.676 3.475 2.686 1.776 1.174 0.571 0.000 0.561 1.153 1.929 1.951 1.918 1.563 1.188 1.306 1.299 1.366 2.084 2.602 3.707 4.737 5.875 7.803 9.043 11.398 11.870 13.290 15.696 17.323 17.715 19.721
22.230 21.181 20.165 19.142 17.019 16.641 14.238 14.039 14.238 13.464 15.150 16.054 16.427 14.966 15.190 14.605 11.991 11.715 12.816 12.784 10.471 10.839 11.854 10.942 10.069 11.182 12.608 12.522 11.963 11.975 12.126 10.979 11.231 9.920 8.589 9.116 8.459 6.965 5.834 4.679 3.650 2.547 1.887 1.159 0.610 0.000 0.713 1.455 1.823 1.770 1.799 1.518 1.847 1.961 2.096 2.965 3.274 4.595 5.536 6.962 8.340 9.645 11.700 12.788 13.739 15.955 17.585 18.335 20.371
22.921 21.711 20.658 19.530 17.486 17.067 14.740 14.853 14.771 13.859 15.811 16.432 16.926 15.521 15.472 15.189 12.581 12.259 13.373 12.867 11.268 11.704 12.818 11.824 11.178 12.129 13.471 13.545 13.067 13.139 13.207 12.106 12.181 11.591 10.073 10.236 9.889 8.778 7.121 5.965 4.949 3.712 2.892 1.891 1.347 0.593 0.000 0.748 1.292 1.589 1.905 1.618 2.291 2.676 2.987 3.980 4.765 6.352 7.347 8.689 10.027 11.318 13.258 13.811 14.937 17.263 18.374 19.494 21.299
23.088 21.420 20.514 19.414 17.505 17.061 14.972 15.258 14.956 14.263 16.183 16.528 17.265 16.161 16.363 16.136 13.730 13.432 14.835 14.089 12.754 13.139 14.372 13.140 12.541 13.852 14.699 14.510 14.179 14.857 14.822 14.047 14.160 13.553 12.102 12.422 12.227 10.987 9.657 8.540 7.588 6.182 5.034 3.615 2.789 1.428 0.671 0.002 0.737 1.270 2.008 2.529 2.862 3.610 4.370 5.430 6.561 7.895 9.238 10.383 11.890 12.969 14.678 15.203 15.860 18.198 19.387 20.159 21.991
23.163 22.060 21.011 19.982 18.009 17.379 15.104 15.340 15.222 14.289 16.493 16.828 17.732 16.395 16.442 15.855 13.368 13.050 14.536 14.050 12.148 12.760 13.685 12.829 12.240 13.744 14.818 14.569 14.403 14.636 15.022 14.154 14.326 13.463 12.226 12.786 12.100 11.079 9.646 8.541 7.167 5.964 4.894 3.429 2.811 1.672 1.333 0.647 0.000 0.791 1.606 2.171 2.868 3.721 4.472 5.957 6.989 7.846 9.442 10.099 11.934 13.036 14.729 15.846 16.441 18.258 19.801 20.282 21.924
23.236 22.044 21.190 19.988 18.063 17.362 15.122 15.018 15.195 14.125 16.311 16.832 17.571 16.064 16.306 15.735 13.256 12.759 14.317 13.967 12.000 12.353 13.578 12.756 12.303 13.564 14.615 14.240 14.246 14.680 14.696 13.832 14.321 12.957 12.132 12.417 12.307 10.876 10.293 9.332 7.943 6.207 5.641 4.088 3.837 1.922 2.156 1.662 0.860 0.005 0.741 1.618 2.451 3.037 3.970 5.224 6.937 8.402 9.277 10.834 12.190 12.862 14.656 15.376 15.903 17.727 19.450 19.828 21.855
23.043 21.501 21.030 19.575 17.538 17.588 14.899 15.206 14.942 14.137 16.127 16.642 17.625 15.707 16.322 15.632 12.875 12.689 14.205 13.527 11.638 12.051 13.023 11.885 11.241 12.249 13.394 13.185 12.820 13.192 13.427 12.602 13.030 11.687 10.592 10.824 10.588 9.196 8.300 6.948 5.947 4.702 4.012 2.881 2.289 1.826 1.838 2.095 1.499 0.589 0.000 0.687 1.327 2.047 2.595 3.774 4.482 6.034 7.364 8.383 10.335 11.400 13.098 13.781 15.104 17.098 18.546 18.796 20.806
23.139 21.582 20.845 19.553 17.523 17.350 14.986 14.803 14.955 13.746 15.657 16.510 17.079 15.380 16.024 15.374 12.522 12.401 14.276 13.118 11.051 11.642 12.842 11.367 10.274 11.963 13.189 12.484 12.486 12.826 12.782 12.020 12.269 10.558 9.590 10.153 9.779 8.331 7.616 6.285 5.357 3.973 3.354 1.999 1.777 1.613 2.005 2.748 2.171 1.560 0.661 0.000 0.612 1.270 1.850 2.880 3.422 4.962 6.202 7.678 9.447 10.834 12.682 13.494 14.830 16.981 18.958 19.316 20.964
22.454 21.541 20.736 19.850 18.007 17.747 15.168 14.886 15.116 13.913 16.093 16.794 17.263 15.521 15.741 15.422 12.373 12.478 13.921 13.409 10.943 11.960 13.027 11.324 10.802 12.138 13.172 12.604 12.226 12.622 12.942 12.338 12.541 11.131 10.058 10.546 10.069 8.749 7.754 6.619 5.532 4.189 3.319 2.070 1.908 1.628 2.468 3.125 2.898 2.069 1.290 0.603 0.000 0.699 1.672 2.643 3.641 5.270 6.486 8.345 9.396 10.712 12.672 13.312 14.630 16.859 18.635 18.774 21.003
23.080 21.579 21.236 19.974 18.063 17.961 15.154 14.866 14.877 13.663 15.847 16.783 17.153 15.669 15.755 15.232 12.224 12.260 13.551 12.931 10.356 10.900 11.845 10.490 9.329 10.626 12.053 11.851 11.295 11.451 11.371 10.600 10.670 9.322 7.982 8.398 7.935 6.423 5.486 4.137 3.319 2.530 2.233 1.717 1.647 1.976 2.307 3.103 2.927 2.593 1.901 1.338 0.684 0.000 0.577 1.228 1.964 3.255 4.107 5.705 7.317 8.824 10.868 11.836 13.412 15.480 17.235 17.544 19.715
23.513 21.631 21.277 19.743 18.032 17.427 14.842 14.717 14.504 13.310 15.614 16.362 16.844 15.354 15.460 14.818 11.923 12.044 13.205 12.580 10.151 10.682 11.592 10.398 9.019 10.476 11.580 11.435 10.960 11.072 10.915 9.989 10.004 8.602 7.313 7.561 7.271 5.892 4.766 3.645 3.210 2.238 1.971 1.531 2.173 2.443 2.942 3.776 3.736 3.245 2.571 1.712 1.325 0.596 0.000 0.600 1.431 2.430 3.378 4.534 6.020 8.248 10.266 10.934 12.502 15.029 16.630 17.118 19.294
22.577 21.101 20.962 20.017 17.618 17.515 14.748 14.727 14.740 13.268 15.534 16.226 17.123 15.601 15.727 15.058 12.137 11.995 13.201 12.578 9.946 10.437 11.344 10.175 8.905 10.343 11.726 11.549 10.686 11.144 11.004 9.764 9.740 8.377 7.065 7.540 6.593 5.062 4.037 3.079 2.525 2.185 1.790 1.707 2.498 3.075 3.786 4.824 4.471 3.928 2.983 2.084 1.902 1.170 0.585 0.000 0.714 1.477 2.440 3.672 5.122 7.157 9.252 10.536 11.720 13.995 16.384 16.470 18.593
23.953 22.324 22.017 20.661 18.709 18.522 15.561 15.480 15.254 13.808 16.328 16.926 17.641 16.209 16.475 15.969 12.777 12.411 13.770 13.380 10.469 10.797 11.942 10.723 9.244 10.843 12.220 11.579 10.811 11.770 11.693 10.346 10.435 8.687 7.477 8.039 7.062 5.501 4.863 3.405 2.816 2.728 2.963 3.350 4.017 4.536 5.366 7.387 7.435 6.449 5.629 3.857 3.387 2.362 1.701 0.775 0.000 0.781 1.990 3.177 4.750 6.817 8.248 10.304 11.493 14.184 15.896 16.760 18.805
23.753 22.497 22.149 21.016 18.844 18.728 15.769 15.675 15.219 14.004 16.323 16.764 17.363 16.174 16.043 15.542 12.784 11.885 13.201 12.975 10.098 10.413 11.475 10.599 8.978 10.377 11.810 11.991 10.642 11.095 10.552 8.894 8.759 7.953 6.386 6.552 5.561 4.242 3.063 2.794 2.912 2.492 3.655 3.943 5.241 6.429 7.531 9.050 8.708 7.741 6.627 5.096 4.876 3.709 2.531 1.901 0.835 0.000 0.787 1.790 2.835 5.289 6.902 9.411 10.568 12.502 14.630 15.831 17.736
24.044 22.450 22.138 21.044 18.879 18.749 16.131 16.239 15.828 14.424 16.595 17.099 17.776 16.458 16.471 15.767 13.155 12.554 13.373 12.877 10.266 10.596 11.516 10.545 8.789 9.983 11.556 11.412 10.169 10.718 10.391 9.047 8.729 7.296 6.132 6.533 5.326 3.987 3.701 2.730 3.157 3.813 4.730 5.048 6.427 7.633 8.839 10.943 10.894 9.778 9.178 7.228 6.461 5.383 4.157 2.871 1.744 0.703 0.000 0.784 2.020 3.953 5.492 7.828 9.413 11.256 13.066 14.529 16.731
23.984 22.283 22.115 21.007 19.202 19.127 16.616 16.667 16.234 15.069 17.011 17.519 18.232 16.888 17.157 16.122 13.777 12.931 13.790 13.072 10.935 10.737 11.806 10.721 9.153 10.288 11.796 11.925 10.582 11.082 10.691 9.293 9.289 7.581 6.246 6.759 5.207 3.497 3.259 3.415 4.093 4.782 6.416 8.341 9.492 10.672 11.936 13.596 13.905 12.311 11.128 9.244 9.275 7.832 6.027 4.462 3.211 1.882 0.777 0.000 0.785 2.621 4.177 6.927 8.226 10.044 12.053 13.841 15.925
24.384 23.187 23.041 21.888 19.893 19.990 17.843 18.016 17.924 17.264 19.115 19.796 20.429 19.292 19.661 19.203 16.717 15.787 16.646 16.516 13.865 13.668 14.709 13.943 12.089 13.012 14.620 14.043 12.440 13.035 12.440 10.984 10.397 9.074 7.709 7.842 5.837 4.351 5.103 4.972 6.158 7.485 9.259 11.162 11.689 13.064 14.048 16.096 16.015 15.413 14.587 13.005 12.647 10.877 9.565 7.459 5.447 3.585 2.089 0.807 0.000 1.084 3.339 6.069 7.276 8.734 10.790 12.789 14.870
25.449 24.224 24.252 23.196 21.243 21.526 19.432 19.289 18.825 18.196 19.853 20.073 21.089 19.936 19.938 19.901 17.606 16.655 17.536 17.216 14.633 14.203 15.788 14.743 12.529 13.559 15.275 14.408 12.894 13.333 13.004 11.684 10.938 9.122 8.204 8.388 6.159 4.737 5.867 6.549 8.265 10.461 12.420 14.862 15.886 17.049 18.351 20.243 20.473 18.773 18.434 16.738 16.873 15.404 13.578 11.248 8.557 6.295 3.818 2.299 0.816 0.001 1.495 4.604 5.638 7.475 9.041 11.056 13.102
26.250 25.197 25.182 24.120 22.663 22.740 20.522 20.680 20.095 19.873 21.349 21.568 22.450 21.520 21.470 21.622 19.614 18.283 18.879 19.475 17.141 16.016 17.894 17.401 15.288 15.884 18.314 17.640 15.911 16.497 16.448 14.696 14.288 11.953 10.302 10.326 7.827 5.958 6.575 7.450 9.198 11.906 14.219 16.086 17.906 19.106 20.388 22.099 21.973 20.852 20.716 18.206 19.379 17.609 15.719 14.366 11.545 10.109 6.741 5.157 3.333 0.921 0.003 1.845 4.110 6.227 7.732 8.702 11.311
27.343 26.303 26.740 25.838 25.142 25.505 23.953 24.309 24.043 23.950 25.037 24.837 25.766 25.423 25.332 25.434 24.365 23.251 23.931 24.097 22.376 21.139 22.626 22.182 19.877 20.268 21.895 21.010 18.943 18.595 18.182 16.731 15.727 13.672 12.848 12.398 10.245 9.507 10.546 14.176 15.427 19.113 21.165 22.018 23.566 23.967 25.352 26.527 26.244 25.556 25.778 24.338 24.766 24.069 22.350 20.915 18.296 15.911 12.105 8.912 5.662 4.090 1.090 0.004 1.951 4.907 6.510 7.630 10.201
27.767 27.066 27.460 26.772 26.349 26.651 25.328 25.523 25.197 25.356 26.231 26.154 26.799 26.538 26.780 26.745 26.033 25.085 25.894 26.080 24.496 23.601 24.999 24.281 22.083 22.582 23.850 22.738 20.895 21.231 21.156 19.537 18.825 16.904 16.328 15.798 12.755 12.493 12.443 15.808 17.386 20.693 22.866 24.592 25.973 26.474 27.175 28.199 28.298 27.569 27.476 26.767 26.832 25.986 24.393 22.491 19.434 16.570 13.745 10.177 6.998 6.862 4.290 1.141 0.001 1.949 4.651 6.931 9.013
27.631 27.122 27.273 26.753 26.148 26.258 25.031 25.191 25.026 24.769 25.723 25.559 26.480 26.076 26.119 26.179 25.260 24.395 25.180 25.725 23.873 22.884 24.656 24.077 22.067 22.377 24.113 23.451 21.636 22.165 21.774 20.334 19.818 18.091 16.571 16.027 13.677 12.979 12.736 15.605 17.101 20.089 22.206 23.895 25.184 25.940 27.123 27.971 27.964 27.253 27.083 26.047 26.478 25.197 23.852 21.883 19.419 16.821 13.836 10.911 8.656 7.637 6.881 4.617 1.122 0.001 1.482 4.287 6.634
27.598 27.060 27.241 26.777 26.278 26.283 25.273 25.431 25.230 25.262 25.877 25.843 26.580 26.223 26.237 26.365 25.351 24.449 25.046 25.606 23.783 23.055 24.651 24.177 22.112 22.690 24.647 23.968 22.468 22.908 22.127 21.028 20.359 18.962 18.035 16.825 14.430 14.130 13.778 16.751 17.703 20.875 22.273 24.488 25.418 26.652 27.032 27.854 27.920 27.296 27.139 26.298 26.144 25.470 24.473 22.355 20.416 17.806 15.899 12.365 10.492 8.328 7.669 6.770 3.974 1.102 0.007 1.505 4.387
27.695 27.142 27.371 26.785 26.487 26.742 25.628 26.166 25.863 25.971 26.617 26.487 27.341 27.069 27.021 27.404 26.631 25.617 26.301 26.773 25.450 24.842 26.198 25.681 24.071 24.820 25.918 25.001 23.813 24.340 24.199 23.337 22.805 21.463 20.547 19.838 17.390 17.384 17.353 19.346 19.941 22.703 23.952 25.410 26.590 27.126 27.864 28.523 28.654 27.939 27.873 27.475 27.092 26.583 25.604 23.942 22.339 19.761 17.962 15.159 13.137 11.496 9.185 7.901 6.072 4.323 1.164 0.001 1.570
27.832 27.322 27.482 27.157 26.795 26.792 25.841 26.191 26.092 26.088 26.710 26.782 27.493 27.399 27.303 27.517 26.784 26.058 26.828 27.185 25.911 25.280 26.491 26.022 24.393 24.934 26.254 25.484 24.177 25.108 24.944 24.117 23.897 22.190 21.319 20.724 18.567 18.092 17.692 19.950 20.350 23.100 24.075 25.866 26.930 27.395 28.445 28.702 28.929 28.442 28.263 27.472 27.698 26.824 25.536 24.036 22.347 20.147 18.214 15.235 13.231 12.260 10.484 8.387 7.308 7.143 3.880 1.241 0.006
