0.002 1.969 4.804 5.853 6.054 7.236 10.234 12.549 12.979 14.582 15.504 17.508 18.944 17.426 18.150 17.787 20.077 20.371 21.092 18.829 17.528 19.726 19.736 16.991 17.923 20.111 19.433 18.118 20.381 22.391 21.918 22.457 24.587 25.056 26.240 26.332 26.389 25.450 24.052 23.814 23.724 21.523 20.382 20.949 20.330 18.651 18.300 19.124 17.919 18.030 19.632 20.329 20.833 21.528 23.375 23.026 22.415 24.067 25.108 24.794 25.616 25.135 23.896 25.276 25.343 23.630 23.808 25.156 24.358
1.082 0.001 1.706 4.770 5.974 6.228 8.377 11.156 12.921 13.689 14.207 15.902 17.095 15.777 17.203 17.268 20.075 20.612 21.305 18.535 17.690 19.766 19.203 16.522 17.761 19.878 19.050 17.890 20.513 21.698 21.331 21.701 23.899 24.256 25.493 25.543 25.612 24.990 23.491 23.527 23.427 21.405 20.016 21.057 20.615 18.765 18.368 19.809 18.298 18.166 20.301 21.043 20.940 21.784 23.731 23.294 22.777 24.273 25.386 24.902 26.066 25.094 23.881 25.432 25.517 23.699 23.615 24.981 24.373
4.101 1.042 0.001 1.947 4.307 6.126 6.520 8.319 11.286 12.797 13.032 13.946 15.538 14.083 14.977 14.991 16.991 17.553 18.406 16.290 15.343 17.168 17.379 15.108 16.131 18.474 17.869 17.031 19.476 20.892 20.815 21.544 23.433 23.979 25.256 25.214 25.403 24.748 23.088 23.128 22.869 20.986 19.190 20.237 19.836 18.176 17.329 18.613 17.376 16.333 18.672 19.374 19.299 19.955 22.177 21.896 21.028 23.172 24.206 23.915 24.924 24.015 22.260 24.241 24.239 22.108 22.393 23.792 23.221
5.279 3.851 0.960 0.001 1.561 4.513 5.982 6.447 8.259 11.074 11.038 13.395 14.529 13.165 14.597 14.585 16.737 16.885 17.732 15.803 14.439 16.281 16.367 14.441 15.555 17.700 17.216 16.560 18.861 20.265 20.101 20.970 22.997 23.636 25.171 25.218 25.220 24.562 22.812 22.756 22.494 20.703 18.988 19.871 19.571 17.981 17.466 18.129 17.020 16.381 18.355 18.824 18.711 19.374 21.547 21.302 20.166 22.230 23.619 23.128 24.349 23.614 21.351 23.486 23.356 21.303 21.706 23.328 22.842
6.417 5.641 3.693 0.865 0.000 1.676 3.939 5.594 6.209 7.369 8.672 11.015 12.645 11.387 13.658 14.004 16.592 16.927 17.971 15.860 14.457 16.510 16.210 14.694 15.375 17.637 17.412 16.461 19.165 20.351 20.351 20.883 23.202 23.758 25.307 25.110 25.267 24.511 22.850 22.966 22.686 20.593 19.038 20.152 19.907 17.871 17.148 18.700 16.796 16.497 18.372 19.388 18.820 19.861 22.211 21.328 20.574 23.006 24.032 23.496 24.544 23.676 21.844 23.787 23.720 21.694 22.032 23.517 22.767
8.810 6.455 5.817 4.033 0.739 0.001 1.466 4.076 5.623 6.517 7.098 9.655 10.694 10.200 12.207 12.752 15.488 16.361 17.199 15.256 14.188 16.270 16.299 14.373 15.312 17.739 17.381 16.522 19.285 20.460 20.869 21.272 23.221 23.975 25.191 25.081 25.128 24.624 22.984 22.900 22.648 20.961 19.114 19.826 19.844 18.082 17.420 18.230 16.955 16.546 18.059 18.842 18.690 19.604 21.437 21.230 20.569 22.422 23.492 23.133 24.275 23.362 21.617 23.413 23.082 21.365 21.356 22.904 22.673
11.024 7.637 5.805 6.298 4.104 0.829 0.001 1.879 4.379 5.545 5.804 8.085 9.400 8.521 11.132 12.316 14.674 16.203 17.327 15.246 14.924 16.790 16.904 14.860 15.980 18.640 17.648 17.199 20.137 21.392 21.260 22.074 24.064 24.592 26.027 25.677 25.924 24.986 23.611 23.536 23.037 21.374 19.829 20.410 20.223 18.195 17.548 18.360 17.129 16.492 18.290 18.935 18.513 19.558 21.377 21.062 20.476 22.502 23.463 23.131 24.354 23.621 21.940 23.678 23.901 21.853 21.887 23.542 23.489
13.071 10.984 8.061 6.715 6.498 4.378 0.857 0.001 1.966 4.523 5.562 7.215 9.238 8.738 10.778 11.939 15.245 16.445 17.536 15.676 15.127 16.784 16.755 15.150 16.312 18.450 17.699 17.286 19.916 21.211 21.357 21.953 23.856 24.304 25.980 25.693 25.695 25.169 23.577 23.394 23.118 21.710 20.017 20.255 20.057 18.444 17.640 18.633 17.293 16.745 18.314 19.329 18.125 19.654 21.290 21.043 20.606 22.530 23.593 23.015 24.279 23.609 21.935 23.414 23.452 21.808 21.820 23.203 23.024
15.364 13.530 12.966 8.119 7.563 6.881 4.004 0.937 0.000 1.330 2.977 4.981 7.847 7.446 10.018 11.392 14.452 15.485 16.679 14.955 14.426 15.803 16.222 14.923 15.423 17.821 17.487 16.984 19.350 21.114 21.525 21.652 23.565 24.181 25.469 25.616 25.567 25.074 23.522 23.305 23.176 21.627 19.500 20.149 20.190 18.352 17.433 18.620 17.111 16.537 18.064 19.102 18.613 19.073 20.873 20.770 20.027 21.891 23.029 22.410 23.636 22.832 21.051 22.433 22.745 20.813 21.044 22.562 22.367
15.843 13.997 13.298 11.443 7.865 7.090 6.397 3.643 1.056 0.000 1.589 3.621 5.296 6.220 8.690 10.748 13.389 15.353 16.712 15.086 14.759 16.640 17.277 15.790 16.021 19.033 18.655 18.124 20.553 22.223 22.277 22.605 24.092 24.561 25.847 25.453 25.384 24.950 23.766 23.360 23.012 21.725 20.388 20.394 20.451 18.952 17.880 18.340 17.341 16.390 18.068 18.595 18.056 19.098 21.031 20.737 20.078 22.260 23.067 22.801 24.154 23.294 21.469 23.203 23.224 21.310 21.619 22.874 22.982
17.183 15.429 14.261 12.938 10.526 8.005 7.059 5.874 3.270 1.120 0.000 1.133 2.673 4.248 6.479 8.854 11.086 13.763 15.575 14.205 14.411 17.172 18.069 16.683 17.560 20.064 20.096 20.123 22.139 23.561 23.797 23.939 25.402 25.762 27.036 26.732 26.477 26.035 24.873 24.536 24.109 23.108 21.667 21.554 21.181 19.720 18.607 19.252 17.760 16.675 18.359 18.936 18.360 19.161 21.283 20.735 19.960 21.939 23.027 22.450 23.587 23.006 21.263 23.026 23.610 21.821 22.258 23.589 23.642
18.438 16.388 15.086 13.255 11.281 9.382 7.420 6.076 4.632 2.587 0.815 0.001 1.289 3.054 5.110 7.534 10.130 12.826 14.719 13.983 14.207 16.377 17.470 16.616 17.464 20.043 20.240 20.251 22.170 24.071 23.889 24.275 25.700 25.976 26.791 27.037 26.603 26.229 25.172 24.617 24.590 23.501 21.828 21.922 21.724 20.404 19.057 19.732 18.126 17.129 18.660 19.336 18.629 19.215 21.778 20.787 20.162 22.269 23.501 22.388 24.046 23.176 21.330 23.149 23.583 21.690 22.463 23.585 23.489
19.481 17.811 16.614 14.314 12.693 11.216 8.853 7.049 6.148 4.024 2.666 0.958 0.002 1.599 3.801 5.166 7.230 9.872 11.114 10.719 11.597 13.434 14.334 14.511 15.985 18.470 18.625 18.958 21.146 22.729 23.272 23.762 25.039 25.330 26.678 26.611 26.415 26.096 24.964 24.484 24.562 23.505 21.904 22.116 22.002 20.422 18.823 19.874 17.867 16.288 18.444 19.041 18.114 18.809 21.238 20.479 19.415 21.798 23.046 22.074 23.958 22.655 20.777 23.010 23.446 21.276 22.248 23.641 23.491
19.508 18.164 16.955 14.933 13.616 12.717 10.100 8.611 9.137 8.251 4.800 3.383 1.081 0.000 1.501 3.114 5.256 7.249 9.091 8.713 9.421 11.202 13.007 12.656 13.831 17.195 17.814 18.220 20.358 22.251 22.588 23.182 24.429 24.682 26.255 26.095 26.150 25.902 24.472 24.088 24.399 23.040 21.251 21.399 21.543 19.630 17.784 18.911 17.000 15.120 17.070 17.921 17.153 17.718 20.115 19.684 18.275 20.733 21.849 20.784 22.689 21.643 19.711 21.700 22.380 20.058 21.179 22.821 22.612
20.327 19.126 18.314 16.107 14.384 13.656 11.186 9.597 9.872 8.705 5.817 5.023 3.017 1.105 0.000 1.241 2.534 4.866 6.213 6.472 7.551 9.131 10.441 11.042 11.894 14.383 15.375 16.065 18.033 19.981 21.209 21.385 23.139 23.844 24.905 25.224 25.053 24.838 23.295 22.775 23.210 21.784 19.959 19.872 20.534 18.841 16.931 18.176 16.838 14.997 16.476 17.639 17.118 17.296 20.044 19.463 18.096 20.531 21.953 20.944 22.752 21.478 19.620 21.641 21.764 19.531 20.571 22.055 21.862
20.429 19.368 18.505 16.497 15.431 15.017 12.310 10.142 10.547 9.702 6.742 5.785 4.354 2.808 0.995 0.001 1.267 3.068 4.794 6.236 6.760 8.050 9.817 10.748 12.015 13.781 14.795 15.384 17.949 19.740 20.330 20.562 22.087 22.612 24.086 24.025 24.219 23.734 21.950 21.591 22.093 20.748 19.093 19.087 19.781 17.852 16.422 17.807 16.613 14.828 16.534 17.588 16.941 17.074 19.411 19.500 18.118 20.135 21.260 20.779 22.019 20.903 19.254 20.679 21.103 19.193 20.287 21.554 21.130
19.488 18.978 18.427 16.029 14.917 15.388 12.404 10.544 11.942 11.267 9.017 8.380 7.049 4.600 3.187 0.963 0.000 1.592 3.112 5.017 5.107 4.992 6.769 8.148 8.204 9.654 11.504 12.773 13.086 14.866 16.128 16.825 17.987 17.895 19.406 19.542 20.238 20.163 18.007 17.951 18.990 17.765 15.599 16.273 17.395 15.975 14.122 15.563 15.402 12.640 14.281 16.176 15.721 15.393 18.479 18.510 16.764 18.888 20.686 20.284 21.665 20.333 18.084 19.876 19.918 17.315 18.388 19.639 19.573
19.996 19.639 19.157 16.677 15.830 16.667 14.441 12.698 14.180 14.504 12.005 11.193 9.860 7.340 5.125 3.455 0.934 0.000 1.060 2.110 3.676 3.263 4.367 5.442 6.209 7.410 8.360 9.384 10.831 12.316 13.391 14.233 15.206 15.558 17.756 18.007 18.635 18.514 16.503 15.742 17.228 16.207 14.378 14.633 15.641 14.413 13.223 15.305 14.616 12.736 14.115 16.207 15.700 15.610 18.328 18.195 16.645 19.370 20.331 20.118 21.368 20.053 17.984 20.131 19.560 17.215 18.426 19.585 18.964
19.189 18.591 18.377 16.054 15.416 16.443 14.871 13.744 15.392 15.861 14.412 13.779 12.231 9.881 6.918 5.447 2.549 0.684 0.000 1.082 3.047 3.491 3.582 4.116 6.202 6.950 6.973 8.307 9.513 11.298 12.386 12.569 15.227 15.074 17.188 17.330 18.058 17.924 15.666 15.736 16.602 15.230 13.258 14.226 15.087 13.598 12.498 14.243 13.844 11.714 13.775 15.351 15.071 14.943 17.923 18.090 16.334 18.718 20.221 20.113 21.323 20.121 17.626 19.669 19.672 17.212 18.337 19.756 19.467
18.895 18.330 18.268 16.076 15.526 16.582 15.268 14.643 16.177 16.918 15.435 15.634 14.315 11.743 10.102 6.697 4.499 2.558 0.661 0.000 1.015 2.203 3.041 3.100 3.246 5.132 5.558 6.669 7.409 8.668 10.097 10.710 12.334 12.944 15.177 15.282 16.254 16.039 13.585 13.756 14.760 13.020 11.404 12.312 13.254 11.881 10.928 12.895 12.831 10.932 12.696 14.938 15.172 15.065 17.863 18.494 16.770 18.842 20.835 20.680 21.469 20.428 17.856 19.804 20.011 17.103 18.169 19.554 19.770
19.468 18.993 18.622 16.694 15.604 17.137 15.788 14.380 16.340 17.266 16.052 16.318 14.810 12.201 10.047 7.256 5.512 4.170 1.989 0.607 0.000 0.942 2.020 2.987 2.823 3.369 5.010 5.754 6.013 7.421 9.190 9.465 11.965 11.757 14.420 14.696 15.573 15.438 12.836 12.853 14.223 13.165 10.692 11.993 13.617 12.581 10.724 12.967 12.825 10.608 12.664 14.677 14.811 14.813 17.504 17.821 16.427 18.563 20.329 19.919 21.115 20.021 17.657 19.531 19.269 16.877 17.511 19.005 19.086
19.115 18.555 18.436 15.794 15.052 16.670 15.092 13.662 15.932 16.852 15.798 15.343 14.088 11.816 10.075 7.978 5.824 4.432 3.200 2.124 0.575 0.000 0.833 1.887 2.534 2.412 2.910 4.327 5.378 5.793 7.195 8.055 10.576 10.892 13.376 13.516 14.606 14.161 12.510 12.588 13.494 12.396 10.491 11.821 12.929 11.956 10.583 12.341 12.309 10.229 12.016 14.191 14.255 14.176 17.276 17.622 16.347 18.477 20.073 20.113 21.509 20.142 17.633 19.698 19.550 16.818 17.918 19.339 18.633
18.563 18.130 18.185 15.948 15.098 16.477 15.498 14.557 16.168 17.088 16.646 16.344 15.221 13.244 11.436 9.383 7.289 5.048 3.476 3.328 1.921 0.572 0.000 0.695 1.508 2.208 1.940 2.231 3.404 3.668 4.981 5.688 7.116 8.624 10.234 10.714 11.968 11.733 9.871 10.365 11.532 10.544 8.604 10.239 11.352 10.470 9.443 11.123 11.244 9.544 11.295 13.429 13.864 13.847 16.714 17.398 15.660 17.919 19.719 19.891 21.020 20.057 17.258 19.294 19.258 16.320 17.256 18.776 18.585
17.918 18.220 17.884 15.754 15.262 16.998 15.934 15.056 16.876 18.418 17.855 17.520 16.617 14.008 12.108 9.549 7.935 6.001 3.628 3.113 2.765 1.290 0.580 0.000 0.626 1.224 1.868 1.760 2.220 3.255 4.096 5.157 6.416 7.809 9.605 9.706 10.674 10.570 9.041 9.244 10.332 9.599 7.793 8.999 10.487 9.616 8.545 10.170 10.649 9.254 10.729 13.175 13.544 13.478 16.342 17.299 15.977 17.637 19.718 19.752 20.629 19.797 17.131 18.955 18.673 16.119 16.962 18.482 18.376
19.028 18.712 18.586 15.926 15.349 17.071 15.910 14.672 16.686 18.205 17.290 17.460 16.404 14.142 12.022 9.307 8.405 6.104 4.566 3.616 2.783 2.286 1.403 0.547 0.000 0.724 1.304 1.783 1.782 2.330 3.494 4.547 5.403 6.445 8.536 9.000 10.530 10.761 8.908 9.004 10.700 9.716 7.702 9.048 10.845 9.904 8.690 10.598 10.710 9.208 10.601 13.202 13.440 13.232 16.850 17.171 15.773 18.110 19.688 19.827 20.853 19.592 17.085 18.993 18.901 16.017 17.195 18.555 17.876
19.085 18.542 18.433 16.120 15.400 17.112 15.994 15.246 17.141 18.496 17.905 17.679 16.833 14.296 12.409 10.429 8.532 6.386 4.709 4.362 3.102 2.265 1.895 1.373 0.543 0.001 0.699 1.215 1.592 1.759 2.487 3.966 4.974 6.811 8.400 8.656 10.372 10.386 8.500 9.030 10.349 9.675 7.989 9.408 10.966 10.237 9.060 10.497 10.762 9.451 10.899 13.176 13.716 13.691 16.568 17.431 15.706 17.873 19.969 20.034 20.902 19.823 17.069 18.937 18.708 15.988 16.906 18.366 18.131
18.331 18.247 18.337 16.350 15.684 17.289 16.503 15.898 17.454 18.754 17.768 17.912 16.885 14.737 12.879 10.514 8.554 7.013 5.339 4.402 4.220 2.590 1.920 2.064 1.088 0.566 0.000 0.699 1.130 1.963 2.483 3.501 4.969 6.215 7.695 8.429 10.423 10.244 8.858 9.298 10.660 9.757 7.954 9.525 10.950 10.161 9.048 10.639 11.206 9.726 11.318 13.652 14.164 14.268 16.797 17.649 15.886 17.942 20.034 20.099 20.697 19.787 17.125 19.177 18.942 15.961 17.095 18.376 18.206
18.110 18.215 18.178 16.039 15.311 17.328 16.369 15.737 17.790 19.139 18.355 18.612 17.691 15.080 13.845 10.567 8.680 7.197 5.957 4.920 4.528 3.451 2.298 2.262 1.645 1.392 0.574 0.000 0.693 1.460 2.196 3.285 4.455 5.434 6.899 7.620 9.160 9.652 8.015 8.510 9.842 9.278 7.380 9.207 10.917 9.772 8.788 10.900 11.391 9.855 11.447 13.807 14.159 14.615 17.015 17.932 16.703 18.558 20.228 20.647 21.267 20.558 17.584 19.454 18.923 16.315 17.122 18.500 18.117
19.031 18.745 18.632 16.402 15.637 17.695 16.977 16.288 17.989 19.960 18.796 18.990 18.116 15.543 13.842 11.118 8.943 7.034 6.152 5.595 4.649 3.778 3.226 2.382 1.913 1.872 1.285 0.597 0.000 0.750 1.470 2.629 3.681 5.002 6.250 7.034 9.126 9.457 7.969 8.283 9.891 9.205 7.626 8.998 10.527 9.615 8.649 10.172 10.550 9.416 10.775 13.230 13.671 13.839 16.473 17.366 15.812 18.000 20.105 20.154 21.090 19.958 16.975 19.078 18.604 15.627 16.589 18.218 17.649
18.842 18.471 18.519 16.435 15.877 17.579 16.883 16.384 18.184 19.318 18.823 18.714 18.100 15.916 14.476 11.695 10.079 8.314 7.149 6.808 5.787 4.720 4.067 3.375 2.493 2.471 2.220 1.563 0.630 0.001 0.779 2.152 3.154 4.762 5.948 6.724 8.254 8.828 7.527 8.112 9.172 8.600 7.358 8.681 10.207 9.672 8.861 10.334 10.961 9.728 10.951 13.225 13.980 14.035 16.399 17.480 16.111 17.894 19.775 20.268 20.739 20.030 17.162 18.994 18.241 15.546 16.404 17.993 17.508
18.599 18.531 18.651 16.953 16.321 18.139 17.569 17.155 18.785 20.365 19.781 19.848 19.038 16.955 15.953 13.223 11.969 9.731 8.774 8.169 7.377 5.893 5.084 4.968 3.948 2.956 2.646 2.744 1.626 0.739 0.000 0.944 2.086 3.425 4.803 5.286 7.156 7.718 6.845 7.303 8.609 8.341 7.331 8.915 10.496 9.912 9.613 11.094 12.072 11.339 12.244 14.550 15.422 16.210 17.822 18.878 17.993 19.375 21.224 21.423 22.022 21.006 18.544 20.038 19.492 16.951 17.776 18.785 18.526
18.615 18.714 18.716 17.119 16.548 18.428 18.094 17.727 19.301 20.979 20.694 20.913 20.239 18.108 17.072 14.321 13.971 12.286 10.806 9.643 8.918 7.604 6.310 5.799 5.849 4.862 3.351 3.472 2.654 1.615 0.794 0.000 0.925 1.859 2.827 4.174 6.205 7.452 6.443 7.270 8.816 8.245 7.067 8.880 10.424 10.012 10.021 11.805 12.511 11.751 12.840 15.274 16.153 16.541 18.605 19.492 18.676 20.296 21.963 22.223 22.930 21.784 19.302 20.673 20.018 17.269 17.993 19.376 18.606
19.307 19.160 19.272 17.541 17.256 19.089 18.738 18.499 20.081 21.727 21.652 21.711 21.151 19.154 18.062 16.153 15.908 14.512 13.340 12.487 11.981 10.841 9.499 7.995 7.837 7.214 5.581 5.098 4.280 3.169 2.023 0.809 0.000 0.952 1.861 3.186 5.093 6.392 6.396 6.435 7.909 8.174 7.224 8.823 10.195 9.963 10.258 11.676 12.491 12.115 13.484 15.706 16.417 16.897 18.756 19.508 18.684 20.174 21.866 21.831 22.564 21.467 19.206 20.732 20.065 17.162 18.077 19.415 18.589
19.505 19.663 19.650 18.283 17.933 19.508 19.718 19.191 20.466 22.380 22.403 22.444 21.800 19.971 18.351 16.966 16.677 14.930 14.169 13.476 11.983 10.707 9.902 8.452 8.007 7.401 6.244 5.673 4.519 3.386 2.930 2.021 0.709 0.001 1.037 2.416 4.312 6.029 5.699 6.477 8.293 8.788 7.939 9.404 10.732 11.033 10.955 12.321 13.143 12.918 13.937 16.347 16.862 17.214 18.647 19.534 18.520 20.036 21.514 21.448 22.246 21.143 18.870 20.208 19.368 16.972 17.745 18.789 18.036
20.028 19.954 20.017 18.520 18.013 19.703 19.540 19.054 20.834 22.510 22.518 22.637 22.060 19.944 18.861 16.827 16.701 14.817 14.071 13.241 12.019 11.044 10.053 9.302 8.637 7.780 7.258 6.342 4.916 4.465 4.439 2.988 1.973 0.721 0.001 1.209 2.935 4.715 5.294 6.021 7.562 8.191 7.564 9.001 10.532 10.786 10.686 12.230 13.038 12.794 13.759 15.765 16.273 16.659 18.657 19.308 18.490 19.736 21.620 21.778 22.270 21.241 18.725 20.333 19.652 17.209 17.797 19.077 18.495
21.248 20.880 21.436 20.319 19.376 21.056 21.086 20.651 21.919 23.684 23.866 24.027 23.650 21.821 21.363 19.828 19.811 18.584 17.947 17.317 16.122 15.182 15.105 14.300 12.968 12.413 12.098 10.494 8.898 9.110 8.672 6.378 4.056 2.592 0.919 0.000 1.730 3.250 4.917 5.311 6.222 7.798 8.591 9.499 10.915 11.829 12.789 13.674 14.620 14.912 15.608 17.299 18.204 18.633 20.497 21.320 20.561 22.116 23.504 23.448 24.110 23.440 21.072 22.364 21.563 19.163 19.460 20.318 19.934
21.688 21.283 21.784 21.011 20.377 21.662 21.845 21.642 22.515 23.898 24.147 24.386 24.284 22.758 22.390 20.638 21.276 19.686 19.912 18.737 17.375 17.366 17.570 16.228 15.394 15.333 14.769 12.703 11.470 12.601 11.164 8.873 6.105 5.784 2.729 0.948 0.001 1.218 2.948 4.099 4.431 5.107 7.103 8.361 9.180 9.910 10.925 11.954 13.668 14.838 15.698 17.243 18.264 18.612 20.578 21.632 21.154 22.227 23.905 24.132 24.751 23.657 22.079 23.146 22.354 20.122 19.939 21.213 20.480
20.854 20.394 20.608 19.396 18.606 20.257 20.298 19.941 21.091 22.937 23.202 23.393 23.302 21.237 20.871 19.120 19.354 17.951 17.922 16.726 14.850 15.025 15.032 13.526 12.602 13.367 12.908 10.756 10.315 11.095 10.431 8.019 6.779 6.004 4.344 2.464 0.730 0.000 1.175 3.165 4.214 3.728 4.853 7.466 7.944 8.643 8.897 10.317 11.803 12.394 13.481 15.266 16.952 17.734 19.430 20.316 19.902 21.263 22.901 23.208 23.598 22.853 20.695 21.887 21.338 18.654 19.151 20.101 19.586
20.581 19.999 20.408 18.981 17.915 19.478 19.431 18.903 20.175 21.928 21.837 22.167 21.905 20.016 19.167 17.085 17.569 16.080 16.264 15.121 13.232 13.587 14.196 12.690 11.179 12.401 12.429 10.238 9.655 10.908 10.105 7.680 7.326 6.321 6.201 4.619 3.302 0.748 0.000 1.183 2.783 3.460 3.212 3.954 5.756 6.479 6.349 7.621 8.958 9.204 9.782 11.872 13.604 14.446 16.150 17.176 17.073 18.517 20.038 20.887 21.476 21.203 18.455 19.460 18.800 16.407 16.710 17.888 17.761
21.108 20.151 20.474 19.323 17.921 19.633 19.705 18.896 20.113 21.856 21.788 22.190 22.083 19.929 19.045 17.257 17.746 16.130 16.268 14.832 12.537 12.988 13.597 12.094 10.182 11.198 11.702 9.739 8.850 10.077 10.005 7.555 6.980 6.087 6.332 5.001 4.177 2.332 0.627 0.000 1.058 1.539 2.528 2.448 3.375 4.801 5.482 6.385 7.581 8.244 8.914 11.233 12.791 14.434 16.186 17.031 16.878 18.455 20.175 20.517 21.842 20.801 18.401 19.640 18.959 15.999 16.338 17.797 17.520
20.316 19.716 19.857 18.363 17.620 19.189 18.998 18.478 19.728 21.630 21.541 21.886 21.743 19.563 18.903 16.972 17.503 15.739 16.092 14.662 12.282 12.868 13.179 11.356 9.667 11.144 11.065 9.166 8.763 10.081 9.888 7.943 7.391 6.217 6.803 5.130 4.090 3.596 1.619 0.584 0.000 0.735 1.549 2.414 2.140 3.359 4.347 5.945 7.087 7.519 8.887 11.138 12.542 13.996 15.884 16.910 16.657 18.234 20.087 20.709 21.719 20.805 18.413 19.704 19.048 16.405 16.539 18.356 17.673
19.997 19.438 19.596 17.974 17.155 18.785 18.569 17.973 19.442 21.524 21.335 21.655 21.528 19.285 18.271 16.035 16.586 15.129 15.115 13.617 11.509 11.970 12.229 10.253 8.999 10.628 10.157 8.469 8.625 10.087 9.704 7.237 7.437 6.655 7.240 5.440 4.358 3.118 2.573 1.411 0.595 0.000 0.930 1.729 2.361 2.679 3.491 5.384 6.784 7.741 8.672 11.145 12.698 14.206 16.049 17.150 17.041 18.693 20.266 20.848 21.612 21.041 18.602 19.639 19.129 16.558 17.098 18.281 18.073
20.133 19.471 19.787 18.269 17.121 18.909 18.994 18.316 19.648 21.716 21.548 21.872 21.971 19.551 18.321 16.391 16.628 14.864 15.033 13.576 11.451 11.685 12.247 10.094 8.695 10.239 10.291 8.055 7.921 9.821 9.652 7.258 7.571 6.660 7.515 6.171 5.674 4.156 2.744 2.943 1.831 0.617 0.000 1.007 1.941 3.046 2.850 4.412 6.143 6.901 7.303 9.889 11.444 12.818 14.940 16.166 15.786 17.865 19.437 20.274 21.383 20.739 18.025 19.075 18.530 15.658 15.806 17.463 17.283
20.727 19.649 20.135 18.886 17.344 19.123 19.047 18.511 19.439 21.428 21.330 21.719 21.818 19.947 18.619 17.081 17.566 15.727 16.275 14.828 12.469 13.028 13.546 11.301 9.483 11.064 10.907 9.029 8.737 9.920 10.109 8.243 7.983 7.319 8.598 7.525 6.155 5.395 3.590 3.019 2.854 1.551 0.669 0.000 1.049 2.212 3.028 3.964 5.672 7.096 7.797 9.700 11.278 12.575 15.022 16.062 15.772 17.864 19.566 20.223 21.505 20.708 18.472 19.458 18.632 15.750 15.910 17.687 17.096
20.150 19.702 19.942 18.820 17.488 19.147 18.979 18.521 19.444 21.693 21.515 21.719 21.670 19.629 18.620 17.104 17.484 16.024 16.467 14.991 12.596 13.299 13.577 11.536 9.883 12.039 11.904 9.720 9.782 11.479 11.644 9.308 9.361 8.376 9.737 8.968 7.582 6.545 5.056 3.526 3.399 2.960 1.728 0.674 0.000 1.114 1.931 3.438 5.384 6.176 7.457 9.848 11.739 13.243 14.930 15.963 15.765 17.681 19.177 19.975 21.058 20.437 18.040 19.241 18.652 15.843 16.131 17.734 17.151
19.832 19.441 19.955 18.549 17.017 18.571 18.614 18.252 19.102 21.475 21.353 21.554 21.488 19.381 18.322 16.710 17.449 16.128 16.337 14.699 12.776 13.450 13.851 11.270 10.060 12.307 12.526 9.931 10.601 12.403 12.146 10.359 10.579 9.687 11.234 9.458 8.409 7.419 6.488 5.675 3.509 3.325 3.137 2.298 0.723 0.000 1.046 3.001 4.730 5.530 6.043 8.810 10.707 12.099 13.913 15.094 15.011 17.228 18.641 19.605 20.917 20.775 17.745 19.151 18.703 16.065 16.190 17.706 17.529
20.076 19.520 19.831 18.789 16.745 18.663 19.014 18.645 19.321 21.263 21.549 21.730 21.763 20.050 19.028 17.831 18.583 17.348 17.715 16.255 13.872 14.657 15.170 12.841 10.755 13.684 14.005 10.704 11.876 14.308 14.109 12.313 13.555 12.111 14.642 12.827 11.827 10.073 8.450 8.408 6.860 4.753 4.509 4.171 2.713 1.195 0.001 1.455 4.042 4.876 4.727 6.352 9.071 10.207 11.743 12.876 13.647 15.944 17.222 19.141 20.714 20.559 17.699 18.647 18.402 15.453 15.433 17.169 17.107
20.195 19.092 19.549 18.224 16.611 18.495 18.240 17.901 18.754 20.988 20.874 21.179 21.358 19.133 18.035 17.289 18.428 17.522 18.370 16.438 13.912 15.420 16.259 13.093 11.777 15.064 14.832 12.100 13.318 16.307 15.630 13.951 16.414 15.671 18.337 17.083 15.832 13.576 11.417 10.789 9.492 7.807 6.004 5.095 4.861 3.543 0.953 0.000 1.053 2.767 3.961 4.144 5.611 7.813 8.764 10.308 10.863 13.249 14.718 16.647 18.306 18.577 16.290 16.914 17.140 14.917 14.366 16.646 16.718
19.805 19.018 19.027 17.991 16.114 18.338 17.872 17.296 18.636 20.820 20.704 20.585 20.475 18.239 16.759 15.933 16.465 15.460 15.954 14.539 12.215 13.448 14.411 11.839 10.841 13.875 14.113 11.825 13.434 16.092 15.993 14.559 17.254 16.278 18.795 17.925 16.357 14.869 12.918 11.271 10.052 8.788 6.857 5.673 5.440 4.920 3.035 0.837 0.000 1.047 2.670 3.962 4.589 6.009 8.833 9.689 10.022 11.878 13.596 15.856 17.063 17.430 15.113 15.629 15.707 13.831 13.816 16.112 16.136
19.810 18.916 18.994 17.657 15.942 17.830 17.649 17.113 18.608 20.530 20.397 20.768 20.715 18.232 17.180 15.989 16.760 15.714 16.193 14.440 12.032 13.157 13.813 11.574 10.776 13.616 13.750 11.954 13.459 15.856 15.504 14.715 16.936 16.726 19.001 17.828 16.776 15.504 13.860 12.115 10.619 9.760 7.889 6.826 6.066 5.131 3.476 2.837 0.749 0.000 1.176 2.769 4.057 4.602 6.805 8.741 8.970 10.387 12.228 14.328 16.656 17.041 13.561 14.745 14.513 12.192 12.087 14.123 14.961
20.632 19.478 19.456 17.768 16.434 17.956 17.801 17.306 18.646 20.776 20.741 20.903 20.973 18.773 17.699 16.675 17.583 16.161 16.979 15.457 12.724 14.021 15.089 12.782 11.710 14.889 15.163 13.033 14.995 17.522 17.600 16.643 19.407 18.882 21.461 20.599 19.084 17.756 15.568 14.183 13.002 11.026 9.436 8.506 8.513 6.820 4.882 4.921 2.839 0.766 0.000 1.198 2.590 4.168 5.566 6.834 7.563 9.662 11.235 13.563 16.466 16.364 13.199 14.868 15.066 12.168 11.737 14.721 14.930
21.195 20.068 20.522 19.067 17.450 19.089 18.843 18.443 19.326 21.719 21.747 21.894 21.921 19.679 18.630 17.846 19.029 17.703 18.866 17.103 14.257 15.688 17.057 14.313 12.819 16.618 17.121 14.415 16.316 19.321 19.463 17.926 20.357 20.112 22.368 21.367 19.765 18.398 16.359 14.758 13.255 11.687 9.544 8.366 8.569 8.123 5.230 4.241 4.248 3.079 0.883 0.000 1.155 3.297 4.801 6.167 7.140 9.201 10.308 12.615 15.656 16.435 12.995 14.424 14.829 12.629 12.219 14.912 15.383
21.772 20.472 20.493 19.294 17.963 19.204 18.801 18.448 19.280 21.331 21.383 21.482 21.802 19.591 18.629 17.777 18.818 16.947 18.415 16.821 13.797 15.313 16.995 14.495 13.096 16.615 17.389 15.299 17.099 19.804 19.830 19.108 21.221 21.055 22.775 22.225 20.896 19.831 18.043 16.445 15.083 14.073 11.566 10.360 10.529 10.271 7.920 5.834 5.531 4.911 3.010 1.074 0.001 1.323 4.003 5.728 5.161 6.915 8.391 10.501 12.301 13.508 10.781 11.431 12.069 10.761 10.935 13.254 14.783
21.222 20.349 20.186 18.666 17.422 18.603 18.443 17.927 18.685 20.888 21.062 21.057 21.348 19.325 17.884 16.945 17.830 16.488 17.739 15.777 13.236 14.409 16.139 14.033 13.043 16.463 17.129 15.242 17.023 19.596 19.735 19.246 21.732 21.008 22.859 22.444 21.573 20.564 18.802 17.472 16.406 15.318 13.619 12.625 12.058 11.165 9.765 8.855 6.519 5.811 5.041 3.276 0.882 0.000 1.286 3.671 4.349 4.584 5.913 8.055 10.566 12.051 9.230 9.925 11.078 10.061 10.320 12.773 14.400
20.789 19.904 20.118 18.089 16.941 18.769 18.150 17.190 18.187 20.582 20.231 20.209 20.375 18.200 16.786 15.775 17.041 15.203 16.750 14.775 12.194 13.375 14.826 12.821 12.029 15.323 16.135 14.281 16.215 18.957 19.562 19.117 21.445 21.109 23.120 22.838 22.247 21.326 19.386 18.026 17.544 16.099 13.983 13.242 13.404 11.852 10.135 9.564 8.119 6.175 6.079 5.253 2.841 0.774 0.000 0.960 1.947 3.664 3.694 4.781 7.365 7.989 6.827 7.963 9.421 8.663 9.504 11.735 12.828
21.163 20.483 20.451 18.568 17.414 19.120 18.473 17.429 18.655 20.971 20.453 20.095 20.391 18.291 17.090 16.075 17.369 15.727 16.889 15.377 12.988 14.333 15.920 13.887 13.184 16.283 17.173 15.428 17.674 19.930 20.751 20.659 22.429 22.534 24.159 24.058 23.584 22.590 20.844 19.587 19.181 17.916 15.693 14.831 15.035 13.536 11.622 11.036 8.944 7.391 6.533 5.990 4.021 2.159 0.820 0.001 0.938 2.677 3.426 3.858 5.473 6.348 5.385 6.808 8.469 7.948 8.693 10.868 12.040
21.304 20.668 20.553 18.833 17.658 18.978 18.402 17.636 18.443 20.560 20.123 20.103 20.457 18.548 17.203 16.330 17.318 16.329 16.867 15.381 13.323 14.506 15.666 14.309 13.588 16.495 17.241 15.967 17.899 20.154 20.737 20.567 22.522 22.530 24.065 23.969 23.453 22.700 20.623 19.730 19.161 17.954 15.943 15.245 15.180 14.132 11.838 11.221 9.274 8.416 7.667 6.691 4.600 3.360 2.662 0.881 0.000 1.052 2.174 3.128 4.425 5.674 5.153 5.887 7.891 7.515 8.801 10.848 12.260
21.133 20.485 20.557 18.290 17.088 18.864 18.350 17.009 18.423 20.693 20.367 20.165 20.369 18.363 17.089 15.897 17.416 16.082 17.232 15.795 13.427 14.686 16.188 14.345 13.693 16.497 17.499 15.917 17.614 20.277 20.966 20.423 22.675 22.472 24.274 24.001 23.481 22.528 20.801 19.545 19.387 17.936 15.747 15.036 15.263 13.962 12.115 11.582 9.871 8.712 8.072 7.683 5.628 4.514 4.114 2.533 0.723 0.000 0.954 2.283 3.516 5.212 4.562 5.468 7.754 7.089 7.938 9.593 11.282
21.895 21.308 21.235 19.003 18.118 19.721 18.858 18.105 19.367 21.404 20.938 20.868 20.820 18.637 17.430 16.548 17.523 16.382 17.512 16.133 13.705 14.956 16.469 14.459 13.824 16.626 17.443 16.199 18.057 20.320 20.965 21.050 22.759 22.894 24.344 24.379 24.025 23.220 21.399 20.345 19.948 18.728 16.607 16.036 16.336 15.043 13.121 12.973 10.895 9.287 9.314 8.230 6.184 5.080 4.394 3.109 1.759 0.719 0.000 0.871 1.966 3.172 3.140 4.464 6.773 6.556 8.275 9.138 10.825
21.950 21.392 21.227 19.137 18.445 19.561 18.964 18.269 19.566 21.579 20.838 20.881 20.538 18.601 17.436 16.966 17.533 16.485 17.546 16.078 14.025 14.954 16.415 14.417 13.799 16.436 17.476 15.822 17.624 20.128 21.241 20.834 23.075 23.120 24.898 25.016 24.793 24.241 21.917 21.089 20.850 19.470 16.925 16.420 17.021 15.585 13.251 13.556 11.571 9.588 9.483 8.897 6.806 6.038 4.911 3.523 2.859 2.019 0.872 0.000 0.939 1.607 2.041 2.949 4.934 5.088 6.942 7.953 9.291
21.850 21.183 21.268 18.901 18.068 19.822 18.911 17.957 19.471 21.412 20.896 20.716 20.697 18.752 17.603 16.711 17.887 16.491 17.745 16.332 14.186 15.291 16.475 14.586 13.738 16.165 17.326 15.871 17.319 19.919 20.839 20.685 22.611 22.286 24.162 24.393 23.959 23.627 21.669 20.013 20.419 19.237 16.376 16.083 17.188 15.820 13.547 13.554 11.911 10.357 10.211 9.303 7.761 6.746 6.228 4.004 3.725 2.959 1.812 0.641 0.001 0.818 1.454 2.536 3.848 4.166 6.462 7.413 8.956
21.706 21.275 21.166 19.191 18.170 19.690 19.210 18.264 19.594 21.903 21.451 21.378 21.112 19.306 18.095 17.125 17.849 16.451 17.765 16.149 14.022 14.878 16.195 14.280 13.264 15.922 17.001 15.275 16.770 19.497 20.563 20.250 22.447 22.543 24.308 24.323 23.908 23.404 21.140 20.040 20.205 18.808 16.159 15.761 16.637 15.317 13.154 13.058 11.926 10.171 10.002 9.538 8.162 7.114 7.420 5.753 4.214 4.143 2.658 1.474 0.633 0.000 0.743 1.702 3.655 3.571 5.312 6.796 7.866
21.826 21.437 21.407 19.184 18.508 19.826 19.229 18.475 19.890 21.827 21.302 21.176 20.988 19.024 17.838 16.890 17.221 16.087 16.805 15.853 13.859 14.808 15.956 14.211 13.051 15.933 16.965 15.492 16.661 19.692 20.510 20.233 22.629 21.982 24.274 24.236 23.889 23.252 21.156 20.030 20.205 18.990 16.140 16.217 17.147 15.859 13.202 12.967 11.967 10.030 10.116 9.798 8.396 7.287 7.423 6.057 4.554 4.481 4.389 1.778 1.501 0.740 0.000 0.953 2.164 2.876 4.150 5.154 6.386
21.651 21.170 21.132 19.127 18.096 19.711 19.264 18.047 19.449 21.387 21.039 20.805 20.961 19.183 17.767 16.607 17.537 16.005 16.795 15.994 13.560 14.267 15.609 14.009 12.789 15.304 16.621 15.126 16.565 19.160 20.227 20.039 21.740 21.693 23.689 23.769 23.497 22.846 21.031 19.846 20.062 18.848 15.778 15.812 16.778 15.446 13.108 13.417 12.563 10.583 10.909 10.594 9.405 8.216 8.607 7.395 5.791 5.148 5.058 3.802 3.059 1.973 0.702 0.000 0.987 1.991 3.622 4.297 6.378
21.845 21.404 21.509 19.381 18.305 20.168 19.526 18.426 19.949 22.105 21.719 21.680 21.386 19.302 18.230 16.993 17.890 16.365 17.201 15.918 13.768 14.653 15.587 13.808 12.945 15.206 16.261 14.644 15.957 18.814 19.672 19.516 21.282 21.655 23.365 23.258 23.151 22.557 20.480 19.773 19.891 18.392 15.157 15.383 16.799 15.184 12.853 13.270 12.346 10.374 10.293 10.724 9.533 8.113 8.673 8.188 5.989 5.598 5.748 4.497 3.431 4.098 2.419 0.939 0.001 1.021 2.475 3.378 4.942
21.559 21.086 21.049 19.303 18.659 19.744 19.581 18.892 20.020 22.229 21.578 21.679 21.527 19.491 18.213 17.164 17.708 15.935 17.131 15.869 13.530 14.431 15.451 13.696 12.546 15.297 16.332 14.899 16.263 18.857 19.848 19.545 21.789 21.522 23.890 23.615 23.606 23.130 20.711 19.733 19.971 18.589 15.706 15.769 16.740 15.454 12.868 13.144 12.437 10.603 10.679 11.059 10.101 8.144 9.336 8.615 6.065 6.036 6.832 5.099 4.272 4.203 3.056 1.816 0.678 0.000 1.007 2.388 4.079
22.508 21.866 22.003 20.002 19.303 20.661 20.240 19.552 20.873 22.908 22.304 22.191 21.931 19.873 18.676 17.398 18.315 16.601 17.315 16.396 14.521 14.991 16.153 14.882 13.974 16.023 17.533 16.569 17.850 20.010 20.879 20.802 22.652 22.431 24.226 24.067 24.039 23.523 21.661 20.675 20.713 19.569 16.850 16.584 18.043 16.669 14.043 14.285 13.967 11.821 11.519 12.496 11.042 9.179 10.055 9.760 7.580 6.834 7.572 6.217 5.547 5.038 3.662 3.387 2.451 0.690 0.000 1.039 3.376
22.641 22.091 22.197 20.538 19.596 21.032 20.716 19.974 20.815 22.706 22.382 22.361 22.280 20.638 19.222 18.684 19.185 17.304 18.474 17.695 15.128 15.956 17.345 16.016 14.678 16.985 18.351 17.160 17.900 20.308 21.424 21.230 22.595 22.618 24.102 24.123 24.226 23.496 21.696 20.850 21.028 20.068 17.078 16.829 18.396 17.087 14.583 14.974 14.696 12.402 11.721 12.456 11.229 9.840 9.833 9.702 8.041 7.264 8.343 8.034 8.091 8.330 5.573 5.133 4.298 3.040 0.794 0.004 1.078
23.938 23.542 23.485 22.298 21.011 22.632 22.546 21.656 22.209 24.450 24.239 24.031 23.924 22.606 21.003 20.284 20.493 18.678 20.057 19.211 16.881 17.374 19.109 17.653 16.719 18.210 19.810 18.844 18.960 21.574 22.458 22.325 23.692 23.458 25.169 25.158 25.064 24.818 23.299 21.737 21.905 21.259 19.048 18.033 19.455 18.557 16.098 16.157 16.604 14.635 13.497 14.279 13.642 11.366 12.099 12.379 10.907 9.607 10.995 11.320 11.004 12.012 9.214 7.890 5.650 5.797 3.011 1.028 0.007
