0.001 1.499 3.063 5.123 6.142 8.993 9.990 11.499 13.655 13.852 15.468 17.216 18.968 21.026 22.790 23.862 24.700 24.226 23.452 24.597 24.537 22.856 22.670 24.424 23.330 22.145 23.351 24.751 23.399 22.897 25.121 25.702 25.093 25.632 24.050 24.757 23.923 23.923 22.539 21.270 21.313 19.542 20.549 20.366 19.318 18.484 20.224 20.352 19.427 20.308 21.843 21.911 21.546 23.019 24.162 24.051 24.363 22.671 22.382 21.943 21.796 21.741 22.441 23.633 23.841 24.907 24.643 23.065 22.731 22.023 21.298 21.991 21.824 23.181 23.274 23.352 24.341 24.539 25.735 26.036 26.890
0.897 0.001 1.138 2.366 3.947 5.252 6.100 7.296 8.851 10.785 12.837 15.160 17.664 19.538 21.286 22.692 23.398 23.201 21.938 23.188 23.503 21.445 20.673 22.820 21.699 19.405 21.422 23.095 21.476 20.215 23.419 24.361 23.391 23.717 21.938 22.645 21.934 21.686 20.284 19.140 19.221 18.056 18.759 18.287 17.473 17.095 18.267 18.716 18.040 19.339 20.838 21.108 20.692 22.791 23.657 23.358 23.403 21.311 21.656 20.835 20.168 20.289 21.083 21.906 22.010 23.261 22.855 20.966 20.476 19.211 18.545 18.867 19.000 20.600 20.908 21.224 22.447 22.972 24.267 25.031 26.221
2.372 0.948 0.000 1.098 2.403 3.593 5.261 6.947 9.122 10.758 13.085 15.660 17.864 19.431 21.464 22.591 23.573 23.279 22.029 23.031 23.061 21.144 20.567 22.272 21.330 19.664 20.604 22.754 21.195 19.887 22.698 23.825 22.947 23.480 21.845 22.465 21.594 21.834 20.383 18.882 18.996 17.857 18.553 18.106 17.141 17.031 18.041 18.266 18.078 18.948 20.458 20.911 20.705 22.562 23.550 23.259 23.389 21.303 21.439 21.108 20.363 20.292 21.388 22.405 22.503 23.620 23.153 21.614 20.439 19.598 18.783 19.136 19.406 20.969 21.275 21.332 22.751 23.130 24.606 25.126 26.189
3.131 2.173 0.919 0.000 1.162 2.327 4.339 6.267 8.110 9.972 12.401 14.701 17.297 19.117 20.822 22.047 22.885 22.964 21.991 22.672 22.990 21.518 20.582 22.437 21.654 19.651 20.931 22.949 21.774 20.426 23.242 24.024 23.154 23.390 21.526 22.111 21.209 20.977 19.474 18.157 18.085 16.960 17.939 17.428 16.416 16.482 17.687 18.082 17.766 18.831 20.340 20.567 20.298 22.390 23.275 23.036 23.130 21.173 21.572 21.040 20.138 20.360 21.072 22.185 22.076 23.297 22.779 21.218 20.329 19.032 18.255 18.432 18.521 19.971 20.246 20.568 21.645 22.239 23.622 24.586 25.388
4.894 3.393 2.125 0.797 0.000 0.949 2.945 4.911 7.066 9.493 12.468 15.006 17.209 19.351 21.097 22.297 23.404 23.171 21.814 22.811 23.189 21.728 20.570 22.836 22.062 20.065 21.309 23.336 22.173 20.798 23.316 24.400 23.266 23.775 21.950 22.408 21.332 21.275 19.780 18.596 18.605 17.649 18.323 18.311 17.208 17.740 18.609 18.508 18.700 19.746 21.168 21.393 21.481 23.367 24.236 23.972 23.892 22.086 22.492 22.025 20.916 20.695 21.815 22.547 22.306 23.420 22.905 21.143 20.267 18.855 18.136 18.106 18.470 19.948 20.020 20.391 21.690 22.124 23.614 24.565 25.677
9.071 5.589 4.074 2.437 0.876 0.001 1.445 3.544 5.392 7.877 10.562 13.507 16.197 18.388 20.577 21.949 22.991 22.821 21.631 22.590 22.779 21.510 20.052 22.317 21.680 19.405 20.712 22.986 22.006 20.422 23.122 24.345 23.478 23.602 21.698 22.061 21.002 20.918 19.279 17.976 18.151 16.909 18.302 17.926 16.326 17.109 18.704 18.445 17.987 19.695 21.212 21.143 21.234 23.339 24.303 24.045 23.626 21.477 21.786 21.167 20.172 19.980 21.218 21.755 21.386 22.701 22.028 20.175 19.079 17.631 17.086 17.366 17.863 19.235 19.489 20.014 21.354 21.772 23.419 24.545 25.573
14.931 12.183 9.755 5.755 3.455 1.127 0.000 1.630 3.989 6.911 10.134 12.908 16.371 18.844 21.653 22.422 23.473 23.502 21.970 22.819 23.378 21.786 20.315 22.576 22.209 19.859 20.642 23.074 22.199 20.416 22.992 24.516 23.825 23.954 21.740 22.370 20.823 21.019 19.553 18.270 18.543 16.908 18.323 18.270 16.348 16.972 19.296 18.946 18.438 20.408 22.248 22.040 22.219 24.282 25.173 24.779 24.459 22.482 22.984 22.440 21.466 20.803 22.141 22.549 21.580 22.893 22.153 20.305 19.015 17.507 16.711 17.079 17.200 18.819 19.425 20.072 21.392 22.066 23.812 24.592 25.656
16.016 13.494 10.972 7.378 6.381 3.661 1.350 0.000 1.576 4.007 5.844 8.021 11.022 11.773 14.868 16.383 18.067 17.390 15.981 17.206 17.753 16.031 14.882 17.905 17.624 15.792 17.054 20.408 19.408 18.250 21.303 22.829 22.343 22.724 20.762 21.555 20.275 20.442 18.954 17.622 17.963 16.918 18.149 17.828 15.064 16.197 18.185 17.315 16.397 18.966 20.719 20.200 20.424 22.681 23.642 23.014 22.405 19.748 20.451 20.087 18.702 18.456 19.880 20.299 19.968 20.896 19.635 17.832 16.252 15.346 14.502 15.515 16.336 18.636 19.388 20.175 21.838 22.265 24.032 24.961 25.992
16.872 15.228 11.838 9.398 7.658 5.597 3.556 1.115 0.000 1.305 2.824 3.931 6.080 7.916 9.938 12.966 14.216 13.709 13.105 14.665 14.769 12.753 12.801 15.497 15.026 12.938 14.972 17.760 16.367 15.621 18.909 20.493 19.896 20.671 18.399 19.716 18.141 18.667 17.091 16.117 16.277 15.220 15.960 15.122 12.820 13.224 14.569 13.940 12.587 14.820 16.447 16.043 15.875 18.931 19.773 18.994 18.548 15.892 16.739 16.467 15.340 15.743 17.114 18.195 18.372 19.762 18.620 17.145 15.713 14.791 13.988 15.922 16.544 18.350 19.278 19.497 20.578 21.027 22.933 23.772 25.106
17.728 16.380 12.597 11.198 9.257 8.040 5.297 2.867 1.039 0.001 1.013 1.927 3.107 4.306 6.292 7.410 9.427 9.939 9.816 11.742 11.991 10.848 11.008 13.676 13.157 11.351 13.486 16.294 14.983 14.404 17.738 19.188 18.439 19.423 17.357 18.515 17.638 17.938 16.705 15.365 15.683 14.712 15.684 14.779 12.582 12.646 14.426 13.236 11.928 14.572 15.791 15.408 15.696 18.332 19.201 18.468 18.078 15.458 16.373 15.808 14.763 15.278 16.887 17.728 17.975 19.306 18.419 16.196 14.580 13.953 13.135 15.099 16.177 18.769 19.029 19.351 20.412 21.175 23.080 23.916 25.185
17.669 16.473 12.858 11.062 9.868 8.352 5.689 3.914 2.283 0.817 0.000 0.874 1.687 2.380 4.056 5.952 7.041 8.245 9.191 10.597 10.835 10.042 10.613 12.872 12.828 11.371 13.143 15.980 15.049 14.696 17.398 19.418 18.913 19.514 17.560 18.777 17.700 18.252 16.573 15.325 15.534 14.520 15.237 14.341 12.166 12.284 13.873 13.087 11.777 14.047 15.719 15.376 15.250 17.877 18.864 18.098 17.822 15.278 15.993 15.388 14.433 14.817 16.176 17.351 17.424 18.523 17.286 15.698 14.433 13.804 13.268 15.541 16.040 18.080 18.866 19.231 20.788 20.949 23.397 24.162 25.382
17.872 16.778 13.346 12.051 10.823 9.752 7.031 5.201 3.306 1.734 0.830 0.000 0.887 1.718 3.007 4.528 6.089 7.613 8.317 10.331 10.700 9.448 9.931 12.886 12.410 10.860 13.085 15.513 14.650 14.147 17.288 18.493 18.060 18.897 17.062 18.224 17.516 17.862 16.526 15.217 15.725 14.911 15.809 15.039 12.552 12.760 14.471 13.197 11.995 14.544 15.918 14.968 15.489 17.950 18.945 17.795 17.487 14.911 15.690 14.959 14.319 14.873 16.302 17.203 17.637 19.007 18.159 15.990 14.364 13.812 13.159 15.254 16.102 18.815 19.207 19.765 21.150 21.678 23.775 24.396 25.638
18.515 16.926 13.889 12.330 11.744 10.865 7.956 6.764 4.509 3.030 1.917 0.830 0.000 1.004 2.052 3.527 5.050 6.443 7.855 9.232 9.662 9.141 10.043 12.065 12.189 11.341 12.954 15.494 15.068 14.924 17.499 19.275 18.700 19.618 17.817 18.564 17.822 18.396 16.959 15.449 15.972 15.148 15.891 14.785 12.549 12.777 14.148 13.448 12.215 14.243 15.776 15.480 15.086 17.780 18.821 17.713 17.483 15.008 15.926 15.093 13.825 14.878 15.939 17.006 17.372 18.293 17.713 16.095 14.942 14.411 13.639 15.538 16.543 18.758 19.768 19.886 21.344 21.629 23.779 24.684 25.640
18.202 17.377 13.873 12.877 12.304 11.561 8.828 7.800 5.897 4.219 3.038 1.965 0.881 0.000 0.839 2.161 3.785 5.605 7.330 8.965 9.594 9.323 9.988 12.280 12.402 11.940 13.379 15.663 15.589 15.637 17.909 19.480 19.221 19.895 18.075 19.081 17.919 18.560 17.486 16.156 16.867 15.660 16.772 15.721 13.084 13.641 15.238 14.056 12.940 15.172 16.779 15.778 16.087 18.437 19.322 18.262 17.927 15.385 16.266 15.484 14.340 15.137 16.483 17.480 17.714 19.066 18.182 16.158 14.834 14.407 13.877 16.374 17.199 19.521 20.424 20.683 22.099 22.294 24.353 24.942 25.992
18.946 17.931 14.668 14.388 14.404 14.352 11.722 10.433 8.183 6.571 5.089 3.280 2.085 0.745 0.000 1.013 2.520 4.728 6.262 7.786 8.809 8.756 9.514 11.438 11.801 11.678 13.405 15.309 15.051 15.690 17.944 19.508 19.406 20.232 18.509 19.237 18.210 18.759 17.589 16.327 17.179 16.018 17.080 15.961 13.575 13.916 15.249 14.292 13.098 15.241 16.902 15.973 15.761 18.819 19.518 18.487 18.000 15.428 16.037 15.522 14.426 15.357 16.494 17.605 17.800 19.256 18.508 16.090 15.262 15.057 14.639 16.827 17.665 19.677 20.711 20.781 22.386 22.394 24.413 25.216 26.019
20.094 19.716 17.459 17.453 17.871 18.213 15.769 15.343 13.463 11.235 8.926 6.676 4.063 2.503 0.984 0.000 1.608 3.314 5.554 7.312 7.940 9.093 10.547 12.392 12.741 13.313 15.426 17.121 17.445 18.426 20.003 21.068 21.300 21.843 21.028 21.519 20.621 21.430 20.686 19.605 20.507 19.473 20.529 19.565 17.149 17.175 18.989 17.736 15.843 18.123 19.509 17.741 17.518 20.584 20.878 19.646 18.571 16.108 17.066 15.973 14.783 15.801 16.943 17.683 18.485 19.698 18.794 17.029 16.318 16.723 16.286 18.777 19.782 21.510 22.600 22.760 24.343 24.213 25.684 26.245 26.726
22.074 22.414 20.615 20.712 20.796 20.972 19.600 18.350 16.862 15.118 12.173 10.408 7.407 5.727 3.531 0.997 0.000 1.750 4.297 6.104 6.349 7.099 8.731 11.156 11.819 12.331 14.201 16.396 16.825 17.374 19.099 20.480 21.256 21.734 21.013 21.732 21.049 22.079 21.138 20.067 21.148 20.457 21.330 20.172 17.738 17.981 19.362 17.569 16.016 18.372 19.464 17.782 17.893 20.409 20.782 19.870 18.805 16.498 17.255 16.434 15.598 16.554 17.446 18.237 18.736 19.956 18.788 17.541 16.606 17.361 17.249 19.341 20.610 22.341 23.344 23.217 24.599 24.450 25.795 26.622 27.076
22.903 23.420 21.744 21.990 22.342 22.487 20.965 20.173 18.093 16.078 14.015 11.410 9.984 7.306 5.645 3.917 1.717 0.000 1.820 4.134 5.365 5.297 5.047 7.694 9.176 9.453 10.862 13.555 13.591 13.348 16.250 17.521 18.265 19.327 17.807 18.359 17.224 18.198 18.050 16.727 17.753 17.566 18.683 17.247 14.867 16.232 17.786 15.450 14.706 17.685 18.824 17.048 17.678 20.606 21.093 20.192 18.869 16.568 17.880 17.126 16.403 17.603 18.883 19.517 20.092 20.694 19.493 18.216 16.709 17.020 16.449 18.035 19.121 20.780 21.712 21.685 22.977 22.816 24.336 25.254 25.812
23.018 23.551 22.077 22.222 22.112 22.671 21.451 20.660 18.856 16.646 15.045 12.373 11.732 8.616 7.523 6.729 3.505 0.933 0.000 1.303 2.870 3.760 3.320 4.615 5.958 6.557 6.558 8.123 8.616 9.083 10.600 12.172 12.814 13.861 13.490 14.843 14.498 15.787 15.696 15.227 16.417 16.498 17.620 15.656 13.599 14.987 16.379 14.162 13.491 16.544 17.588 15.695 16.830 20.038 20.149 19.488 18.525 16.165 17.271 16.963 16.004 17.562 18.876 19.637 20.151 20.948 19.656 18.240 17.101 17.053 16.143 17.840 18.358 20.418 21.447 21.317 22.767 22.766 24.373 25.179 25.872
22.737 23.251 21.848 22.113 21.745 22.168 21.213 20.091 18.403 16.205 14.622 12.360 11.469 8.399 7.978 6.754 5.451 2.808 0.680 0.000 1.063 1.942 2.826 2.953 3.917 5.644 5.716 6.467 6.954 7.646 9.841 10.873 11.339 12.924 12.619 13.795 14.154 15.254 15.375 14.837 16.473 16.408 17.523 15.927 13.619 15.028 16.220 13.832 13.475 16.280 16.964 14.836 16.234 18.948 19.112 18.613 17.185 15.589 17.014 16.619 15.686 17.330 18.903 19.788 20.312 21.217 19.882 18.512 17.468 17.711 16.804 18.491 18.740 20.586 21.558 21.204 22.615 22.395 23.886 24.376 25.227
22.544 22.843 21.147 21.807 21.511 21.743 20.731 19.258 17.963 15.908 14.842 12.337 11.663 9.123 9.301 7.662 6.028 4.082 2.640 0.634 0.000 0.920 1.587 2.900 2.797 2.937 4.439 5.459 6.119 6.481 7.487 9.004 9.565 10.791 10.698 11.625 12.567 13.501 13.273 12.811 13.815 14.265 14.908 13.423 11.949 12.922 13.540 11.955 11.701 14.298 14.830 13.606 14.680 17.537 17.900 17.698 16.851 15.093 16.797 16.541 15.753 17.149 18.931 19.727 20.209 21.081 19.940 18.558 17.453 17.355 16.026 17.995 17.832 20.001 20.466 19.954 21.271 21.024 22.812 23.655 24.435
22.771 23.260 21.503 21.856 21.575 21.852 20.385 19.142 17.720 15.584 14.999 12.709 12.592 9.701 9.858 8.718 6.648 4.389 4.161 2.326 0.622 0.000 0.859 2.401 3.286 2.769 3.272 5.883 5.847 5.095 6.811 8.869 8.728 10.065 9.316 10.253 10.877 12.032 11.605 11.209 12.947 13.458 14.581 12.575 10.705 12.759 13.694 11.563 11.345 14.475 15.155 13.519 15.169 17.980 18.543 18.237 17.378 15.167 16.914 16.791 16.118 17.782 19.437 20.243 20.736 21.717 20.275 18.815 17.498 17.067 16.025 17.410 17.575 19.375 19.991 19.843 20.916 20.870 22.767 23.454 24.508
22.125 22.375 20.092 20.472 20.515 20.604 19.039 17.822 16.295 14.102 13.445 11.531 11.149 8.974 9.100 8.370 6.875 4.428 3.521 3.066 1.993 0.580 0.000 0.766 1.566 1.943 1.903 2.323 3.624 3.431 3.802 5.042 5.502 6.788 7.052 8.775 9.722 11.169 10.593 10.005 11.831 12.267 13.445 11.668 9.721 11.494 12.992 11.067 10.637 13.750 15.138 13.504 14.550 17.885 18.557 18.008 17.321 14.677 16.308 16.176 15.326 16.773 18.447 19.319 19.745 20.696 19.464 17.554 16.578 16.325 14.961 16.602 16.778 18.810 19.411 18.751 20.362 19.902 22.091 22.980 24.181
21.601 21.684 19.445 20.230 20.020 20.373 18.909 17.274 16.374 13.607 13.195 10.788 10.994 8.894 9.420 9.068 8.462 6.076 4.621 3.686 3.308 1.666 0.542 0.000 0.681 1.037 1.468 1.327 1.665 2.335 2.773 3.314 4.163 5.657 5.951 7.945 9.779 10.903 9.959 9.620 11.193 11.893 12.485 10.914 9.473 10.658 11.410 9.956 9.662 11.972 13.295 11.866 13.131 15.935 16.504 16.332 15.644 13.955 15.362 15.258 14.782 16.272 17.909 19.143 19.604 20.676 19.563 17.901 16.787 16.471 14.813 16.677 16.162 18.509 18.799 17.937 19.405 19.112 21.035 22.041 23.099
21.265 21.663 19.319 20.154 20.133 20.480 18.929 17.566 16.268 13.901 13.152 10.904 11.231 9.007 9.612 8.933 8.127 6.054 5.322 3.767 2.728 2.009 1.051 0.564 0.000 0.578 0.951 1.207 1.277 1.287 2.036 2.194 3.235 4.627 5.200 7.291 9.358 10.214 9.505 9.111 10.778 11.077 11.568 10.215 8.733 9.794 10.570 9.556 9.097 11.253 12.750 11.736 12.544 15.673 16.340 16.130 15.505 13.910 15.470 15.447 14.554 15.943 17.907 19.295 19.743 20.588 19.720 17.822 16.865 16.581 14.939 16.716 16.321 18.595 19.044 18.262 19.530 19.261 21.219 22.055 23.124
21.438 21.721 19.042 19.836 19.818 20.090 18.256 16.998 15.537 12.836 12.919 10.492 11.124 8.965 9.698 9.104 8.193 6.337 5.309 4.705 3.244 2.331 1.760 1.180 0.535 0.000 0.625 1.014 1.309 1.137 1.556 2.141 2.695 4.155 4.861 6.894 8.677 9.906 9.059 8.781 10.378 10.731 11.582 9.797 8.536 9.590 10.498 9.386 8.763 11.039 12.113 10.902 12.439 15.333 16.077 15.674 15.079 13.134 14.939 15.198 14.235 15.835 17.932 19.167 19.785 20.573 19.689 17.650 16.734 16.254 14.735 16.591 16.218 18.686 19.053 17.874 19.589 19.291 21.510 22.360 23.479
21.672 21.554 19.297 19.971 19.912 20.171 18.616 17.117 15.693 13.372 12.769 10.812 11.316 9.284 9.930 9.488 8.786 7.163 6.010 4.583 4.379 2.860 2.089 1.456 0.953 0.515 0.000 0.576 0.923 1.167 1.102 1.694 2.625 4.439 4.935 6.905 8.496 10.247 9.165 8.820 10.425 10.711 11.672 10.148 8.444 9.717 10.732 9.231 9.009 11.139 12.857 11.471 12.211 15.673 16.902 16.044 16.013 13.519 15.001 15.367 14.894 16.344 18.022 19.404 19.613 20.610 19.442 17.688 16.810 16.264 14.910 16.617 16.050 18.299 18.810 17.885 19.538 18.771 21.018 21.812 23.156
21.521 21.365 19.266 20.040 20.002 20.362 18.930 17.313 15.968 13.225 13.383 10.827 11.564 9.443 10.063 9.651 8.972 7.683 6.572 5.134 4.232 3.406 2.119 1.498 1.320 0.812 0.523 0.000 0.560 0.805 1.128 1.290 1.972 4.194 4.551 6.896 8.946 9.840 9.039 8.948 10.240 10.801 11.375 9.781 8.818 9.776 10.660 9.300 9.106 11.223 12.512 11.527 12.384 15.422 16.230 15.758 15.732 13.926 15.000 15.070 14.610 15.781 17.707 19.061 19.691 20.780 19.722 18.030 16.863 16.671 14.799 16.716 15.859 18.359 18.522 17.483 18.807 18.465 20.329 21.317 22.459
21.325 21.635 19.226 20.037 20.068 20.430 18.870 17.403 15.887 13.214 12.854 10.675 11.299 9.125 9.820 9.445 8.935 6.963 6.280 5.325 4.543 3.376 2.587 1.731 1.290 1.051 0.764 0.533 0.000 0.523 0.840 1.345 1.781 3.564 4.186 6.074 8.077 8.969 8.486 8.608 9.916 10.366 11.162 9.507 8.316 9.594 10.541 8.800 8.749 11.357 11.791 10.814 12.559 15.394 15.448 15.680 15.427 13.380 15.045 15.317 14.511 15.973 18.002 19.372 19.978 20.866 20.137 17.911 17.047 16.446 14.785 16.465 16.114 18.056 18.482 17.727 18.965 18.700 20.517 21.483 22.619
21.610 21.775 19.375 20.188 19.847 20.140 18.603 16.994 15.584 12.956 12.931 10.628 11.525 9.396 9.913 9.757 9.400 7.441 6.069 5.147 4.599 3.697 2.433 2.087 1.410 1.103 1.110 0.839 0.530 0.000 0.710 1.089 1.703 3.429 4.265 6.589 7.943 9.184 8.604 8.300 9.779 10.350 11.162 9.504 8.389 9.589 10.259 9.142 8.790 11.100 12.182 11.008 12.095 15.250 16.227 15.506 15.625 13.462 14.845 15.225 14.628 15.877 18.074 19.511 19.947 20.927 20.094 17.947 16.913 16.320 14.593 16.453 15.986 18.250 18.589 17.479 19.272 18.885 20.794 21.584 22.910
21.801 21.872 19.760 20.382 20.261 20.629 19.107 17.312 15.850 13.623 13.269 11.399 11.913 9.997 10.328 10.507 9.907 8.501 7.186 5.684 5.565 4.368 3.353 2.430 2.307 1.548 1.246 1.197 1.000 0.530 0.000 0.649 1.405 3.645 4.294 6.761 8.602 9.406 8.699 8.789 10.040 10.510 11.367 9.659 8.591 9.709 10.479 9.341 9.241 11.528 13.052 11.334 12.712 15.696 16.543 16.147 16.106 14.176 15.377 15.598 15.273 16.266 17.949 19.519 19.946 21.099 20.121 18.188 17.002 16.622 14.907 16.541 15.908 18.116 18.447 17.325 18.900 18.519 20.472 21.429 22.645
22.039 22.251 20.264 21.058 20.773 21.156 19.815 18.050 16.899 13.960 14.234 11.967 12.464 10.630 11.821 11.059 11.136 9.501 8.411 7.324 6.620 5.927 4.590 3.735 3.398 2.821 1.893 1.910 1.720 1.194 0.616 0.000 0.749 2.910 3.980 6.566 8.285 9.086 8.968 9.016 10.963 11.600 12.454 10.858 9.480 10.942 12.160 10.241 10.361 12.941 14.062 12.532 13.674 16.666 17.019 16.614 16.661 14.849 16.053 16.451 15.946 16.955 18.869 20.136 20.578 21.422 20.451 18.608 17.553 17.171 15.136 17.284 16.500 18.663 18.892 17.799 19.371 18.687 20.785 21.686 22.632
23.509 23.854 22.159 22.842 22.207 22.844 21.893 20.749 19.566 17.158 17.844 15.710 17.045 15.592 16.814 16.319 15.499 14.473 13.944 12.709 11.144 10.399 9.476 7.777 6.300 6.893 4.622 3.250 3.785 3.498 2.231 0.754 0.000 1.336 3.123 5.409 8.414 9.709 8.897 10.752 12.658 14.476 15.213 13.080 12.148 14.183 14.494 13.248 14.130 16.417 16.050 15.581 17.264 19.576 19.773 19.384 19.409 18.201 19.423 19.965 19.569 20.595 22.164 23.195 23.258 23.890 22.870 21.338 20.107 19.871 17.745 19.198 18.270 20.099 20.346 19.134 20.621 19.645 21.735 22.266 23.349
23.659 23.970 21.827 22.471 21.960 22.626 21.189 19.629 19.209 16.819 18.103 16.685 18.206 18.202 19.729 20.110 19.928 19.668 18.685 17.835 17.099 15.726 14.904 13.313 11.694 10.832 9.311 7.778 6.342 5.211 4.850 2.734 1.161 0.000 1.232 2.894 5.557 5.918 6.027 7.429 9.350 11.087 12.743 11.262 11.052 13.629 13.906 12.901 14.328 16.305 16.778 16.133 17.799 19.866 20.356 20.482 20.035 18.916 20.239 20.499 20.230 20.770 22.187 23.444 23.485 24.396 23.442 21.570 20.632 19.285 17.339 18.401 17.040 18.765 18.627 17.315 18.359 17.788 19.667 20.844 22.380
22.907 23.122 21.071 21.918 21.095 21.797 20.459 18.778 17.807 15.120 16.211 15.214 16.351 16.163 17.978 18.763 18.484 17.297 15.955 15.454 14.519 13.441 11.771 11.616 9.862 8.805 8.315 7.326 5.536 4.908 4.521 3.895 2.815 0.940 0.000 1.228 2.578 3.624 4.890 6.321 8.188 9.951 11.381 9.976 9.608 11.830 12.222 11.491 12.232 14.255 14.938 14.659 16.156 18.026 18.639 18.899 18.678 17.544 18.605 19.232 19.031 19.577 21.522 22.533 22.755 23.692 22.719 20.769 19.867 18.638 17.064 17.836 16.987 18.464 18.222 17.316 18.172 17.741 19.659 20.695 22.181
23.392 23.516 21.488 22.327 21.421 22.316 20.912 19.181 18.418 16.218 17.815 16.571 18.225 18.261 19.511 20.479 20.610 19.536 18.256 17.741 17.152 15.472 14.083 13.861 12.864 10.776 9.795 9.773 7.515 5.975 6.034 6.273 4.143 3.090 0.882 0.000 1.203 2.625 4.153 4.954 6.847 8.960 10.247 8.939 8.938 11.218 11.521 11.427 12.697 14.291 14.828 15.188 16.590 18.019 18.971 19.247 19.457 18.690 19.738 20.222 20.198 20.650 22.135 23.307 23.394 24.216 23.370 21.417 20.499 19.384 17.578 17.979 17.046 18.247 17.954 17.080 17.512 17.247 19.210 20.436 21.623
23.725 23.856 21.535 22.323 21.446 22.151 21.037 18.917 18.451 16.723 18.283 17.744 19.382 19.701 21.033 21.853 22.219 21.214 19.818 19.420 18.796 17.567 16.275 15.945 14.967 12.495 11.491 11.444 9.503 7.258 6.714 7.510 5.661 3.938 2.263 0.776 0.000 0.899 2.155 4.447 6.288 8.556 10.428 9.663 9.451 12.633 13.343 13.227 14.662 16.279 17.144 17.371 18.390 20.126 20.752 21.047 21.295 20.377 21.480 21.897 21.653 21.897 23.172 24.101 23.874 24.706 23.893 22.086 20.844 19.460 17.631 17.918 17.170 18.174 17.721 16.623 17.261 16.857 18.552 19.514 20.863
23.279 23.257 20.933 21.812 20.714 21.723 20.584 18.535 18.124 16.009 17.650 16.503 18.382 18.625 20.142 21.033 21.347 20.169 18.612 18.262 18.130 16.263 14.941 14.898 13.982 11.453 10.971 10.788 9.349 7.595 7.967 8.316 7.153 5.669 4.352 2.274 0.744 0.000 1.078 3.250 5.252 7.284 8.383 7.848 8.004 10.380 10.969 11.406 12.979 14.592 15.595 16.115 17.393 18.840 20.098 20.130 20.420 19.338 20.286 20.766 20.332 20.387 22.059 23.092 22.989 23.866 23.150 21.412 20.426 19.177 17.338 17.780 16.705 17.781 17.240 16.288 16.945 15.588 17.771 18.895 20.127
23.884 23.529 21.541 22.244 21.224 22.055 20.696 18.865 18.365 16.428 18.007 17.382 19.509 20.360 22.037 22.759 23.214 22.501 20.897 20.870 20.440 18.542 16.737 17.390 16.573 13.932 13.567 14.589 12.608 10.205 11.216 12.747 10.733 9.483 6.454 3.984 2.797 1.026 0.000 1.718 4.112 6.694 7.242 6.565 7.395 9.311 9.971 10.994 12.025 13.974 15.472 16.631 17.778 19.297 20.452 20.611 20.815 19.976 20.712 21.122 20.589 20.539 22.364 23.705 23.633 24.507 23.773 22.171 21.085 19.622 17.257 17.840 16.339 17.838 17.751 16.612 16.922 15.263 17.981 18.652 20.523
23.631 23.339 21.074 21.691 20.809 21.440 19.683 17.923 16.907 14.981 16.148 15.991 17.672 18.581 20.276 21.285 21.723 20.846 19.297 19.542 19.383 17.270 15.798 16.777 15.820 13.550 13.705 14.603 13.028 10.396 12.242 13.163 12.075 10.808 7.827 5.855 5.577 3.440 1.258 0.000 1.669 3.593 5.489 6.244 6.326 8.468 10.048 10.876 12.110 14.087 15.623 16.440 18.001 19.314 20.387 20.724 20.873 19.716 20.492 20.790 20.256 20.263 21.971 22.656 22.726 23.443 22.351 20.463 19.520 18.073 16.035 16.673 15.272 16.975 17.023 15.927 16.812 16.120 18.560 19.851 21.435
22.239 21.701 19.894 20.310 19.951 20.713 18.551 17.255 15.962 13.328 14.288 13.412 15.537 16.465 19.032 20.303 21.137 20.106 18.258 18.978 19.064 16.405 14.982 16.880 15.589 11.972 13.261 14.539 12.358 10.774 12.478 13.523 12.392 11.200 8.537 7.501 6.949 5.977 3.824 1.174 0.000 1.501 3.675 4.988 4.551 4.550 6.698 8.301 8.103 10.244 11.692 12.931 13.773 15.872 16.696 16.535 17.441 15.910 16.280 16.859 16.740 17.188 18.969 20.386 20.868 21.994 21.171 19.109 18.091 16.450 14.851 15.826 15.063 17.092 17.337 16.458 17.645 17.136 19.463 21.053 22.364
21.803 21.215 19.426 20.043 19.303 20.039 18.757 16.974 15.901 13.109 14.054 12.571 14.862 15.206 18.251 19.500 20.499 19.398 17.536 19.198 18.863 15.519 15.079 17.589 15.935 12.497 14.586 16.837 14.521 12.871 15.848 17.617 15.938 15.806 11.895 10.732 9.400 7.343 5.896 3.702 0.964 0.000 1.051 1.949 3.062 2.815 2.821 4.731 5.558 5.480 7.521 7.857 8.464 10.095 11.186 11.442 12.636 12.036 13.673 14.882 15.153 16.035 17.989 19.745 19.909 21.292 20.514 18.255 17.314 15.932 14.403 15.608 14.515 17.179 16.979 16.590 17.716 17.072 19.315 20.775 21.981
22.026 21.949 19.769 20.212 19.874 20.590 18.675 17.473 16.019 13.549 14.341 12.902 15.125 15.478 18.055 19.267 20.422 19.210 17.603 18.808 18.641 15.745 15.265 16.946 15.874 12.435 14.866 16.361 14.203 13.374 16.310 17.210 16.240 16.118 13.106 12.118 10.545 8.150 6.795 4.821 2.348 0.629 0.000 0.829 1.609 2.524 2.463 2.868 4.612 4.940 6.214 7.119 8.000 9.580 9.842 10.769 12.015 11.482 13.200 14.881 15.315 16.234 18.203 19.952 20.405 21.684 20.663 18.618 17.629 16.463 14.380 15.550 14.792 16.770 17.075 16.628 17.938 17.611 19.570 20.803 22.266
21.895 21.568 19.836 20.158 20.107 20.838 18.965 17.710 16.296 13.490 13.856 12.422 14.079 14.690 16.983 18.104 19.218 18.135 16.396 17.759 17.398 14.619 14.158 16.075 14.415 11.428 14.391 15.331 13.478 13.204 16.197 16.966 15.913 16.363 13.330 13.000 11.826 10.050 7.702 5.635 3.648 1.885 0.610 0.000 0.712 1.719 2.261 2.186 2.482 4.204 5.031 5.631 6.656 8.527 9.539 9.411 10.347 10.217 12.259 14.006 14.702 15.786 17.610 19.191 19.862 21.008 20.017 18.042 17.249 16.124 14.470 15.700 15.217 17.353 17.617 17.202 18.117 17.996 19.951 20.869 22.339
21.914 21.549 19.518 20.149 20.054 20.751 19.028 17.646 15.797 12.952 13.275 12.039 13.636 14.376 16.559 18.278 19.195 18.105 16.278 17.885 17.737 14.574 14.009 15.982 14.529 11.335 13.460 15.395 13.671 12.522 15.720 16.542 16.034 15.898 13.161 12.338 11.035 9.295 7.326 5.751 3.984 2.592 1.779 0.549 0.000 0.647 1.540 2.211 2.069 2.487 4.073 4.841 4.624 7.095 7.637 8.062 9.671 9.257 11.649 13.120 13.420 14.701 16.653 18.430 19.126 20.613 19.557 17.432 16.877 15.604 14.087 15.601 15.145 17.683 17.797 17.377 18.810 18.459 20.651 21.483 22.886
21.720 21.593 19.704 20.449 20.018 20.826 19.286 17.847 16.432 13.211 14.204 12.067 14.204 14.574 17.414 18.753 20.172 18.727 16.673 18.518 18.606 14.779 14.116 17.052 15.245 11.776 13.956 16.155 13.747 12.429 16.149 17.489 16.245 16.409 12.668 12.279 11.031 9.000 7.314 5.756 4.153 2.444 2.781 1.450 0.534 0.000 0.720 1.446 1.900 1.961 2.539 3.651 3.919 5.682 7.060 7.564 9.773 9.322 11.412 12.970 13.610 14.861 16.747 18.730 19.336 20.984 19.796 17.614 16.767 15.791 14.104 15.606 15.350 17.672 18.169 17.376 19.045 18.430 20.665 21.567 22.907
21.721 21.471 19.633 20.230 20.110 21.096 19.211 17.877 16.064 13.444 13.798 12.060 14.097 14.413 16.798 18.265 19.346 18.150 16.480 17.864 17.620 14.399 13.805 15.889 13.980 11.279 13.702 15.336 12.853 12.511 16.017 16.474 15.591 16.320 13.773 13.359 11.684 10.154 8.531 6.492 4.350 2.718 2.371 1.919 1.107 0.541 0.000 0.656 1.263 1.728 1.829 2.626 3.815 5.031 7.191 7.357 9.061 9.062 11.002 12.896 14.093 15.271 17.114 19.162 19.700 20.744 19.701 17.676 16.815 15.823 14.131 15.698 15.287 17.574 18.160 17.247 18.728 18.207 20.326 21.270 22.432
22.035 21.885 19.849 20.600 20.588 21.381 19.468 18.117 16.625 13.555 13.923 12.070 13.731 14.148 16.606 18.065 19.128 17.799 16.162 17.720 17.176 14.147 13.646 15.357 13.732 11.049 13.488 15.345 12.559 12.694 16.281 16.793 16.325 16.513 13.964 14.010 12.663 10.983 8.462 6.779 5.324 3.738 2.688 1.939 1.918 1.339 0.551 0.000 0.605 1.284 2.015 2.353 3.115 4.939 6.060 7.136 9.062 8.382 10.782 12.853 13.672 15.142 17.249 19.178 19.719 20.784 19.739 17.680 16.815 15.845 14.251 15.769 15.321 17.783 18.116 17.510 19.015 18.465 20.948 21.669 22.931
21.509 21.873 19.664 20.375 20.477 21.099 19.354 17.990 16.474 13.566 13.767 12.077 13.718 14.060 16.824 18.290 19.417 17.842 15.957 17.762 17.296 14.252 13.410 15.696 14.171 10.927 13.655 14.855 12.941 12.339 15.794 16.451 16.054 16.369 13.684 13.593 11.954 10.317 8.485 6.543 5.546 3.681 3.775 2.379 1.954 2.035 1.345 0.569 0.000 0.674 1.648 2.364 2.470 4.282 5.943 6.580 9.159 8.376 10.629 12.483 13.397 15.102 17.178 18.993 19.539 20.618 19.403 17.472 16.384 15.539 14.008 15.572 15.458 17.918 18.578 17.627 19.410 19.091 21.274 21.968 23.293
21.499 21.733 19.622 20.229 20.301 20.996 19.219 17.801 16.177 13.484 13.678 11.971 13.894 14.208 16.989 18.551 19.750 18.220 16.542 18.250 17.875 14.550 13.713 16.242 14.691 11.448 13.479 15.731 13.187 12.612 16.070 17.367 16.495 16.825 13.636 13.576 12.139 10.798 9.019 7.333 5.857 4.226 3.673 3.109 2.215 2.251 1.999 1.445 0.555 0.000 0.715 1.900 2.209 3.393 5.413 6.326 8.658 8.576 10.760 12.602 13.709 15.235 17.138 19.039 19.402 20.514 19.447 17.202 16.410 15.276 13.937 15.469 15.273 17.832 18.324 17.548 19.211 18.695 21.004 21.738 23.047
21.946 21.944 20.064 21.003 20.431 21.615 19.714 18.441 16.782 13.952 14.124 12.434 14.079 14.349 16.799 18.157 19.199 17.954 16.480 18.127 17.558 14.690 14.344 16.295 14.518 11.666 14.513 15.822 13.644 13.382 16.716 17.684 16.720 17.421 14.773 14.782 13.576 12.487 10.682 8.723 7.375 5.682 4.806 3.914 3.733 2.713 2.538 2.764 1.548 0.608 0.000 0.806 1.963 3.564 4.904 5.922 7.995 7.882 10.035 12.239 13.518 15.181 17.072 19.141 20.006 20.694 19.659 17.705 16.908 15.988 14.745 16.202 15.767 18.191 18.739 18.123 19.449 19.178 21.337 22.043 23.089
23.025 22.713 21.154 21.675 21.278 22.300 20.792 19.328 17.812 15.004 15.126 13.296 15.089 15.334 17.759 19.209 20.148 18.867 17.699 18.625 17.745 15.338 14.923 16.535 14.287 11.987 14.397 15.755 13.339 13.274 16.394 17.117 16.879 16.618 14.484 14.525 13.487 12.477 10.827 8.737 7.599 6.772 6.057 4.879 4.896 4.474 2.615 2.757 2.278 1.457 0.655 0.000 0.934 2.821 4.524 5.151 7.498 7.748 10.536 12.716 14.511 16.445 18.519 20.184 20.835 21.843 20.683 18.696 17.853 16.601 15.284 16.720 16.448 18.834 19.537 19.020 20.420 19.965 22.128 22.536 23.519
23.188 23.841 21.984 23.027 22.425 23.175 21.942 20.348 19.219 16.672 16.952 15.122 16.763 16.838 18.969 20.944 21.524 19.948 18.666 19.681 18.726 16.126 15.865 16.800 15.062 12.348 14.709 15.807 13.929 13.640 16.557 17.633 17.075 17.329 14.922 14.756 13.929 13.727 13.034 11.543 12.370 12.015 11.105 8.907 7.352 7.722 6.381 4.844 4.287 4.075 2.991 0.856 0.000 1.347 3.954 5.241 7.653 8.231 10.717 12.944 14.930 17.241 19.993 22.342 23.050 23.717 22.638 20.706 19.373 18.805 17.021 18.143 17.862 19.825 20.871 20.215 21.509 21.145 22.735 23.427 24.495
23.321 23.281 21.904 22.641 22.402 23.114 21.681 20.445 18.998 16.786 16.512 14.666 16.169 16.344 18.548 20.345 20.921 19.443 18.542 19.793 18.825 16.037 16.212 17.606 16.195 13.940 16.596 17.761 15.962 16.105 18.693 19.951 19.405 19.356 17.832 18.047 17.481 17.027 15.973 15.524 14.686 13.895 13.093 11.924 10.100 9.346 8.490 7.359 5.164 4.640 4.924 3.341 0.785 0.000 1.184 3.031 5.613 6.970 9.625 12.127 14.553 17.002 19.372 20.948 21.837 22.806 21.851 20.280 19.538 18.461 17.802 18.890 18.907 21.098 21.701 21.694 22.664 22.434 23.898 24.345 25.315
23.020 23.415 21.944 23.031 22.699 23.830 22.363 21.379 20.201 17.405 17.756 15.543 16.792 16.550 18.202 20.147 20.818 19.576 18.715 20.092 19.621 16.733 17.625 19.105 16.904 15.926 18.008 19.682 17.769 17.475 20.348 21.290 20.562 20.881 19.294 20.156 19.988 19.798 18.081 17.456 16.848 15.980 14.780 13.792 12.575 10.453 9.336 9.135 6.635 5.232 5.299 6.277 2.618 0.839 0.000 1.241 3.649 5.661 7.914 10.584 12.763 15.897 18.088 19.705 21.110 22.388 21.654 20.344 19.824 19.687 18.739 20.250 20.111 21.996 22.930 22.706 23.761 23.193 24.617 25.111 25.600
24.032 24.519 23.191 24.064 24.477 24.953 23.651 22.824 21.632 18.808 18.705 15.884 16.200 15.438 16.865 18.753 19.216 18.014 17.831 19.119 18.342 16.281 17.416 18.776 16.905 16.444 18.688 19.906 18.039 18.798 21.333 21.568 21.238 22.000 20.434 21.940 21.836 22.231 20.863 20.130 20.786 19.917 19.100 18.235 17.277 15.479 13.881 12.701 10.884 9.554 7.437 7.086 5.967 3.308 1.380 0.000 1.350 4.010 6.330 8.260 11.347 14.343 17.278 18.944 20.210 21.385 20.767 19.416 19.353 19.846 18.890 20.911 21.087 22.910 23.838 23.289 24.807 24.282 25.590 26.005 26.707
23.091 23.355 22.027 22.928 23.420 24.048 22.452 21.289 19.563 16.763 15.924 13.759 14.346 14.061 15.890 18.033 18.838 17.373 16.488 18.084 17.473 14.887 15.655 17.518 15.736 15.211 17.372 18.759 17.137 17.449 20.299 21.256 20.873 21.667 19.937 21.133 20.497 21.207 19.432 18.245 18.885 17.559 17.232 16.177 14.083 12.551 12.601 11.101 9.001 8.460 8.388 7.486 5.527 4.430 3.074 0.862 0.000 1.340 3.641 6.271 7.524 9.763 12.095 14.870 16.076 17.794 17.815 16.132 16.371 16.560 16.153 18.100 18.558 20.876 22.349 22.508 24.088 23.921 25.364 26.017 26.654
22.780 23.574 22.145 23.212 23.535 24.211 22.475 21.651 19.879 17.045 16.203 13.791 14.092 14.154 15.895 18.148 18.579 17.353 16.668 18.252 17.569 14.911 15.637 17.497 15.878 14.504 17.343 18.239 17.207 17.533 20.109 20.492 20.296 21.358 20.310 21.731 21.075 21.886 20.503 19.252 19.746 18.279 18.093 16.921 14.729 13.439 13.515 12.206 9.726 9.976 9.690 7.679 6.899 7.431 5.251 4.342 1.150 0.000 1.785 4.055 6.074 7.838 10.195 12.417 14.567 16.983 17.288 15.896 16.236 16.368 16.088 18.316 19.253 21.704 23.213 23.086 24.602 24.332 25.665 26.003 26.656
22.977 24.395 23.198 24.177 24.781 25.285 23.807 23.200 21.601 18.729 17.343 14.832 14.935 14.349 15.781 18.122 18.852 17.272 16.538 18.031 17.196 14.480 15.774 17.492 15.611 14.904 17.612 18.533 17.405 18.569 21.186 21.517 21.339 22.973 21.803 23.502 23.106 23.689 22.379 21.048 21.660 20.073 20.300 19.050 16.180 15.026 15.316 12.860 10.827 11.168 11.048 8.171 8.220 9.063 6.955 5.970 3.950 1.252 0.000 2.089 4.600 6.802 8.303 10.649 13.242 16.076 16.982 16.210 17.053 17.775 17.540 19.656 20.511 22.948 24.399 24.056 25.569 25.052 26.261 26.767 27.301
23.186 24.160 23.335 24.088 25.188 25.356 23.450 23.251 21.664 18.388 16.888 14.388 14.086 14.434 15.936 18.915 19.644 18.553 17.984 19.861 19.056 16.652 18.059 20.392 17.984 17.669 20.963 22.220 20.214 21.711 24.701 24.768 24.423 25.679 24.532 25.740 25.113 25.598 24.699 23.295 23.867 22.222 22.715 21.758 18.228 17.055 18.013 15.740 12.522 12.915 13.292 10.718 9.211 10.184 8.719 6.771 6.115 4.455 1.775 0.000 1.797 4.281 6.388 8.000 9.940 12.738 14.106 13.858 15.768 17.012 17.779 20.395 21.418 23.851 25.273 25.257 26.593 26.501 27.274 27.780 28.184
22.668 23.739 22.745 23.492 24.470 24.905 23.164 22.738 20.819 17.822 16.306 14.197 13.730 14.678 16.307 18.817 19.984 18.776 18.099 19.406 19.514 16.764 18.007 20.110 18.438 17.791 20.557 22.256 20.483 21.511 24.138 24.530 24.172 25.167 24.197 25.169 24.568 25.173 24.145 22.513 23.060 20.925 21.514 20.639 17.398 15.936 17.304 15.725 12.763 13.289 14.112 12.266 10.372 11.734 10.578 8.080 7.566 6.314 3.702 1.424 0.000 1.905 4.541 6.775 8.609 11.547 12.934 13.216 15.070 16.370 17.232 19.920 21.202 23.772 24.973 24.835 26.429 26.170 27.195 27.592 27.977
23.255 23.989 23.016 24.057 25.001 25.320 23.666 23.487 21.663 18.843 17.027 14.623 14.149 14.708 15.932 18.921 19.721 18.941 18.022 20.443 19.895 16.812 18.790 20.936 18.855 18.343 21.480 22.535 20.901 22.217 24.910 24.709 24.572 25.729 24.741 25.897 25.064 25.876 24.882 23.330 23.835 21.635 22.068 21.582 18.749 17.168 18.650 17.144 13.723 14.747 15.666 13.320 12.493 13.747 12.369 10.532 9.102 7.341 5.943 4.251 1.509 0.000 1.893 4.706 7.191 9.926 12.103 13.090 15.346 16.991 18.790 21.310 22.599 24.665 25.500 25.192 26.745 26.484 27.167 27.555 27.847
22.716 23.586 23.216 23.764 24.708 25.036 23.089 22.897 20.910 17.949 16.431 14.196 13.691 14.514 16.368 18.723 20.012 19.297 18.660 20.722 20.508 17.821 19.118 21.605 19.770 18.792 21.671 23.169 21.579 22.883 24.958 25.076 24.853 25.865 25.059 25.821 25.012 25.575 24.722 23.204 23.535 21.660 22.109 21.261 18.258 17.055 18.602 16.862 14.008 14.980 15.786 13.900 13.013 14.523 13.824 12.465 11.621 8.381 7.876 6.673 4.075 1.610 0.000 1.990 4.833 6.762 8.971 10.473 13.130 15.074 17.297 20.361 21.951 24.015 25.095 25.077 26.383 26.294 27.191 27.570 27.942
22.505 23.276 22.770 23.389 24.262 24.550 22.795 22.507 20.345 17.883 15.567 14.226 13.109 14.824 16.720 18.712 20.396 19.887 19.151 21.278 21.295 19.317 20.028 22.346 21.128 20.238 22.429 23.987 22.931 23.307 25.444 25.788 25.470 26.237 25.360 25.968 25.031 25.465 24.312 23.109 23.127 21.321 21.915 21.436 18.699 17.400 19.103 18.338 15.781 16.059 17.618 16.486 14.996 16.296 16.212 14.227 14.144 11.183 9.345 8.158 6.231 3.647 1.575 0.000 1.852 3.930 6.591 8.585 11.260 13.290 15.669 18.952 20.562 22.818 24.333 24.502 25.990 26.195 27.139 27.538 28.124
23.715 24.723 23.897 24.254 25.065 25.153 23.316 23.143 21.475 19.211 16.767 16.042 14.629 16.500 17.692 19.829 21.141 21.163 20.662 22.607 22.788 21.543 22.064 24.103 23.469 22.703 24.442 25.858 25.135 24.967 26.808 27.267 27.077 27.422 26.552 27.028 25.990 26.318 25.727 24.771 24.668 23.037 23.849 23.697 21.918 20.532 22.577 21.864 19.994 20.468 22.306 20.949 19.714 21.441 21.103 19.024 18.617 15.752 13.763 10.886 9.089 7.083 4.058 1.572 0.000 1.988 5.265 8.352 11.878 14.029 17.137 19.977 22.217 24.171 25.557 25.398 26.740 27.018 27.684 28.133 28.552
23.653 23.916 22.687 23.221 23.907 23.960 22.058 21.498 19.194 17.149 15.712 14.840 14.258 15.831 17.677 19.211 21.084 20.496 19.330 20.821 21.056 19.306 19.208 21.486 21.009 19.456 21.054 23.055 22.303 22.111 24.123 25.141 24.931 25.408 24.183 24.615 23.150 23.814 22.664 21.581 21.989 20.461 21.822 21.436 18.555 18.681 20.892 19.712 17.704 19.671 21.370 20.086 19.695 22.164 22.494 21.422 20.705 17.763 16.648 13.840 10.777 8.599 6.211 4.020 1.330 0.001 1.589 3.552 7.205 9.387 11.835 14.483 17.152 18.998 21.160 21.038 23.631 24.057 25.610 26.645 27.695
23.565 23.741 22.568 22.764 23.443 23.648 21.778 20.903 18.591 16.587 15.588 14.216 14.266 15.869 18.447 19.762 21.462 20.841 19.255 20.609 20.950 18.983 18.202 20.741 20.022 18.131 19.506 21.674 21.046 20.411 22.743 24.056 23.857 24.288 22.946 23.371 21.824 22.689 21.672 20.176 20.790 19.242 20.766 19.995 17.346 17.782 19.830 18.506 17.455 19.571 21.074 20.119 20.402 22.639 23.074 22.190 21.771 18.911 18.480 16.379 13.322 11.670 9.386 6.560 3.862 1.216 0.000 1.622 3.784 6.647 8.599 11.788 14.137 17.287 19.113 19.752 21.925 22.802 24.560 25.590 26.859
24.415 24.554 23.257 23.279 23.693 23.645 21.536 20.489 18.320 16.242 14.969 14.226 14.697 16.585 18.850 19.748 21.115 20.782 19.223 19.889 20.250 18.996 17.742 19.678 19.715 18.023 18.497 21.076 20.394 19.447 21.611 23.279 23.118 23.314 21.752 22.045 20.267 21.256 20.532 19.045 20.020 18.802 20.504 19.842 17.273 18.358 20.463 18.922 17.984 20.629 21.877 21.001 21.769 23.779 24.031 23.634 22.863 20.303 20.423 18.780 15.861 14.231 12.718 9.712 6.976 3.823 1.431 0.002 1.808 3.834 5.982 8.360 11.059 13.468 16.622 17.609 20.084 21.107 23.471 24.495 26.034
23.508 23.499 21.773 22.278 22.543 22.799 21.020 18.983 17.214 14.972 14.133 13.095 14.382 15.595 18.187 19.123 20.504 19.806 18.207 19.061 19.137 17.679 16.536 18.831 18.306 16.487 17.344 19.719 19.118 17.862 20.584 22.016 21.876 22.084 19.818 20.532 18.959 19.235 18.145 16.520 17.629 16.132 18.193 17.012 14.242 15.408 17.464 15.849 15.260 17.896 19.096 18.413 19.236 21.602 22.278 21.854 21.205 18.799 19.480 18.255 15.261 13.810 13.444 11.031 7.847 6.183 3.462 1.083 0.000 1.138 2.442 4.084 5.718 8.436 10.745 12.146 16.191 18.044 21.168 22.910 24.749
23.561 23.398 21.842 22.309 22.461 22.632 20.836 19.145 16.840 14.869 13.564 13.122 14.196 15.403 17.846 18.907 20.407 19.697 17.895 18.766 18.890 17.037 16.309 18.147 17.746 16.023 16.782 18.969 18.329 17.144 19.729 21.416 21.107 21.298 19.251 19.601 17.969 18.180 16.950 15.998 16.541 15.590 17.155 16.133 13.786 14.730 16.494 15.221 14.804 17.428 18.627 18.027 18.722 21.351 22.128 21.688 20.765 18.172 18.979 17.936 15.395 14.241 14.054 11.756 9.106 7.247 4.856 2.606 0.894 0.000 1.056 2.530 3.945 6.030 8.967 10.327 13.822 15.960 19.220 21.711 23.726
23.376 23.312 21.757 22.284 22.307 22.501 21.025 19.346 16.292 14.626 13.478 13.344 14.256 15.418 18.173 19.174 20.528 19.597 17.773 18.856 18.932 17.169 16.104 18.350 17.533 15.673 16.871 18.968 17.916 17.296 19.865 21.127 20.957 21.132 18.832 19.348 18.199 18.172 16.738 15.748 16.335 15.485 16.987 15.860 13.457 14.556 16.153 14.582 14.340 16.709 17.903 17.175 18.309 20.470 21.275 20.876 20.287 17.896 18.786 17.945 15.676 14.702 14.583 12.714 10.532 8.643 6.018 3.983 2.185 0.921 0.000 1.325 2.727 4.860 7.233 9.437 12.759 15.206 18.765 21.161 23.501
24.066 23.962 22.384 22.121 22.089 22.290 20.858 18.976 16.419 14.757 13.801 13.681 14.870 16.199 18.972 19.804 21.386 20.234 18.069 19.340 19.721 17.513 16.523 18.991 18.418 16.320 17.469 19.666 18.908 17.874 20.381 22.136 21.585 21.599 19.538 19.818 18.368 18.147 16.628 15.864 16.581 15.674 17.375 16.429 14.164 15.600 17.374 16.064 15.736 18.714 19.854 19.051 20.168 22.562 23.055 22.893 21.655 19.141 19.763 19.160 16.918 16.377 16.396 15.119 13.316 12.042 9.546 7.013 4.313 3.364 1.035 0.000 1.383 3.794 6.155 8.732 11.681 13.917 17.760 20.282 22.680
24.222 24.231 22.826 22.288 22.494 22.268 20.625 18.681 16.567 15.078 14.303 14.476 15.838 17.105 19.932 20.771 22.450 21.420 19.268 20.422 20.917 19.162 17.529 19.716 19.568 17.396 18.130 20.600 19.961 18.679 20.908 22.786 22.256 22.214 20.099 20.273 18.869 18.392 17.121 16.547 16.851 16.331 17.807 17.322 15.171 16.726 18.394 17.236 17.269 19.646 20.920 20.332 21.533 23.345 23.982 23.539 22.502 20.434 20.889 20.286 18.700 17.756 17.780 16.733 14.539 13.353 10.946 8.758 6.906 4.632 3.001 1.244 0.000 1.788 4.213 7.133 10.376 13.083 16.379 19.445 21.934
24.314 23.984 22.295 21.833 21.625 21.708 19.937 18.066 16.439 15.204 15.076 14.786 16.750 18.028 20.578 21.415 22.914 21.985 19.885 20.792 21.343 19.659 18.153 20.120 20.141 17.973 18.569 20.819 20.217 18.622 21.163 22.815 22.197 21.840 19.504 19.843 18.712 17.762 16.270 15.991 16.126 15.644 17.163 16.340 14.472 16.203 17.626 16.939 16.873 19.530 20.477 20.376 21.376 23.170 23.817 23.479 22.551 20.322 20.798 20.112 19.007 18.397 19.295 18.853 17.032 16.734 15.268 12.020 10.290 7.797 5.351 4.015 1.517 0.000 1.818 4.016 6.511 9.346 12.384 14.833 18.057
25.187 24.834 23.001 22.924 22.326 22.432 20.484 18.241 17.623 16.792 17.661 18.277 20.039 21.337 23.063 23.667 24.917 24.053 22.123 22.609 23.096 21.545 19.537 21.352 21.252 18.659 18.892 21.251 20.364 18.400 20.823 22.498 21.301 21.071 18.692 18.840 18.233 16.415 15.280 15.431 15.366 15.656 17.188 16.378 15.468 16.991 18.317 17.551 18.377 20.568 21.470 21.456 22.650 24.351 25.031 24.862 24.148 22.297 23.000 22.484 21.489 21.093 22.166 22.204 21.176 21.110 19.184 17.123 14.913 11.454 9.400 5.862 3.943 1.404 0.000 1.678 3.979 6.187 8.337 10.134 12.241
25.419 25.156 23.066 22.852 21.905 22.191 20.409 18.629 17.702 17.601 17.978 18.802 20.709 21.657 23.759 24.135 25.291 24.453 22.556 22.808 23.274 21.630 19.807 21.679 21.510 19.675 19.050 21.586 20.925 18.834 21.054 22.806 21.692 21.568 18.967 18.760 17.908 16.085 15.182 16.044 15.430 15.996 17.284 16.719 16.203 17.844 19.107 18.516 19.488 21.514 22.375 22.502 23.573 24.892 25.585 25.574 24.876 23.392 24.007 23.682 23.027 22.764 23.621 23.651 23.028 23.139 21.974 20.021 17.637 14.118 12.146 8.372 6.354 3.632 1.358 0.001 1.767 3.886 6.246 7.429 9.819
25.317 25.101 23.039 23.017 22.014 22.384 20.551 18.802 18.293 18.053 19.016 19.618 21.165 22.363 23.961 24.449 25.416 24.587 22.795 23.079 23.493 21.788 20.015 21.650 21.240 18.771 18.981 21.065 19.948 18.094 20.227 21.956 20.600 20.337 17.949 18.001 17.477 16.280 14.667 14.997 15.179 15.493 16.972 15.988 15.428 17.148 18.125 17.543 18.550 20.570 21.570 21.774 22.879 24.533 25.047 25.069 24.356 23.072 23.662 23.426 22.739 22.698 23.785 24.247 23.756 23.961 22.691 20.807 18.325 15.390 12.698 9.456 7.488 5.464 3.498 1.361 0.000 1.696 4.237 5.754 7.373
26.227 25.786 24.302 23.979 22.483 22.530 21.471 19.596 19.628 19.925 21.149 22.168 24.122 24.701 26.195 26.195 26.878 26.222 25.085 25.150 25.345 24.439 22.934 23.785 23.706 21.900 21.406 22.990 22.173 20.276 21.784 23.126 21.966 21.545 19.117 18.695 18.047 17.307 15.756 17.124 16.336 17.060 18.332 17.797 18.350 20.189 20.766 20.749 22.482 23.812 24.353 24.900 25.523 26.263 26.643 26.635 26.400 25.579 25.983 25.706 25.360 25.159 25.893 26.034 25.654 25.716 25.121 24.125 22.005 19.236 16.383 13.072 10.451 7.912 5.264 3.757 1.480 0.001 1.730 3.926 5.948
26.584 26.343 24.940 24.641 23.080 23.457 22.132 20.217 20.510 20.413 22.089 22.556 24.075 24.834 26.240 26.282 26.979 26.325 25.092 25.243 25.510 24.555 23.039 23.886 23.991 21.611 21.168 23.054 22.231 19.810 21.470 23.116 21.461 21.233 18.821 18.099 17.602 16.745 15.853 16.366 16.492 16.908 18.508 17.676 17.491 20.223 20.434 19.994 21.821 23.498 24.019 24.536 25.254 26.246 26.694 26.872 26.406 25.383 25.997 25.768 25.495 25.308 25.910 26.345 25.948 26.212 25.521 24.223 22.260 19.472 17.162 14.297 12.027 9.476 7.423 5.378 3.711 1.511 0.004 1.640 3.793
26.966 26.689 25.282 24.782 23.642 23.691 22.450 20.777 21.401 21.456 22.762 23.059 24.748 25.220 26.419 26.497 27.212 26.801 25.565 25.869 26.333 25.512 24.072 25.014 24.923 22.831 22.779 24.283 23.217 20.834 22.750 23.922 22.860 22.222 19.779 19.507 18.921 18.258 16.607 17.406 17.455 18.165 19.632 19.215 19.433 21.536 21.834 21.686 22.932 24.314 25.039 25.029 26.025 26.793 27.138 27.192 26.900 25.993 26.418 26.044 25.682 25.546 26.118 26.748 26.252 26.464 25.702 24.426 22.417 20.056 17.668 15.382 13.175 11.387 8.944 7.246 5.487 3.667 1.421 0.002 1.306
26.504 26.338 24.910 24.701 23.709 23.857 22.652 21.055 21.354 20.871 22.528 22.192 24.418 24.503 25.990 26.134 26.973 26.450 25.150 25.467 25.799 24.635 23.339 24.419 23.941 21.970 22.407 23.676 22.490 20.477 22.366 23.559 22.498 22.314 19.842 20.016 19.220 18.450 16.907 17.093 17.597 17.643 19.259 18.398 18.375 20.611 20.725 20.411 21.925 23.569 24.086 24.124 25.436 26.373 26.729 26.813 26.436 25.468 26.049 25.599 25.211 25.165 26.048 26.453 26.120 26.425 25.824 24.612 22.584 20.990 18.398 17.071 14.628 13.822 11.586 9.525 7.737 5.410 3.853 1.254 0.011
