0.002 1.830 4.732 6.012 6.191 7.521 10.744 12.822 13.499 14.619 16.777 17.062 17.875 19.165 20.408 20.767 22.318 22.881 23.165 23.809 24.204 24.729 24.672 25.403 25.763 26.173 26.382 26.886 26.960 27.267 27.491 27.641 27.215 27.580 27.331 26.335 26.933 26.804 26.202 25.909 26.076 25.488 24.825 24.787 24.904 23.818 22.964 23.443 23.241 21.889 21.065 21.808 20.611 19.156 19.919 20.673 18.898 18.570 20.398 20.634 20.113 20.676 22.401 22.501 22.283 23.554 24.381 24.593 25.041 26.139 26.354 26.285 27.103 27.623 27.589 27.908 28.197 28.454
0.881 0.001 1.763 4.872 5.846 5.846 7.322 10.272 11.500 11.352 13.721 14.997 15.271 16.638 18.534 18.993 20.105 21.395 21.474 21.918 22.737 23.515 23.577 23.676 24.115 25.178 25.070 25.062 25.558 25.907 26.211 26.506 26.443 26.779 26.358 25.638 26.145 26.409 25.376 24.912 25.105 24.653 23.791 23.640 24.042 22.789 22.025 22.766 22.562 21.186 20.501 21.630 20.498 18.691 20.057 20.228 18.639 18.561 20.524 20.488 19.795 20.721 22.076 21.549 21.280 23.027 23.665 23.515 24.327 25.478 25.542 25.740 26.262 26.811 27.032 27.179 27.558 27.966
4.310 0.819 0.000 1.776 4.353 5.513 5.426 7.266 9.373 10.346 10.777 11.823 12.947 14.129 14.941 15.797 16.669 18.289 18.875 19.209 19.857 20.442 21.311 21.011 21.087 22.748 22.985 22.932 23.569 24.135 24.334 25.147 24.838 25.606 24.821 23.767 24.028 24.335 23.247 22.757 23.388 23.120 22.007 21.895 22.737 21.291 20.120 21.085 21.089 19.447 19.304 20.598 19.408 17.648 19.358 19.599 18.113 17.837 20.256 19.980 19.447 20.158 21.580 21.429 21.249 22.776 23.362 23.416 23.906 24.942 24.946 25.243 25.978 26.213 26.445 27.093 27.252 27.428
5.871 3.213 0.737 0.001 1.759 3.806 5.158 5.258 6.953 8.417 10.057 10.506 11.702 13.506 14.425 14.702 16.302 17.741 18.334 18.854 20.025 20.539 20.914 20.833 21.454 22.023 22.761 23.113 22.809 23.841 23.914 24.571 24.716 25.209 24.166 23.485 24.415 24.013 23.172 23.097 23.223 22.173 21.411 21.369 21.761 19.893 19.183 20.024 19.531 17.678 17.888 19.052 18.006 16.428 17.589 18.275 17.162 17.160 19.087 19.596 19.158 19.534 21.173 21.302 21.244 22.593 23.175 23.508 23.897 24.855 25.040 25.238 25.729 26.265 26.360 26.819 27.178 27.384
6.884 5.591 3.825 0.687 0.001 1.801 4.172 5.358 5.466 6.913 8.609 9.831 9.849 11.850 13.716 14.574 15.982 17.052 17.712 18.691 19.883 20.146 19.988 20.365 21.408 21.116 22.121 22.799 23.209 23.030 23.685 24.356 24.706 24.886 24.059 23.413 23.849 23.685 22.840 22.943 22.694 21.774 21.372 21.027 21.530 19.690 19.194 19.943 19.916 17.971 17.539 19.213 18.267 16.379 17.745 18.446 17.358 17.350 18.974 19.725 19.010 20.175 21.170 21.099 21.274 22.593 23.507 23.529 23.954 24.689 24.844 25.209 25.551 26.224 26.393 26.748 26.999 27.383
7.920 6.193 5.745 3.938 0.668 0.000 1.544 3.913 5.283 5.261 6.923 8.347 9.432 9.436 11.803 13.645 14.401 15.574 16.449 17.565 19.262 19.427 19.120 19.191 20.390 21.140 21.006 21.145 22.372 22.630 22.771 23.940 23.687 24.322 23.522 22.734 23.357 23.424 22.449 22.169 22.622 22.370 21.151 20.992 21.645 20.361 19.063 20.137 20.210 18.443 17.529 19.438 18.456 16.164 18.067 18.522 17.351 17.231 19.155 19.267 18.918 19.791 21.058 21.029 20.599 22.567 23.175 23.534 23.625 24.517 24.840 24.839 25.432 26.106 26.335 26.699 27.218 27.339
10.937 7.538 6.800 5.192 3.300 0.642 0.000 1.456 3.890 4.670 4.675 5.607 7.769 8.326 9.191 10.565 12.526 13.456 13.887 14.508 16.512 17.397 17.816 17.684 18.667 19.089 19.791 19.769 20.651 20.919 20.974 22.075 22.255 22.789 21.951 20.730 21.423 21.708 20.313 20.317 20.783 20.425 19.117 18.981 19.878 18.051 16.969 17.973 18.124 16.513 16.282 17.998 17.076 15.089 17.028 17.791 16.170 16.279 18.518 18.866 17.944 19.138 20.684 20.773 20.242 21.831 22.700 22.684 22.971 24.141 24.240 24.416 24.958 25.812 25.750 26.333 26.856 26.826
12.211 10.832 7.783 5.881 5.536 3.069 0.704 0.000 1.389 3.334 4.525 4.348 5.139 7.065 7.723 8.386 10.070 11.356 12.832 13.039 14.431 15.653 16.308 16.763 17.764 18.235 19.100 20.689 19.998 20.578 21.078 21.876 22.382 22.675 21.459 20.942 21.700 21.174 19.724 19.611 20.079 18.966 17.771 17.498 18.115 16.512 15.652 16.229 16.865 15.044 15.292 16.677 16.034 14.510 16.155 16.975 15.809 16.140 17.972 18.966 18.310 19.154 20.788 21.117 20.786 22.236 22.960 23.032 23.581 24.555 24.457 24.885 25.507 26.072 26.267 26.638 26.971 27.074
13.928 12.103 10.275 6.657 6.337 5.324 3.062 0.739 0.000 1.262 3.360 4.333 3.955 4.756 7.264 7.952 8.300 9.542 11.436 12.024 13.384 14.517 15.480 15.674 16.733 17.522 18.058 18.977 19.254 19.603 20.123 21.014 21.501 21.486 20.751 19.718 20.542 20.075 19.040 18.308 19.230 18.543 17.165 17.465 18.545 16.886 15.994 17.212 17.334 15.415 15.420 17.060 15.970 14.223 16.339 17.122 16.155 15.503 18.111 18.410 17.775 18.971 20.617 20.501 20.382 21.781 22.286 22.688 22.947 23.845 24.175 24.213 24.763 25.487 25.618 26.099 26.666 26.638
14.298 12.178 10.353 8.609 6.320 4.785 4.233 3.199 0.684 0.000 1.181 2.636 3.570 3.147 3.932 6.318 6.653 7.404 8.849 10.060 10.897 11.781 12.646 13.223 14.196 14.765 15.299 16.148 17.090 17.473 18.280 19.114 19.307 20.028 19.114 17.856 18.886 18.877 17.187 16.710 18.062 17.365 15.965 16.077 17.299 16.077 15.057 16.342 16.658 15.145 14.731 16.811 15.899 14.327 15.770 16.700 15.646 15.235 17.826 18.090 17.434 18.467 20.037 19.982 19.810 21.163 21.917 22.217 22.808 23.529 24.176 24.038 24.938 25.698 25.764 26.091 26.696 26.892
14.971 13.270 11.630 10.074 8.506 5.346 5.035 4.216 2.533 0.616 0.000 0.992 2.531 2.959 3.085 4.418 5.762 6.650 7.758 8.020 9.689 10.949 11.093 11.902 12.800 13.174 14.370 14.669 15.463 16.324 17.083 17.957 18.303 18.884 17.528 16.477 17.258 17.134 15.800 15.111 16.221 15.435 13.622 14.136 15.346 13.769 13.232 14.147 14.640 13.943 13.584 15.145 15.160 13.087 14.960 15.991 15.165 15.158 17.130 18.038 16.981 18.097 19.895 19.883 19.591 21.424 21.951 22.455 22.890 23.910 24.278 24.220 25.173 25.666 25.532 26.014 26.690 26.472
16.096 14.169 12.891 10.761 9.746 7.457 5.128 4.002 3.957 2.286 0.622 0.000 1.017 2.279 3.265 3.670 4.304 6.096 7.003 7.060 8.493 10.129 10.693 11.023 12.226 12.207 13.558 14.198 15.307 15.681 17.085 17.403 17.942 18.163 16.757 15.764 16.513 16.411 14.819 13.786 15.043 14.741 13.331 13.436 14.739 13.417 12.728 13.622 14.766 13.313 13.161 15.290 15.355 14.274 15.159 16.761 16.046 16.060 18.055 19.071 18.093 18.818 20.683 20.818 20.581 22.127 22.886 23.011 23.388 24.076 24.413 24.661 25.263 26.004 25.933 26.254 27.028 26.992
15.563 13.745 12.493 11.047 9.719 7.710 6.792 4.447 3.511 3.417 2.256 0.643 0.000 0.994 2.081 3.439 3.140 4.075 5.850 6.133 7.395 8.458 9.493 10.240 10.838 11.124 11.695 13.110 14.184 14.722 16.194 16.952 16.876 17.814 16.520 15.331 16.010 16.093 14.160 13.849 15.029 14.463 13.039 13.562 14.680 13.417 12.393 13.844 14.111 12.933 12.822 14.864 14.795 13.204 14.828 15.920 15.355 15.464 17.625 18.195 17.360 18.415 19.688 20.084 20.078 21.074 21.956 22.311 22.763 23.759 24.151 24.227 24.692 25.646 25.981 26.144 26.898 26.888
15.974 14.338 13.602 11.814 10.736 8.144 7.321 6.035 4.429 3.687 2.886 2.336 0.598 0.000 1.014 2.543 3.277 3.315 4.435 5.617 6.693 7.739 8.177 9.797 10.181 10.262 11.027 11.554 12.917 13.903 15.061 16.132 16.427 16.756 15.638 14.423 15.666 15.682 13.740 13.218 14.956 14.495 12.535 13.703 14.643 12.895 12.135 13.898 14.273 12.711 12.610 15.077 14.899 13.086 15.007 16.263 15.453 15.343 17.704 18.464 17.592 18.576 20.331 20.427 19.878 21.596 22.398 22.564 23.027 24.163 24.393 24.402 25.529 26.077 26.090 26.616 27.195 27.167
17.185 15.275 14.426 12.845 11.498 9.705 8.180 6.592 6.013 3.938 3.006 3.005 2.002 0.611 0.000 1.059 2.464 3.337 3.593 4.308 6.113 6.656 7.133 8.159 9.107 9.503 9.802 10.834 11.509 12.548 14.353 15.134 15.377 15.849 14.239 13.315 14.241 14.112 12.257 12.188 13.536 13.100 11.656 12.206 13.303 12.002 11.621 13.034 13.824 12.943 12.745 14.675 14.896 13.657 14.961 16.452 15.903 15.981 17.820 18.653 17.863 18.895 20.535 20.842 20.762 22.463 23.026 23.180 23.982 25.029 24.982 25.116 25.990 26.281 26.465 27.019 27.262 27.228
17.668 15.806 14.604 13.302 12.075 10.278 9.261 7.989 6.693 5.978 3.763 3.237 3.255 1.931 0.672 0.000 1.099 2.620 3.574 3.508 4.802 6.728 7.434 8.177 8.660 9.257 10.029 11.033 12.125 12.571 14.681 15.093 15.375 15.526 14.182 13.420 13.888 14.198 12.452 12.277 13.286 13.365 11.527 12.144 13.514 12.542 11.474 12.949 13.479 12.359 13.028 14.462 14.464 14.044 15.207 16.411 16.042 15.992 18.006 18.534 17.882 19.150 20.337 20.820 20.976 22.264 22.584 22.988 23.597 24.420 24.630 25.026 25.606 26.195 26.470 26.977 27.422 27.320
18.835 16.633 15.831 14.391 13.254 11.480 9.978 8.882 7.268 6.746 5.996 4.300 3.564 3.009 2.242 0.618 0.000 1.150 2.835 3.500 3.552 5.045 6.417 7.700 8.034 8.781 9.577 10.608 11.205 12.510 14.092 15.304 15.506 16.103 14.802 13.585 14.743 14.888 13.239 13.053 14.536 13.768 11.917 12.828 13.913 12.112 11.670 13.229 13.606 12.548 12.817 14.655 14.929 13.951 15.855 17.080 16.674 16.690 18.519 19.286 18.607 19.630 20.931 21.424 21.422 22.604 23.195 23.283 24.051 24.933 25.236 25.359 26.034 26.726 26.604 27.086 27.626 27.537
18.707 17.223 15.818 14.930 13.997 12.329 11.219 10.076 8.753 7.584 6.786 6.082 4.060 3.406 3.425 2.446 0.630 0.000 1.166 2.566 3.553 3.964 4.454 5.662 6.963 7.633 7.859 8.687 9.785 10.363 12.231 13.274 13.714 14.029 12.545 11.644 13.094 13.036 11.181 11.617 12.879 12.449 10.868 11.917 13.085 11.817 11.226 13.168 13.598 13.057 13.137 15.032 15.179 14.221 15.729 16.758 16.390 16.506 18.391 19.089 18.603 19.749 21.224 21.439 21.215 22.874 23.343 23.720 23.889 24.931 25.439 25.457 26.298 26.814 26.562 27.442 27.642 27.484
19.326 18.282 16.811 14.974 14.524 13.083 12.223 10.877 9.744 9.057 7.354 6.635 6.148 4.045 3.379 3.293 2.286 0.667 0.000 1.133 2.761 3.648 3.755 4.581 6.691 7.323 8.084 8.817 9.847 10.728 12.440 13.376 13.883 14.119 13.002 12.076 13.032 13.091 11.306 11.554 12.844 12.296 10.977 11.845 13.476 12.131 12.003 13.605 14.221 13.312 13.885 15.817 15.651 14.919 16.319 17.715 16.813 16.990 19.083 19.683 19.066 20.111 21.512 21.632 21.839 23.199 23.471 23.782 24.521 25.367 25.545 25.870 26.296 26.978 27.012 27.509 27.985 27.851
20.197 18.691 17.976 16.853 16.174 14.769 13.981 12.862 11.465 10.950 9.316 8.293 7.694 6.748 4.531 4.139 3.778 2.454 0.711 0.000 1.316 2.986 3.973 3.744 4.479 7.091 7.482 7.257 8.498 10.236 11.886 13.982 14.250 14.865 13.451 12.455 13.788 13.655 11.471 11.285 13.116 12.487 10.464 12.240 13.467 12.334 12.174 13.758 14.075 13.523 13.972 16.091 16.025 15.666 17.320 17.953 17.678 18.176 19.744 20.071 19.886 21.006 21.867 22.199 22.599 23.678 24.064 24.206 24.941 25.798 25.956 26.172 26.727 27.201 27.274 27.591 28.027 27.921
21.200 20.100 18.370 18.059 17.194 15.443 14.637 14.293 12.460 11.645 10.792 10.204 8.773 7.402 7.160 4.988 4.161 3.766 3.238 0.642 0.000 1.237 2.630 3.308 3.115 4.093 5.173 5.828 6.718 8.349 9.164 11.267 12.296 13.272 11.933 10.644 12.918 12.839 10.402 10.937 12.872 12.349 10.922 12.036 13.322 12.008 11.691 13.528 14.183 13.691 13.831 15.805 15.818 15.084 16.437 17.733 17.355 17.215 19.447 19.887 19.635 20.290 21.814 22.034 22.174 23.346 24.273 24.192 24.865 25.942 25.983 26.304 26.863 27.324 27.410 28.136 28.265 28.068
20.923 20.259 18.551 17.862 17.509 15.744 14.754 14.378 13.284 12.415 11.820 11.346 9.581 8.319 7.494 6.366 4.205 3.680 4.075 1.980 0.606 0.000 0.878 2.077 2.817 2.758 3.831 4.501 5.775 7.230 8.625 9.662 10.962 11.509 10.384 9.883 10.973 11.073 9.808 10.287 11.286 11.402 10.381 11.273 12.854 12.072 11.748 13.537 14.503 13.963 14.002 15.923 15.863 15.591 17.059 18.175 17.879 18.255 20.138 20.589 20.358 21.179 22.494 22.413 22.783 23.808 24.230 24.490 25.192 25.785 26.330 26.431 26.752 27.377 27.261 27.694 27.996 27.883
21.374 20.767 19.766 18.355 17.300 16.273 15.450 14.506 13.506 12.699 12.028 11.481 10.462 9.216 8.179 6.994 6.195 4.201 3.566 3.063 2.331 0.600 0.000 0.867 1.860 2.718 3.021 3.202 4.761 6.302 7.684 8.971 10.538 11.184 10.089 9.476 10.796 10.653 9.295 9.874 11.248 11.129 9.867 10.771 12.899 12.257 11.964 13.157 14.112 13.596 14.233 15.849 15.798 15.769 17.083 17.926 17.668 18.297 19.834 19.928 20.222 21.256 22.074 22.365 22.794 23.884 24.047 24.507 25.194 25.936 26.003 26.390 26.799 27.363 27.285 27.752 28.139 27.880
22.613 20.380 19.503 19.011 17.841 16.236 15.494 14.830 13.587 12.692 12.056 11.814 10.483 9.528 8.693 7.663 6.482 5.769 4.210 3.137 3.298 2.078 0.599 0.000 0.994 1.877 3.108 2.896 3.628 5.754 7.695 9.056 10.582 11.550 10.174 9.204 11.067 11.016 9.580 9.732 11.420 11.473 10.246 11.268 12.760 12.306 11.606 13.532 14.464 14.068 14.705 16.257 16.456 16.437 17.609 18.532 18.575 18.858 20.249 20.750 20.731 21.258 22.439 22.927 23.054 24.055 24.626 24.985 25.262 26.173 26.574 26.604 26.998 27.688 27.731 27.921 28.369 28.343
22.399 21.000 19.191 18.992 17.882 16.068 15.409 15.199 13.676 12.800 12.513 12.655 11.011 10.072 9.598 8.305 7.033 6.062 5.441 3.442 3.062 2.988 2.093 0.564 0.001 0.893 2.252 2.749 3.344 5.214 7.398 9.179 10.914 11.613 10.331 9.410 11.166 11.362 9.837 9.987 11.508 11.749 10.610 11.401 13.434 12.423 12.184 13.709 14.559 13.789 14.343 16.008 16.212 15.834 17.192 18.245 18.108 18.441 20.045 20.571 20.351 21.127 22.624 22.833 22.635 24.062 24.666 24.899 25.203 26.382 26.600 26.677 27.012 27.776 27.628 28.305 28.548 28.271
22.598 21.611 20.489 19.004 18.302 17.324 16.192 15.771 14.873 13.519 13.096 12.791 12.116 10.852 10.487 9.219 8.168 7.157 6.359 5.092 3.643 2.889 3.056 1.878 0.605 0.000 0.927 2.152 3.254 4.652 6.203 7.664 9.538 10.305 9.469 8.766 10.189 11.023 9.352 10.008 11.772 12.235 11.178 12.386 14.183 12.888 13.229 14.489 15.493 14.870 15.295 17.167 17.249 17.224 18.453 19.263 19.142 19.631 21.088 21.584 21.533 22.300 23.268 23.191 23.558 24.679 24.920 25.208 25.609 26.536 26.828 26.961 27.477 27.995 27.717 28.469 28.760 28.496
23.133 21.840 21.084 20.298 18.597 17.710 17.465 16.508 15.750 14.393 13.589 13.335 12.730 11.887 11.068 10.593 9.528 8.576 7.404 6.193 5.885 3.837 3.488 3.411 2.262 0.603 0.000 1.003 2.643 4.419 5.930 7.571 9.280 10.512 9.419 8.728 10.587 10.751 9.389 10.453 12.382 12.224 12.010 12.709 14.457 13.517 13.896 15.515 16.134 15.853 16.038 17.393 17.690 17.938 19.060 19.530 19.694 20.276 21.697 22.107 21.836 22.699 23.225 23.866 24.222 25.047 25.322 25.539 26.114 26.854 26.918 27.345 27.505 27.890 27.997 28.307 28.625 28.622
24.253 22.761 21.349 21.186 20.250 18.534 17.959 17.712 16.929 16.404 15.790 15.139 14.240 13.603 12.700 12.068 10.815 10.757 8.991 7.915 7.957 6.332 4.478 4.078 3.860 2.640 1.047 0.000 0.976 3.034 5.031 6.648 8.890 10.146 8.761 8.320 10.277 10.266 9.328 10.294 11.810 11.441 11.356 12.833 14.452 13.849 14.240 15.403 16.239 15.984 16.624 17.744 18.099 18.293 19.179 20.483 20.277 20.497 22.018 22.133 22.156 22.855 23.894 24.293 24.455 25.089 25.950 25.964 26.229 27.066 27.512 27.572 27.740 28.378 28.542 28.655 28.746 29.030
24.532 23.986 22.444 22.502 21.479 20.418 19.125 19.224 18.540 17.489 17.131 16.727 15.913 14.796 14.903 13.810 12.772 12.632 11.500 9.629 9.443 7.987 6.192 4.814 4.363 4.145 2.557 0.774 0.000 1.202 3.411 4.746 7.450 8.096 7.709 7.977 9.514 10.387 9.496 10.427 12.119 12.774 12.334 13.667 15.356 14.975 14.626 16.223 17.324 17.204 17.779 19.201 19.126 19.499 20.416 21.298 21.078 21.379 22.967 23.225 23.052 23.439 24.356 24.881 25.033 25.810 26.635 26.210 26.632 27.627 27.709 27.846 28.237 28.657 28.598 28.887 29.194 29.061
26.205 25.896 24.863 24.459 23.394 22.985 22.293 22.017 21.566 20.648 20.464 20.404 19.280 18.421 18.631 17.310 16.345 15.431 14.594 12.916 11.699 10.397 9.690 8.450 5.981 5.265 5.376 3.308 0.912 0.000 1.413 3.273 6.596 7.890 7.399 8.630 10.713 11.239 11.130 12.407 14.076 14.261 15.224 16.784 18.247 18.016 18.534 19.364 20.396 20.530 20.959 21.957 21.971 22.462 23.248 23.765 23.907 23.949 25.227 24.987 25.053 25.764 26.321 26.330 26.596 27.291 27.299 27.576 27.948 28.403 28.616 28.530 28.826 29.113 29.178 29.294 29.368 29.441
28.373 28.112 27.247 27.183 26.647 26.262 25.725 25.553 25.329 24.626 24.142 23.928 23.475 22.933 22.319 21.736 21.105 20.071 19.282 17.534 16.597 13.774 12.420 11.885 9.496 7.099 7.020 6.100 3.381 1.231 0.001 1.556 4.486 6.418 7.095 8.517 10.458 11.854 12.464 13.894 15.593 16.868 18.681 20.122 21.849 22.226 22.567 23.328 24.262 24.364 24.780 25.472 25.681 25.731 26.397 26.721 26.890 26.681 27.471 27.579 27.431 27.509 27.879 28.218 28.364 28.596 28.908 28.816 28.991 29.301 29.321 29.481 29.493 29.710 29.666 29.706 29.882 29.869
26.602 25.997 25.563 25.322 24.085 23.338 23.490 23.193 21.957 21.583 21.573 20.918 19.939 20.022 19.388 18.132 17.904 17.562 16.286 15.051 14.966 13.707 11.877 11.199 10.399 8.947 7.388 6.528 4.946 3.431 1.135 0.000 1.612 3.034 4.214 5.190 4.918 6.979 8.307 8.093 9.335 11.410 12.375 12.666 14.370 14.752 15.737 16.175 17.674 17.807 18.322 18.901 19.847 20.474 20.902 21.842 22.337 22.424 23.261 23.305 23.641 24.071 24.844 25.227 25.376 26.125 26.502 26.948 27.139 27.660 27.984 28.011 28.412 28.733 28.861 28.922 29.065 29.159
26.719 25.756 25.110 24.991 23.551 22.712 22.900 22.688 21.318 20.800 21.392 20.129 19.323 19.558 19.330 18.018 17.564 17.991 17.235 15.133 15.974 15.355 13.635 12.644 12.282 11.641 9.147 8.773 7.736 5.732 3.374 1.013 0.002 1.082 2.689 3.896 3.866 4.609 6.223 7.088 7.596 8.789 10.233 11.959 12.750 13.555 14.790 15.675 16.651 16.389 17.326 17.785 18.620 18.921 19.282 19.942 20.913 20.706 21.736 22.309 22.179 22.604 23.669 24.447 24.093 24.974 25.952 26.138 26.106 27.008 27.131 27.236 27.512 28.196 28.213 28.319 28.669 28.763
25.721 25.093 24.246 24.068 22.208 21.734 21.548 21.133 20.024 19.745 20.006 18.816 17.739 18.388 17.718 16.067 16.124 16.466 14.991 13.609 14.873 14.243 12.056 11.914 12.145 10.884 9.317 9.604 9.127 7.080 5.369 2.982 0.707 0.000 0.978 3.065 3.348 3.218 3.605 5.658 5.725 5.964 7.502 9.022 9.716 10.608 12.079 12.875 14.388 14.646 15.318 16.342 16.553 17.711 18.064 18.121 19.065 19.754 20.151 20.756 21.034 21.620 22.100 23.207 23.855 24.198 24.699 25.116 25.649 26.521 26.802 26.957 27.182 27.784 27.799 28.391 28.275 28.326
24.659 23.687 23.235 22.672 21.025 20.402 20.543 19.897 18.398 18.397 18.579 17.248 16.102 16.675 16.205 14.385 14.383 15.255 13.776 12.443 13.657 13.466 10.996 10.869 11.737 10.649 9.146 10.122 10.443 7.856 7.054 4.295 2.398 0.661 0.000 0.897 2.136 2.958 3.079 2.733 4.458 4.913 4.878 5.922 7.456 7.655 8.668 9.598 11.005 11.840 12.540 13.522 14.114 15.104 15.600 16.315 17.337 17.692 18.258 18.905 19.363 19.637 20.529 21.034 21.956 22.593 23.406 23.695 24.170 25.122 25.493 26.043 26.520 26.743 27.090 27.355 27.512 27.645
24.142 23.225 22.080 22.090 19.977 19.174 19.137 18.825 17.101 17.076 17.665 15.909 14.840 15.860 14.968 13.403 14.168 14.799 13.198 12.342 13.721 13.508 11.271 10.580 11.868 10.988 9.217 9.999 10.183 8.425 6.903 4.721 4.087 1.729 0.575 0.000 0.691 1.139 1.785 1.681 1.795 2.674 3.120 3.218 4.069 4.825 5.562 6.374 7.173 8.234 9.061 9.851 10.610 11.898 12.750 13.357 14.460 14.835 15.797 17.141 17.216 17.826 18.974 19.820 19.998 21.161 22.109 22.457 22.753 24.156 24.577 24.727 25.453 26.183 26.334 26.747 27.384 27.349
23.652 22.291 21.317 21.207 19.023 18.457 18.526 17.886 16.491 16.694 17.010 15.401 14.620 15.846 14.954 13.167 13.800 14.699 13.300 11.841 13.700 13.414 10.695 10.332 11.337 10.613 8.801 9.939 9.781 8.074 7.144 5.139 4.151 2.789 1.235 0.533 0.000 0.633 0.971 1.283 1.354 1.568 2.154 2.709 3.217 3.673 5.020 5.309 6.117 7.098 7.913 8.542 9.695 10.932 11.938 12.484 13.507 14.007 14.779 15.943 16.481 17.037 17.744 18.684 19.191 20.066 20.922 21.390 21.725 23.198 23.426 23.847 24.234 25.198 25.226 25.956 26.541 26.359
23.828 22.839 22.043 21.534 19.177 18.879 18.772 18.287 16.697 16.760 17.024 15.530 14.597 15.471 14.831 12.991 13.603 14.604 13.115 12.273 13.440 13.477 11.090 10.689 12.003 11.276 9.426 10.975 10.854 9.002 8.216 5.274 4.496 2.480 1.744 1.074 0.550 0.000 0.690 0.977 1.235 1.271 1.700 2.370 2.849 3.106 4.447 4.835 5.444 6.643 7.521 8.090 8.883 10.399 11.338 12.142 13.217 14.416 15.324 15.879 16.638 17.752 18.302 18.921 19.593 20.859 21.120 21.733 22.446 23.724 23.881 24.207 24.909 25.534 26.306 26.455 26.645 27.062
23.638 22.415 22.030 21.201 19.280 18.440 18.627 18.089 16.233 16.508 16.757 15.301 14.327 15.128 14.889 13.081 13.741 14.983 13.301 12.216 13.363 13.539 10.778 10.676 12.218 11.294 9.097 11.367 11.967 9.345 8.500 6.068 5.408 3.027 1.943 1.738 0.939 0.576 0.000 0.639 1.005 1.555 1.664 1.850 2.952 3.370 4.187 4.888 5.886 6.746 7.486 8.026 9.144 10.154 11.331 12.153 12.942 14.448 15.188 15.952 16.247 17.309 18.542 18.912 19.170 20.364 21.087 21.715 22.108 23.312 23.876 24.317 24.999 25.653 25.905 26.686 26.869 26.948
23.260 22.067 21.084 20.975 19.068 18.383 18.518 18.134 16.479 16.494 17.007 15.435 14.227 15.489 15.010 12.989 14.053 15.061 13.329 12.206 13.854 13.715 11.095 10.850 12.495 11.768 9.468 11.318 11.553 9.556 8.716 6.387 4.941 3.381 2.164 1.954 1.372 0.956 0.538 0.000 0.622 0.964 1.401 1.418 2.021 2.728 3.968 4.238 5.130 6.368 6.904 7.408 8.601 9.621 11.000 11.876 12.579 13.920 14.210 15.633 15.907 17.287 17.899 18.475 18.992 19.870 20.397 21.434 22.104 23.003 23.361 23.616 24.269 25.145 24.866 26.007 26.188 25.917
23.052 21.977 21.366 20.762 18.745 18.491 18.586 17.764 16.260 16.523 16.727 15.007 14.214 15.473 14.927 12.942 14.150 15.114 13.265 12.069 14.092 14.018 10.774 10.761 12.624 12.060 9.596 11.308 11.378 9.495 8.776 6.389 5.314 3.441 2.449 1.835 1.408 1.279 0.918 0.533 0.000 0.609 1.103 1.471 1.788 2.210 3.647 4.074 4.590 6.267 6.775 7.194 8.371 9.079 9.945 10.776 12.345 13.154 13.836 14.799 15.867 16.467 16.843 18.153 18.805 19.359 20.269 20.737 21.445 22.163 22.559 23.513 24.104 24.237 24.763 25.305 25.725 25.768
22.831 21.731 21.337 20.728 18.793 18.177 18.234 17.714 15.788 16.021 16.409 14.820 13.864 14.856 14.567 12.585 13.220 14.658 12.768 11.558 13.302 14.245 10.759 10.926 13.101 12.360 10.154 12.060 12.662 10.002 9.079 6.684 5.678 3.717 2.825 2.373 1.559 1.417 1.473 1.020 0.560 0.000 0.668 1.176 1.935 2.149 3.137 4.031 4.648 5.880 6.606 7.216 8.535 9.341 10.322 10.522 11.956 13.180 13.965 14.465 15.308 16.805 17.367 18.353 18.685 19.988 20.007 20.781 21.388 22.362 22.740 23.750 24.157 24.699 24.653 25.407 25.607 25.836
22.782 21.692 21.210 20.576 18.706 18.269 18.321 17.615 15.967 16.086 16.503 14.890 14.192 15.172 14.703 12.381 13.420 14.247 13.001 11.607 13.248 13.325 11.062 11.123 12.831 12.437 10.472 12.630 12.866 10.400 9.472 6.806 6.076 4.454 3.573 3.325 2.579 1.854 1.880 1.886 1.089 0.585 0.000 0.723 1.443 2.207 3.024 3.354 4.473 5.824 6.240 6.671 8.073 9.123 9.838 10.457 11.846 12.732 13.652 14.853 15.126 16.301 17.599 18.140 18.400 19.561 20.010 20.568 21.279 22.172 22.833 23.311 24.214 24.675 24.897 25.802 25.967 25.960
22.650 21.493 21.099 20.939 18.917 18.444 18.672 17.786 16.123 16.468 16.781 15.191 14.121 15.603 14.906 12.637 13.497 14.695 12.601 11.707 13.332 13.531 10.900 10.823 12.615 12.265 10.296 11.847 12.301 10.626 9.907 7.915 6.508 5.372 4.381 3.738 3.205 2.734 2.109 1.980 1.661 1.386 0.552 0.000 0.769 1.620 2.841 2.819 3.620 5.571 6.330 6.593 7.865 8.778 10.061 10.929 11.925 12.504 13.448 15.026 15.316 16.017 16.946 17.839 17.989 18.592 19.735 20.065 20.586 21.571 22.064 22.887 23.219 24.019 24.402 25.314 25.411 25.221
23.044 21.829 21.413 20.783 18.621 18.209 18.514 17.413 15.548 16.273 16.209 14.591 13.864 15.295 14.560 12.305 13.603 14.621 13.003 11.563 13.728 14.449 11.573 11.308 13.387 12.933 10.729 12.079 12.706 10.764 10.272 8.217 7.232 5.441 4.559 4.142 3.664 3.115 2.778 2.094 1.808 1.916 1.611 0.574 0.000 0.914 1.850 2.651 3.064 4.490 5.659 6.107 7.542 8.163 9.108 10.255 11.450 11.974 12.582 14.147 14.954 15.777 16.877 17.731 18.530 19.154 19.442 20.393 21.269 21.773 22.119 23.352 24.100 23.908 24.490 25.520 25.669 25.763
22.447 21.027 20.845 20.183 18.363 17.784 17.775 17.138 15.595 15.985 15.967 14.483 13.849 14.854 14.382 12.084 13.382 14.626 13.068 12.045 14.237 14.634 11.995 12.277 14.239 13.580 11.685 13.141 13.977 12.057 11.678 9.774 8.621 7.475 6.416 5.703 5.108 4.535 4.125 3.446 2.561 2.294 2.686 1.686 0.586 0.000 1.071 2.383 3.514 3.967 4.558 6.118 7.337 8.175 8.894 10.026 11.282 12.357 12.556 14.152 15.029 15.800 16.731 17.497 17.625 19.005 19.246 19.572 20.661 21.770 21.741 22.746 23.580 23.750 23.897 25.017 25.016 25.324
22.334 21.003 20.640 20.012 18.089 17.742 18.025 17.229 15.810 16.066 16.487 14.716 13.805 15.362 14.544 12.214 13.597 14.587 12.745 11.817 13.916 14.077 11.939 12.336 14.191 13.245 12.171 13.694 14.052 12.213 12.472 11.085 10.188 9.223 7.733 8.264 6.793 5.844 4.949 4.807 4.412 3.301 2.936 2.705 2.142 0.601 0.000 0.983 2.170 3.740 3.863 4.340 6.413 7.162 7.242 8.448 9.616 10.779 11.255 12.499 12.617 14.101 15.141 15.612 16.161 17.417 18.332 18.484 19.262 20.517 20.715 21.392 22.385 22.630 23.540 24.183 24.718 24.820
22.233 21.051 20.688 20.149 18.157 17.825 18.195 17.055 15.780 16.262 16.552 14.685 13.465 15.190 14.379 11.641 13.087 14.312 12.422 11.663 13.750 14.139 11.967 12.062 14.363 13.799 12.733 13.881 14.785 14.046 13.902 12.648 11.741 10.893 9.706 9.243 8.756 8.001 6.618 5.665 5.511 4.754 3.732 3.166 3.003 2.206 0.590 0.000 1.018 2.595 3.542 3.190 4.332 6.586 6.928 7.594 8.993 10.218 10.656 11.650 11.979 13.186 14.042 15.020 15.565 16.787 16.990 17.992 18.544 19.154 19.915 21.088 21.471 21.787 22.168 23.768 23.844 24.017
21.831 20.768 20.494 19.834 18.036 17.670 17.862 16.968 15.542 16.294 16.526 14.432 13.800 15.660 15.289 12.615 14.316 16.032 14.122 12.972 15.433 16.105 14.063 13.939 16.117 15.986 14.511 15.592 17.071 16.096 15.816 14.851 13.566 12.532 11.874 11.447 10.586 9.948 8.749 8.088 6.810 6.771 5.709 4.168 3.894 3.347 2.667 0.627 0.000 1.015 2.495 3.418 3.445 4.402 6.092 6.975 7.651 8.322 9.710 10.516 11.192 11.820 12.529 13.632 14.051 15.506 15.750 16.689 18.009 18.767 18.949 20.237 21.226 21.259 21.182 22.815 23.083 23.416
21.903 20.388 20.288 19.572 17.809 17.062 17.681 17.217 15.710 16.214 16.573 14.925 13.890 15.386 15.314 13.782 14.402 16.275 14.733 13.836 16.106 16.749 14.977 15.270 16.828 16.488 15.753 17.162 17.727 16.806 16.820 15.995 15.513 13.775 12.847 13.209 12.714 11.129 10.070 9.291 7.935 7.153 7.218 6.074 4.743 4.004 4.042 2.227 0.625 0.000 0.868 2.021 3.253 3.247 3.653 5.517 6.156 6.484 7.342 9.132 9.328 10.109 10.824 11.498 12.248 13.245 13.507 14.726 16.067 17.256 17.251 18.545 19.476 19.955 20.536 21.608 22.329 22.693
21.366 20.032 19.892 19.284 17.640 17.103 17.861 16.770 15.396 16.013 16.400 14.433 13.212 15.005 14.666 12.603 14.072 15.708 14.417 13.367 16.226 16.042 14.828 15.132 16.591 16.222 15.667 16.929 17.939 17.472 17.299 16.662 16.244 14.991 14.169 13.611 13.211 12.538 11.417 10.940 9.418 8.690 7.916 6.996 6.153 4.328 3.933 3.244 2.007 0.624 0.000 0.924 2.192 3.063 2.988 3.850 5.937 5.977 6.093 7.180 8.319 8.945 9.905 10.724 11.471 11.923 12.982 13.949 14.730 16.110 16.749 17.163 17.744 18.672 19.302 20.237 20.810 21.278
21.766 20.618 20.197 19.460 17.688 17.694 17.904 16.835 15.265 16.331 16.745 14.730 13.388 15.800 15.400 12.681 14.687 16.094 14.879 13.958 16.422 16.688 15.189 15.339 17.210 17.229 16.131 17.793 18.802 18.228 17.958 16.885 16.293 15.186 14.530 14.203 13.785 13.274 12.388 11.422 10.271 9.358 8.771 7.374 6.225 5.469 4.461 3.430 2.778 2.399 0.600 0.000 0.882 1.820 2.741 2.650 3.513 5.037 5.215 6.178 6.953 7.522 8.732 9.190 10.307 10.633 11.030 12.591 13.237 14.219 15.179 16.331 17.184 17.287 18.010 19.222 19.902 20.241
21.401 20.291 19.829 19.168 17.708 17.187 17.548 17.159 15.741 16.326 16.731 15.076 14.334 16.143 15.995 13.885 15.287 16.944 15.401 14.739 16.961 17.384 15.365 15.906 17.880 17.409 16.429 18.222 19.398 18.543 18.772 17.480 17.133 15.687 14.545 14.377 13.794 12.650 12.527 11.913 11.019 9.512 9.128 7.812 6.742 5.930 5.444 3.917 3.068 3.358 2.128 0.584 0.000 0.901 1.675 2.541 2.806 3.564 4.263 5.107 5.512 6.500 7.886 8.194 8.972 9.789 10.239 11.442 12.389 13.445 14.127 15.403 16.623 17.479 17.810 19.038 20.064 20.689
21.424 20.431 20.290 19.488 17.607 17.073 17.857 17.089 14.903 15.745 16.725 15.143 13.831 15.730 15.536 13.799 15.283 16.777 15.296 14.812 17.126 17.237 15.803 16.269 18.336 17.682 16.949 18.606 19.843 18.737 19.009 18.238 18.106 16.759 15.921 15.483 15.278 14.325 13.345 13.112 12.074 10.515 10.041 8.830 7.910 6.614 5.864 5.214 3.574 3.388 2.924 1.511 0.578 0.000 0.755 1.721 2.708 2.896 3.162 4.959 4.909 5.431 7.188 7.417 8.032 9.086 9.973 11.019 11.942 13.314 13.993 14.537 15.902 17.055 17.669 18.459 19.207 20.187
21.820 20.694 20.307 19.561 18.051 17.429 18.134 17.520 15.643 16.178 17.278 15.274 13.578 16.087 15.683 13.463 15.219 16.658 15.259 14.530 16.837 17.300 15.668 15.865 18.034 18.003 17.097 18.468 19.655 18.861 18.992 17.965 17.693 16.431 16.084 15.199 15.404 14.519 13.946 12.431 12.240 11.603 10.516 9.644 9.181 8.222 6.837 5.755 5.281 4.335 3.404 2.645 2.010 0.572 0.000 0.843 1.944 2.913 2.867 4.010 4.829 5.382 6.575 7.733 8.030 8.652 10.008 10.836 11.353 12.505 13.573 14.626 15.005 16.099 16.922 17.502 18.455 19.001
21.561 20.601 20.099 19.222 17.690 17.644 17.846 17.273 15.753 16.630 17.138 15.538 14.360 16.766 16.661 14.177 16.172 17.545 16.368 15.428 17.895 18.458 16.885 17.164 19.172 19.192 17.930 19.263 20.454 19.602 19.749 18.860 18.359 16.844 16.549 16.576 15.470 15.354 15.145 14.387 13.210 12.881 12.295 11.281 10.270 8.931 8.230 7.015 6.091 5.477 3.981 3.035 2.904 1.708 0.604 0.000 1.032 2.151 2.757 3.094 3.277 4.884 6.320 6.405 6.976 7.860 9.265 10.265 11.182 11.910 13.040 14.341 14.951 15.837 16.485 17.729 18.267 19.050
21.464 20.448 20.388 19.625 18.263 17.807 18.349 17.826 15.917 17.157 17.630 16.189 15.555 17.218 17.038 14.894 16.644 18.116 16.747 16.264 18.841 18.744 17.236 18.211 19.505 19.317 18.648 20.017 21.055 19.961 20.167 19.613 19.062 18.159 17.484 17.610 17.036 15.760 15.606 15.571 14.225 12.953 12.960 11.825 11.067 9.783 9.621 8.694 7.601 6.167 5.862 3.771 3.147 2.933 1.863 0.606 0.000 0.929 2.058 3.123 2.858 3.540 5.830 5.755 6.454 7.461 8.511 9.007 10.188 10.790 11.450 12.705 13.618 14.426 15.089 16.501 17.225 17.843
21.530 20.340 20.055 19.411 17.648 17.246 17.786 16.996 15.692 16.830 17.561 15.774 14.839 17.142 16.546 15.023 16.984 18.029 17.041 16.767 18.491 19.064 18.149 18.805 20.345 20.129 19.200 20.014 21.440 20.321 20.444 20.025 19.667 18.306 18.428 17.846 17.532 17.259 16.288 15.944 15.473 14.272 14.042 13.282 13.201 11.845 10.999 10.292 8.943 8.133 6.887 6.130 4.210 3.593 3.883 1.805 0.599 0.001 0.895 2.185 2.897 2.906 4.532 5.932 6.169 6.618 8.119 8.672 9.377 10.596 11.431 12.741 12.984 14.531 15.256 15.792 16.869 17.849
21.953 20.749 20.677 20.137 17.960 17.878 18.658 17.835 15.906 17.228 18.062 16.391 15.061 17.723 17.217 15.515 16.849 18.680 17.657 16.696 19.172 19.527 18.252 18.750 20.654 20.347 19.810 21.337 21.945 21.080 21.193 20.544 19.743 18.551 18.833 18.378 17.086 17.480 17.433 16.097 15.356 14.946 14.266 13.373 13.431 12.566 11.757 11.228 9.688 9.021 7.159 5.964 5.533 3.830 3.491 2.778 2.083 0.607 0.000 1.076 2.047 3.073 3.774 4.174 5.243 6.148 7.179 8.058 8.427 9.850 10.471 11.732 11.527 12.713 14.657 14.459 15.544 16.656
22.275 20.948 20.951 20.304 18.310 18.321 18.841 18.259 16.320 17.598 18.284 16.468 15.994 18.050 17.853 15.682 17.314 19.122 17.570 17.203 19.837 19.927 18.138 19.054 20.772 20.458 19.438 21.243 21.949 20.799 21.355 20.455 19.568 18.907 18.307 18.382 17.965 16.464 16.501 16.341 14.713 13.971 14.416 12.866 11.775 11.382 11.022 10.131 9.271 8.981 8.399 6.689 5.563 4.818 3.683 2.824 2.812 1.903 0.643 0.001 1.277 2.260 3.679 3.634 4.376 5.576 6.992 7.329 8.595 9.166 10.062 11.047 11.754 12.319 13.855 15.078 15.929 17.102
22.128 21.155 20.945 20.432 18.160 18.473 19.292 18.547 16.976 18.314 19.220 17.467 17.263 19.137 18.666 17.334 19.213 20.289 19.099 19.244 21.370 20.933 20.016 21.054 21.982 21.839 20.836 21.661 22.920 21.728 22.336 21.810 21.519 20.339 20.128 19.815 19.322 18.717 17.941 18.539 17.494 16.228 16.861 15.953 14.988 14.472 13.984 12.914 11.888 10.807 10.721 8.852 7.089 5.924 5.913 3.597 3.265 3.253 2.221 0.640 0.000 1.074 2.690 3.440 3.473 4.474 6.391 6.749 7.169 8.649 9.374 10.229 11.073 12.226 13.184 13.867 15.183 15.944
22.159 21.187 20.277 20.024 18.087 17.988 18.642 18.123 16.082 17.798 18.954 16.973 16.388 18.693 18.535 17.113 18.704 20.497 19.348 19.430 20.707 21.684 20.342 21.159 22.328 22.677 21.295 22.349 23.346 22.367 22.612 22.533 21.713 21.294 21.229 20.208 20.063 19.939 19.345 18.573 18.145 17.975 17.613 17.104 16.870 15.565 15.656 14.789 14.036 13.000 12.412 10.772 9.336 7.373 7.481 6.165 4.517 3.756 3.645 2.871 0.646 0.001 1.140 2.810 3.673 3.581 5.081 6.386 6.811 7.106 7.958 9.321 9.779 10.771 12.615 12.299 13.154 14.858
22.515 21.331 21.260 20.341 18.663 18.810 19.575 18.569 16.952 18.553 19.621 17.540 16.979 19.737 19.536 17.897 19.594 21.670 20.515 20.048 22.305 22.461 21.278 21.920 23.344 23.339 22.170 23.301 24.234 23.099 23.410 23.232 22.182 21.587 21.577 21.084 20.605 20.375 20.291 20.091 18.382 18.582 18.047 17.322 17.294 16.484 15.981 15.094 14.607 13.533 13.128 12.059 11.047 9.281 8.486 7.655 6.496 4.306 3.931 5.011 2.367 0.633 0.001 1.108 2.395 3.319 3.602 3.932 5.283 6.258 6.322 7.300 7.992 8.836 9.999 10.525 10.871 12.905
22.045 21.166 20.996 20.594 19.240 18.971 19.968 19.630 17.983 18.923 20.113 18.657 18.398 20.368 20.344 18.973 20.426 21.513 20.847 20.857 22.528 22.192 21.556 22.698 23.557 23.255 22.836 23.680 24.597 23.353 24.391 23.471 23.488 22.317 22.763 22.362 22.172 21.124 21.216 21.597 20.251 19.042 19.367 18.996 17.522 17.603 17.414 16.129 15.196 14.988 13.895 12.795 12.086 9.835 9.289 8.344 6.925 5.842 4.299 3.928 3.560 2.195 0.611 0.001 0.998 2.083 3.056 2.992 3.926 5.778 6.273 6.593 7.287 8.436 9.515 9.975 11.217 12.592
22.060 20.985 20.717 20.085 18.519 18.465 19.410 18.709 17.438 18.658 19.912 18.174 17.942 20.052 20.223 18.770 20.719 21.891 21.103 21.294 22.759 23.014 22.027 22.999 23.753 24.307 23.259 24.220 25.080 24.097 24.905 24.469 23.629 23.512 23.149 22.507 22.700 22.896 22.076 21.298 21.428 20.740 19.759 19.413 19.356 18.069 17.663 16.882 16.157 15.428 14.714 13.337 12.679 11.093 10.199 9.334 7.414 6.422 5.571 4.480 3.291 2.927 2.118 0.660 0.001 1.182 2.535 3.499 3.465 4.498 5.496 6.556 6.595 7.669 9.124 9.553 10.652 12.269
22.393 21.222 20.850 20.678 19.094 18.888 20.032 19.529 17.772 18.866 20.521 18.784 18.517 20.754 21.232 19.777 20.872 22.667 21.948 21.717 23.086 23.521 22.724 23.281 24.477 24.428 23.564 24.469 25.478 24.599 25.032 24.347 23.935 23.163 23.112 22.917 22.232 22.602 22.071 21.357 20.618 20.883 19.984 18.988 19.284 18.731 17.572 17.645 16.754 15.996 15.368 14.720 13.861 12.198 11.546 10.689 8.702 7.373 6.586 6.064 4.080 3.615 3.527 2.550 0.610 0.001 1.304 2.319 3.668 3.766 4.539 5.823 6.093 7.108 8.520 8.999 9.971 11.968
22.538 21.644 21.608 21.379 19.535 19.562 20.668 19.799 18.138 19.575 20.934 19.176 18.777 21.199 20.920 19.539 21.177 22.794 21.476 21.340 23.614 23.620 22.334 23.182 24.660 24.361 23.611 24.834 25.580 24.703 24.767 24.641 24.055 23.185 22.699 22.535 22.542 22.094 21.413 22.157 20.379 19.766 20.011 19.345 18.387 18.045 17.620 16.990 16.331 15.370 14.759 13.449 12.766 12.166 11.488 11.091 9.647 8.414 7.398 6.869 5.387 4.123 3.617 3.847 2.419 0.635 0.001 1.241 2.633 3.908 3.592 5.069 5.850 6.867 7.832 8.923 10.218 12.179
22.937 21.899 21.785 21.497 19.653 19.846 21.046 20.312 18.905 20.297 21.670 19.955 20.423 21.963 21.709 20.820 22.237 23.373 22.355 22.283 24.241 23.814 23.432 24.498 25.246 24.991 24.432 25.148 25.693 24.803 25.344 25.153 25.273 24.649 24.089 24.049 23.953 23.088 22.727 22.729 22.024 20.779 21.198 20.441 19.695 18.833 19.131 18.312 17.090 17.388 17.270 15.201 14.727 14.314 13.169 12.001 11.951 10.067 9.286 8.197 7.220 6.080 4.358 3.953 3.749 2.709 0.662 0.001 1.341 3.218 3.903 4.026 4.856 6.252 7.056 7.865 9.160 11.259
22.456 21.572 21.421 21.361 19.568 19.787 20.565 20.342 19.009 19.960 21.335 19.883 20.107 21.447 22.063 20.740 22.153 23.267 22.731 22.546 23.891 24.382 23.603 24.184 24.799 25.397 24.534 25.263 25.840 25.424 25.380 25.387 24.791 24.502 24.489 23.806 23.302 23.813 22.887 22.274 22.096 21.907 20.941 20.454 20.487 20.137 18.929 18.947 18.569 17.408 17.418 16.142 15.276 14.565 14.064 13.059 12.653 11.557 10.572 9.681 7.910 7.401 6.266 4.581 4.190 4.580 2.866 0.671 0.001 1.259 2.693 3.914 3.788 4.187 5.667 6.552 7.454 9.651
22.601 21.605 21.531 21.514 19.722 19.624 21.060 20.654 19.058 20.443 21.945 20.341 20.373 22.551 22.746 21.264 22.243 24.219 23.169 22.699 24.720 25.175 24.069 24.669 25.949 25.894 25.180 26.319 26.777 26.169 26.502 26.182 25.342 25.080 25.006 24.745 24.129 24.087 23.649 22.882 22.067 21.976 21.557 20.223 20.581 20.255 19.341 18.890 18.489 17.869 16.508 16.315 15.645 14.568 14.081 13.958 13.101 11.826 11.523 10.990 9.096 8.182 7.220 6.811 4.747 4.328 3.924 2.597 0.649 0.001 1.114 2.703 3.389 3.198 4.200 5.439 6.221 8.317
23.458 22.406 22.474 22.519 20.637 20.888 22.242 21.597 20.229 21.667 23.197 21.567 21.524 23.718 23.341 22.159 23.785 25.162 24.202 23.831 25.596 25.664 24.863 25.767 26.842 26.706 25.767 26.750 27.228 26.795 27.113 26.931 26.349 25.989 25.709 25.322 25.242 24.441 24.068 24.016 22.900 22.367 22.488 21.738 21.399 20.732 20.244 19.805 19.249 18.694 18.641 17.498 17.190 17.062 15.728 15.019 15.383 13.533 12.858 12.803 11.104 9.823 8.963 8.735 6.950 5.005 4.606 3.989 2.740 0.647 0.002 1.210 2.790 3.335 3.522 4.633 6.147 7.849
23.232 22.192 22.099 21.879 20.158 20.421 21.573 21.034 20.024 21.232 22.493 21.003 21.318 22.737 22.861 21.713 23.542 24.368 23.750 23.734 25.107 25.508 24.864 25.371 26.168 26.498 25.932 26.628 27.101 26.865 27.093 26.993 26.572 26.459 26.140 25.141 25.510 25.398 24.303 23.813 23.843 23.042 22.031 22.031 21.619 21.157 19.873 20.307 19.629 17.810 18.537 17.529 16.266 16.226 15.671 14.586 14.540 13.964 13.030 12.593 11.557 10.587 9.495 8.664 7.430 6.501 4.760 3.793 3.822 2.426 0.613 0.002 1.053 2.222 3.036 3.774 5.205 6.828
22.731 22.243 21.770 21.994 20.330 20.236 21.753 21.144 20.122 21.434 22.852 21.377 21.400 23.296 23.665 22.223 23.655 24.805 24.304 23.925 25.201 26.071 25.189 25.517 26.531 26.912 26.342 26.586 27.315 27.317 27.251 27.315 26.443 26.226 26.400 25.465 25.066 25.253 24.699 23.511 23.090 23.328 22.972 21.613 21.590 21.425 20.505 20.265 20.188 19.356 18.425 17.474 16.877 16.084 15.175 14.805 14.172 13.549 13.350 12.784 11.680 10.766 9.624 9.409 7.834 6.916 5.803 4.034 3.592 3.140 1.898 0.702 0.001 1.137 2.444 3.616 4.340 5.994
23.459 22.646 22.655 22.721 20.813 21.024 22.580 22.069 21.034 22.173 23.936 22.275 21.929 24.121 24.175 22.846 24.175 25.758 24.764 24.473 26.063 26.643 25.491 25.906 27.129 27.445 26.442 27.183 27.681 27.546 27.674 27.267 26.902 26.330 26.474 25.884 25.455 25.322 24.961 24.492 23.569 23.261 23.162 22.230 22.206 21.388 20.727 20.343 20.173 19.520 19.104 18.133 17.450 17.092 16.009 15.655 15.095 14.381 14.050 14.445 12.884 12.348 11.391 10.392 9.362 8.490 7.229 5.799 4.193 3.907 3.507 2.582 0.693 0.001 1.230 2.917 4.112 5.250
24.222 23.300 23.316 23.457 21.701 22.284 23.898 23.283 22.386 23.344 24.543 23.583 23.218 25.153 25.293 24.127 25.446 26.427 25.696 25.665 26.991 27.120 26.463 26.994 27.734 27.832 27.422 28.056 28.112 28.141 28.151 27.893 27.612 27.369 27.315 26.768 26.724 26.271 26.210 26.009 25.361 24.548 24.897 24.096 23.676 23.306 22.369 23.008 22.090 20.970 21.217 20.250 19.768 19.538 18.401 18.462 18.126 17.554 16.713 17.047 15.917 15.191 13.626 13.013 12.406 10.785 9.426 9.003 7.271 4.981 4.746 4.114 3.450 1.013 0.005 1.081 3.457 4.636
23.673 23.247 23.124 23.389 21.930 22.394 23.372 23.083 22.325 23.372 24.201 23.457 23.310 24.433 25.094 24.251 24.882 26.027 25.682 25.765 26.231 26.855 26.735 26.760 27.439 27.760 27.437 27.522 27.781 28.089 27.751 27.914 27.264 27.430 27.142 26.398 26.544 26.652 26.411 25.447 25.334 25.135 24.702 24.090 23.993 23.819 22.362 22.716 22.619 21.390 21.004 20.520 19.989 18.955 17.928 17.892 17.310 17.007 16.781 15.906 15.671 15.051 13.852 13.293 12.314 11.308 10.140 8.818 7.769 6.067 4.721 4.587 4.316 2.898 0.780 0.002 1.338 3.709
23.927 23.197 23.406 23.970 22.721 23.044 24.046 23.931 23.110 24.280 24.976 24.366 24.113 25.584 25.852 25.332 25.737 26.859 26.765 26.367 27.344 27.771 27.426 27.578 28.341 28.493 28.223 28.396 28.610 28.761 28.626 28.464 28.043 28.037 27.898 27.484 27.213 27.364 27.259 26.155 26.221 25.992 25.863 25.174 24.968 24.655 23.805 23.905 23.547 22.782 22.242 21.485 21.418 20.464 19.359 19.093 18.282 18.262 17.692 17.440 16.235 15.780 15.655 14.345 13.242 11.966 11.003 9.442 8.547 7.748 6.921 5.422 4.946 4.916 3.498 0.902 0.002 1.284
25.592 24.910 25.313 25.809 25.008 25.071 26.149 25.872 25.583 26.264 27.114 26.822 26.340 27.511 27.562 27.199 27.682 28.442 28.106 27.996 28.706 28.814 28.660 28.641 29.171 29.263 29.135 29.312 29.444 29.547 29.501 29.414 29.312 29.134 29.067 28.786 28.760 28.516 28.468 28.422 27.826 27.738 27.661 27.086 26.597 26.549 26.064 26.013 25.762 25.391 24.653 24.096 23.585 23.662 22.339 22.312 21.844 21.230 20.737 20.719 19.957 19.749 19.380 19.139 17.849 16.193 14.952 13.694 11.500 10.612 10.473 8.980 5.628 6.270 6.076 3.854 1.163 0.004
