0.003 1.548 3.166 4.951 6.633 8.563 11.116 12.697 15.277 17.488 18.945 20.131 21.965 21.666 21.375 22.982 23.700 23.165 24.017 25.459 25.268 25.310 26.325 26.828 26.653 26.921 26.286 26.225 26.553 26.643 25.686 25.656 24.424 24.367 24.416 23.200 22.159 22.543 22.866 22.266 21.837 23.066 23.839 23.198 24.106 24.287 23.206 23.101 24.174 23.705 23.357 23.653 24.943 25.127 24.664 25.371 24.586 24.015 22.746 21.152 20.396 19.012 18.190 18.220 18.232 19.129 19.678 21.761 22.317 21.261 20.950 18.612 17.677 16.335 16.914 17.150 18.085 19.443 20.200 19.549 19.994 21.405 22.223
1.038 0.001 1.411 2.957 4.563 5.646 7.983 9.933 11.599 14.287 15.828 17.299 19.226 18.583 18.081 20.420 21.508 20.533 21.699 23.423 23.755 23.482 24.766 25.724 25.878 25.525 25.186 24.942 25.455 25.679 24.473 24.472 22.609 22.791 23.120 21.277 19.853 20.863 21.274 21.264 20.627 22.032 22.625 22.097 23.159 22.412 20.801 21.493 22.421 21.707 20.683 21.929 23.250 23.364 22.837 24.133 23.528 22.444 21.387 19.357 18.629 16.651 16.332 15.827 16.797 17.456 18.856 21.013 22.118 20.854 19.630 17.575 16.050 14.931 15.132 15.315 16.558 17.938 18.979 18.377 19.107 20.693 21.946
3.025 1.034 0.001 1.312 2.893 4.356 6.327 8.329 10.728 13.573 15.490 17.198 18.948 18.527 18.161 20.271 21.061 20.087 21.139 23.126 23.392 23.031 24.398 25.570 25.563 25.608 24.635 24.407 25.226 25.403 23.828 24.220 22.416 22.531 22.433 20.518 19.555 20.435 20.695 20.699 20.023 21.688 22.470 21.610 22.651 22.456 20.925 21.166 22.417 21.650 20.864 22.082 23.441 23.483 22.998 24.267 23.431 22.479 21.842 19.757 18.395 16.638 16.164 15.696 16.260 17.066 18.720 20.306 21.578 20.412 19.378 17.188 15.933 14.690 15.526 15.946 17.481 18.503 19.779 18.921 19.256 21.591 22.429
4.203 3.165 1.100 0.002 1.465 3.394 5.532 7.110 9.392 11.986 14.087 15.994 17.864 17.836 17.179 19.631 20.658 19.743 20.801 22.850 23.394 23.219 24.557 25.379 25.612 25.585 25.025 24.730 25.344 25.555 24.255 24.048 22.044 22.208 22.605 20.331 18.676 20.127 20.720 20.664 20.020 21.858 22.253 21.686 22.597 22.179 20.416 21.022 22.049 21.430 20.449 21.975 23.560 23.507 23.012 24.419 23.932 22.753 22.006 19.770 18.232 16.275 15.761 14.983 15.911 16.222 17.904 19.444 20.787 19.746 18.494 16.491 14.948 14.288 14.673 15.444 17.012 17.991 19.806 18.579 18.982 20.630 22.405
6.616 4.738 3.326 1.276 0.000 1.593 3.897 5.829 7.881 10.150 12.074 14.510 16.328 16.712 16.927 19.036 19.977 19.879 20.942 22.745 23.305 23.242 24.488 25.460 25.855 25.772 25.501 24.963 25.817 25.816 24.541 24.511 22.469 22.480 23.186 21.441 19.685 20.938 21.945 22.065 21.859 23.150 23.862 23.105 24.100 23.812 22.427 22.579 23.851 23.123 22.112 23.174 24.435 24.323 23.887 24.927 24.356 23.652 22.653 20.586 19.755 17.630 17.104 15.947 17.002 16.775 18.919 20.491 22.054 20.800 19.447 17.333 16.002 14.881 15.180 16.094 17.816 19.317 20.581 20.100 20.281 22.199 23.192
9.951 6.969 5.687 3.836 1.290 0.001 1.984 4.377 6.557 8.566 11.124 13.280 15.174 15.937 16.488 18.868 19.591 20.026 21.267 22.965 23.600 23.899 24.939 25.722 26.115 26.309 26.045 25.421 26.329 26.333 25.201 25.114 23.020 23.352 23.671 21.924 20.409 21.802 22.418 22.572 22.295 23.517 24.238 23.571 24.578 24.106 22.646 23.068 24.116 23.053 22.184 23.393 24.689 24.526 23.898 24.951 24.466 23.919 23.146 20.793 19.904 17.715 17.059 15.881 16.641 17.178 18.779 20.357 21.466 20.385 18.848 16.910 15.716 15.131 15.130 16.330 18.678 20.112 21.559 20.242 20.987 22.932 24.062
12.393 9.920 7.841 5.467 4.121 1.803 0.000 1.599 3.844 5.739 7.752 9.895 11.912 12.918 12.749 15.218 16.721 17.280 18.347 20.110 21.510 22.076 23.022 24.152 24.893 24.826 24.785 24.129 24.849 24.883 23.844 23.067 20.256 20.974 21.941 19.692 17.767 20.177 21.015 21.603 21.463 22.914 23.469 22.889 23.786 23.043 21.464 22.171 23.042 21.895 20.982 22.538 23.880 23.694 23.190 24.678 24.431 23.599 23.036 20.329 18.916 17.058 16.629 15.143 16.662 17.095 18.932 20.491 22.074 20.834 19.097 17.134 15.059 14.535 14.683 16.416 18.121 19.478 21.192 20.283 20.546 22.717 23.806
15.031 12.550 10.445 7.406 6.112 3.927 1.304 0.000 1.461 3.590 5.508 7.216 8.341 10.174 10.229 11.964 12.773 13.787 14.899 16.834 18.366 19.394 20.671 22.017 23.036 23.570 23.249 22.258 24.055 24.155 22.349 22.096 18.742 19.866 21.371 18.648 17.118 19.535 20.687 21.332 21.272 22.943 23.455 22.898 23.961 22.995 21.213 21.930 22.837 21.262 20.849 22.326 23.438 23.061 22.544 24.228 23.878 23.580 22.740 20.233 18.931 17.065 16.631 15.323 16.953 17.192 19.427 21.160 22.690 21.069 19.500 17.206 15.233 14.928 14.842 16.542 18.399 20.140 21.574 20.716 21.242 23.465 24.422
15.867 13.464 11.406 8.679 6.827 5.651 3.772 1.324 0.000 1.748 3.960 5.772 7.847 9.718 10.471 12.504 12.912 14.328 15.622 17.899 19.094 20.411 21.684 22.649 23.752 24.382 24.245 23.530 24.960 24.982 23.681 23.313 19.796 21.232 22.260 19.797 18.252 20.569 21.569 22.113 21.918 23.584 24.079 23.385 24.216 23.750 21.958 22.391 23.085 22.027 21.253 22.546 23.306 23.063 22.653 23.875 23.721 23.211 22.773 20.283 19.353 17.000 17.110 15.741 16.665 17.260 19.605 21.080 22.422 20.819 19.162 16.851 15.236 15.067 15.065 16.553 18.592 20.398 21.741 20.981 21.710 23.686 24.890
18.370 16.326 13.646 11.438 8.991 7.330 5.633 3.958 1.508 0.000 2.138 4.699 6.340 7.703 8.741 10.840 11.207 12.448 13.345 15.709 17.303 18.814 19.996 21.645 22.672 23.222 23.091 22.432 23.953 23.967 22.452 22.012 18.828 20.442 21.219 18.631 17.369 19.838 20.697 21.730 21.673 23.346 23.682 23.223 24.028 23.012 21.504 22.158 22.755 21.599 20.957 22.237 23.211 22.817 22.432 24.025 23.805 23.453 23.050 20.617 19.155 17.209 16.896 15.584 17.223 17.530 20.187 21.304 23.171 21.651 19.767 17.608 15.604 15.674 14.828 16.673 18.936 20.819 22.427 21.520 22.240 24.112 25.137
23.397 21.944 18.906 16.897 13.318 12.351 8.901 6.395 4.509 1.681 0.000 1.892 4.382 6.776 6.971 8.368 9.613 11.665 12.398 13.297 15.324 17.244 17.915 19.419 21.370 22.252 22.062 20.784 22.717 22.109 20.639 19.346 16.878 18.472 19.831 17.569 16.486 19.502 20.923 22.519 22.863 24.372 24.678 24.308 25.027 23.684 22.146 23.535 23.946 22.116 21.958 23.601 24.432 23.800 23.805 25.303 25.615 25.297 25.114 22.618 21.416 19.046 18.669 16.925 18.467 18.521 21.250 22.155 23.635 22.266 20.488 18.634 16.779 17.582 17.382 20.012 22.012 23.250 24.924 24.306 24.445 26.090 26.731
24.175 23.388 20.411 18.985 16.480 14.769 11.575 8.724 6.968 4.153 1.413 0.000 1.659 5.110 6.125 5.576 5.113 8.746 9.575 8.697 10.021 12.251 12.822 13.681 15.669 17.256 17.933 17.381 19.417 19.574 18.883 18.879 16.839 18.763 19.508 16.397 16.678 19.109 19.812 21.057 21.275 22.808 23.033 22.671 23.328 22.140 20.597 21.758 22.038 20.607 20.599 22.075 22.948 22.576 22.810 24.305 24.552 24.196 24.235 21.942 20.375 18.670 17.997 17.003 18.172 18.355 20.708 21.518 23.359 22.147 20.279 19.036 17.376 17.863 17.526 19.545 21.552 22.529 24.461 23.762 23.872 25.360 26.212
24.108 23.734 21.504 20.405 18.219 16.979 14.181 11.071 9.178 6.356 4.269 0.889 0.000 1.167 2.993 4.300 3.215 4.162 6.275 6.337 7.237 8.637 9.027 11.201 11.951 12.535 13.003 12.165 14.525 14.427 14.362 13.988 13.280 14.730 15.221 12.583 13.355 15.100 16.152 16.945 16.963 19.146 19.595 19.279 20.036 18.923 16.945 18.361 19.072 17.420 17.539 19.501 20.890 20.476 20.820 23.037 23.117 22.691 22.803 20.583 18.465 17.343 15.984 14.936 16.084 16.001 18.855 20.298 22.371 21.628 19.664 18.505 16.349 17.230 17.213 18.947 20.594 21.011 23.162 22.854 22.687 24.233 25.207
24.814 24.565 22.767 22.366 20.202 18.746 16.309 13.487 10.757 7.768 6.158 2.690 0.710 0.000 1.116 3.273 3.619 3.060 3.580 6.425 6.264 5.701 7.446 9.769 9.619 9.600 7.965 6.919 8.515 9.501 8.092 10.587 9.154 11.175 10.034 8.194 9.579 11.204 11.328 13.241 13.822 16.193 16.123 16.397 17.512 16.088 14.174 16.133 17.183 15.589 15.901 18.541 20.178 20.188 20.632 23.138 23.518 22.853 23.357 20.718 18.243 16.273 15.083 13.785 15.022 15.116 18.301 19.953 22.132 21.624 19.937 18.550 16.342 17.081 17.294 18.771 20.791 20.922 23.384 22.982 22.356 24.253 25.155
23.307 22.982 20.361 19.844 18.025 16.981 14.384 11.548 9.645 7.652 6.180 4.602 3.053 0.621 0.000 0.651 0.932 1.547 1.451 1.462 2.383 2.724 2.822 4.097 4.662 4.605 5.262 4.844 5.966 6.863 6.339 6.492 6.250 7.297 7.756 6.924 7.338 8.922 9.564 11.710 11.683 13.998 14.698 14.935 16.582 15.020 12.899 14.996 16.265 14.550 14.905 17.354 19.461 19.688 19.856 22.405 22.467 21.388 21.405 19.285 16.942 15.086 13.670 12.257 13.688 13.590 16.584 18.044 20.416 19.581 17.953 16.435 14.222 15.269 15.293 17.022 19.117 19.160 21.674 21.185 20.602 22.591 24.007
23.236 22.926 20.489 19.691 18.015 16.783 14.552 11.697 9.936 8.004 6.503 4.412 3.166 1.266 0.522 0.000 0.609 0.813 1.251 1.170 1.267 1.919 2.239 2.933 3.485 3.873 4.740 4.527 5.715 6.853 6.217 6.539 5.839 7.231 7.312 6.646 7.203 8.538 9.527 11.068 11.330 14.028 14.791 15.158 16.905 15.308 13.201 15.445 16.824 14.925 15.198 17.808 19.815 19.717 19.882 22.435 22.641 21.777 21.964 19.666 17.222 15.491 13.865 12.302 13.636 13.651 16.777 18.036 20.754 19.864 17.957 16.734 14.281 15.312 15.499 17.201 19.662 19.536 22.339 21.596 20.658 23.027 24.491
23.100 22.771 20.532 19.971 18.238 17.085 15.097 12.154 10.294 8.360 6.767 5.112 3.123 1.748 0.891 0.522 0.000 0.577 0.863 1.067 1.092 1.298 1.969 2.626 3.212 4.013 4.851 4.185 5.616 6.473 5.797 6.157 6.815 7.512 7.286 6.660 7.124 8.804 9.608 11.228 11.484 13.743 14.549 14.940 16.231 15.185 13.105 15.240 15.989 14.697 15.175 17.154 18.913 19.222 19.475 22.245 22.353 21.494 21.818 19.613 16.986 15.708 13.955 12.399 13.820 13.713 17.069 18.395 20.632 20.173 18.505 17.229 14.524 15.585 15.405 17.137 19.320 19.282 21.804 21.390 20.625 22.517 23.992
23.682 23.460 20.766 20.504 18.309 17.147 14.891 12.031 10.000 8.310 6.701 5.319 3.364 1.778 1.208 0.823 0.524 0.000 0.547 0.804 0.983 1.091 1.608 2.608 3.013 3.551 3.898 3.686 5.152 6.021 5.016 5.456 5.211 6.529 6.540 5.783 6.365 8.046 8.540 10.631 11.077 13.400 13.937 14.772 16.159 14.615 12.715 15.044 15.929 14.395 14.840 17.380 19.048 19.070 19.967 22.356 22.415 21.514 21.780 20.005 17.260 15.201 13.905 12.243 13.767 13.931 16.985 18.422 20.951 20.280 18.587 17.215 14.743 15.432 15.459 17.261 19.380 19.485 21.973 21.509 20.748 22.901 23.991
23.745 23.609 21.071 20.524 19.078 17.817 15.763 12.869 10.544 9.280 7.475 5.599 4.180 2.273 1.502 1.640 0.792 0.514 0.000 0.596 0.770 1.130 1.363 1.996 2.802 3.184 4.195 3.557 5.235 6.119 5.315 6.106 6.123 7.716 7.212 6.597 6.457 8.776 9.253 10.649 11.126 13.508 14.271 14.512 15.733 14.456 12.836 14.915 15.674 14.372 14.890 17.182 18.903 19.309 19.639 22.074 22.337 21.418 21.735 19.715 16.998 15.608 13.799 12.099 13.627 13.561 16.704 18.082 20.977 20.223 18.500 17.115 14.326 15.516 15.406 17.223 19.524 19.456 22.218 21.783 20.865 23.354 24.396
23.530 23.166 20.992 20.381 18.724 17.366 15.428 12.422 10.229 8.640 7.322 5.948 3.726 2.412 1.450 1.310 1.102 0.756 0.529 0.000 0.556 0.779 1.300 1.665 2.243 2.912 4.027 3.651 5.121 5.914 5.065 5.555 5.771 6.769 6.472 6.352 6.458 8.050 8.946 10.830 11.036 13.494 14.217 14.626 16.249 14.646 12.674 14.831 15.992 14.240 14.699 17.103 19.117 18.996 19.494 21.936 22.019 21.207 21.406 19.375 16.780 15.304 13.559 11.931 13.545 13.510 16.719 18.084 20.885 20.171 18.214 16.997 14.150 15.257 15.069 17.095 19.204 19.199 21.772 21.126 20.521 22.559 24.097
23.660 23.238 21.058 20.418 18.857 17.591 15.533 12.405 10.434 8.655 7.102 5.967 4.048 2.203 2.060 1.282 1.103 1.044 0.711 0.518 0.000 0.538 0.867 1.457 2.292 2.663 3.592 3.031 5.282 6.249 5.019 5.908 6.016 7.522 6.975 6.273 6.894 8.522 9.304 11.100 11.494 13.568 14.397 14.802 16.075 14.747 13.328 15.159 15.997 14.650 15.086 17.326 18.965 19.000 19.696 22.348 22.511 21.715 21.962 19.830 17.066 15.764 13.855 12.625 13.787 14.184 17.252 18.706 21.087 20.585 18.898 17.681 14.927 15.746 15.560 17.283 19.361 19.245 22.192 21.627 20.910 23.024 24.439
23.702 23.313 20.956 20.604 18.892 17.691 15.700 12.849 10.628 8.950 7.225 5.947 4.596 2.786 2.273 1.836 1.215 1.367 1.076 0.753 0.535 0.000 0.629 1.296 2.027 2.623 3.499 3.194 4.658 6.037 4.835 5.721 5.587 7.164 6.625 6.134 6.741 8.602 8.568 10.618 11.083 13.297 14.120 14.467 15.914 14.587 12.938 14.963 15.871 13.885 14.791 17.265 18.787 18.878 19.822 22.403 22.191 21.398 21.385 19.410 16.715 15.271 13.396 12.050 13.493 13.932 16.786 18.611 21.138 20.456 19.125 17.430 14.741 15.464 15.243 16.823 19.028 19.114 21.659 21.116 20.641 22.649 24.201
23.861 23.402 21.457 20.798 19.223 18.002 16.202 13.635 11.604 10.300 8.344 7.053 5.800 4.460 4.041 3.578 2.787 2.242 1.983 1.654 1.105 0.563 0.000 1.233 1.814 2.632 3.589 4.091 6.204 7.102 6.211 7.398 6.840 8.778 8.282 7.220 8.695 9.710 10.172 11.876 12.098 14.450 14.855 14.947 16.507 14.899 13.403 15.196 16.205 14.574 15.149 17.618 19.205 19.327 19.996 22.153 22.447 21.523 22.002 20.273 17.262 15.924 14.099 12.731 13.977 14.296 16.912 18.413 20.975 20.324 18.503 17.345 14.936 15.948 15.981 17.425 19.582 19.744 22.235 21.670 21.304 23.037 23.945
23.910 23.527 21.635 21.036 19.524 18.407 16.625 14.019 12.703 11.650 10.256 8.895 7.459 6.358 5.462 4.373 4.189 4.063 2.677 2.261 2.384 1.567 0.672 0.000 0.790 1.853 3.384 3.666 5.535 6.899 6.247 7.575 7.289 8.731 8.442 7.678 8.706 9.635 10.747 12.335 12.692 14.743 15.359 15.444 16.934 15.453 14.004 15.807 16.736 15.198 15.427 17.831 19.485 19.624 19.770 22.441 22.432 21.594 22.015 20.143 17.394 16.282 14.726 13.544 14.529 14.901 17.212 18.616 21.000 20.650 18.712 17.864 15.535 16.335 16.274 17.923 19.829 19.959 22.391 21.967 21.396 23.220 24.492
24.597 24.163 22.666 21.966 20.449 19.457 17.627 15.082 14.101 13.127 11.676 10.542 9.054 7.480 7.661 6.003 5.261 5.600 3.929 2.773 2.590 3.013 1.723 0.685 0.000 0.991 2.613 3.250 4.877 6.207 6.473 7.722 7.848 9.587 10.130 8.886 10.682 11.708 12.611 13.500 14.153 16.179 16.848 16.962 18.143 16.719 15.305 17.203 17.879 16.580 16.881 19.079 20.320 20.375 20.808 23.266 23.499 22.969 23.018 21.070 18.486 17.382 15.665 14.893 15.661 16.259 18.410 19.972 22.065 21.574 19.927 19.023 17.041 17.748 17.591 18.976 20.851 21.014 23.084 22.920 22.308 24.151 25.026
25.119 25.042 23.684 23.466 22.021 21.293 19.980 17.970 17.310 16.598 15.509 15.151 13.768 12.776 12.087 11.253 8.717 8.272 8.105 6.340 4.725 4.584 3.877 2.253 0.883 0.001 0.950 2.990 4.398 7.053 6.662 8.970 10.029 11.935 10.376 10.544 12.635 13.724 13.096 14.624 15.631 16.716 17.131 17.092 17.963 16.528 15.876 17.222 17.715 16.698 16.829 19.052 20.116 20.408 20.700 22.784 23.092 22.574 23.057 21.331 19.262 18.328 16.928 16.861 16.859 18.209 19.607 21.070 22.998 22.743 21.211 20.584 18.699 18.992 19.090 19.880 21.524 21.638 23.585 23.324 22.797 24.383 25.406
25.320 25.199 23.928 23.724 22.377 21.685 20.284 18.607 17.617 17.114 15.771 15.286 14.790 14.300 12.609 11.219 11.267 9.605 7.290 7.723 6.175 4.657 3.872 3.649 2.132 0.727 0.000 1.178 2.903 5.134 4.384 6.801 7.878 9.771 7.847 8.076 9.999 10.021 10.304 12.299 13.731 15.959 16.438 17.068 18.055 16.735 15.397 17.434 17.786 16.449 17.460 19.689 20.789 20.720 21.782 23.929 24.099 23.468 23.715 21.991 19.415 18.468 16.503 15.886 16.153 16.756 18.648 20.258 22.374 22.265 20.567 19.949 18.192 18.778 18.964 20.149 21.940 21.813 23.861 23.752 23.125 24.581 25.390
25.179 25.095 23.458 23.302 21.958 21.092 19.824 18.075 17.020 15.923 14.558 13.428 12.770 11.484 9.950 9.489 9.542 7.892 6.160 6.882 6.109 4.691 4.316 5.159 3.799 3.243 0.917 0.000 1.550 3.960 3.880 6.271 7.623 9.000 7.430 6.944 9.161 10.378 11.007 12.500 13.499 15.589 15.926 16.349 17.068 15.998 14.731 16.411 17.137 15.790 16.125 18.496 19.740 19.806 20.619 22.844 23.235 22.402 22.668 20.698 18.153 16.782 15.410 14.361 15.445 15.871 18.039 19.670 22.050 21.732 20.198 19.236 17.181 17.720 17.933 19.080 20.825 21.040 23.074 22.887 22.535 24.071 25.098
25.455 25.467 23.967 24.032 22.684 22.182 21.312 19.952 18.748 18.339 17.012 16.330 15.642 14.186 11.421 11.343 11.551 8.803 7.872 8.441 8.107 5.065 5.759 7.714 6.702 5.299 3.471 1.279 0.000 1.489 3.654 5.689 7.777 8.780 8.112 8.371 10.317 11.672 12.161 14.843 15.616 17.614 17.518 17.813 18.374 16.970 15.310 16.974 17.284 15.927 16.370 18.490 19.860 19.630 20.555 22.680 22.993 22.270 22.693 20.831 18.522 17.640 16.326 16.012 16.771 17.540 19.732 21.076 23.336 23.152 21.345 21.080 18.992 19.394 19.081 20.058 21.280 21.253 23.396 23.254 22.797 24.282 25.575
24.878 24.493 22.770 22.807 21.383 20.900 19.784 17.856 16.824 16.079 15.064 13.922 13.909 13.561 11.398 10.584 11.772 10.234 7.948 8.922 9.430 7.246 6.281 8.296 7.749 5.565 5.275 2.852 1.302 0.000 1.130 2.176 3.861 4.068 3.353 4.241 5.890 5.867 7.451 9.171 11.085 13.701 14.557 15.605 16.500 15.546 13.947 16.128 16.834 15.602 15.817 18.217 19.857 19.717 20.655 23.031 23.337 22.713 23.133 21.254 18.789 17.879 15.753 14.725 15.208 15.459 18.014 19.207 21.367 21.351 19.568 19.235 16.745 18.103 18.186 19.591 21.396 20.997 23.270 22.921 22.197 23.913 24.847
24.470 24.103 21.981 21.807 20.152 19.270 17.527 15.350 13.819 12.974 11.554 10.837 10.489 9.982 8.295 7.510 8.399 7.797 5.978 6.425 7.125 5.932 5.116 6.774 7.052 5.398 5.314 3.013 2.001 0.683 0.000 0.743 1.370 2.436 2.539 3.056 3.529 4.435 6.056 7.735 8.793 11.621 12.950 13.761 15.338 14.315 12.763 15.002 16.031 14.752 15.069 17.652 19.380 19.461 20.365 22.554 22.847 22.106 22.339 20.238 17.379 15.983 14.165 12.671 13.946 14.294 17.176 18.708 21.107 20.787 19.027 17.882 15.358 16.246 16.185 17.698 19.712 19.794 22.199 22.026 21.166 23.192 24.589
24.160 23.594 21.731 21.336 19.761 18.696 17.151 14.703 12.971 12.132 10.895 10.221 9.568 8.484 6.801 6.986 7.261 6.845 5.900 5.722 6.716 5.421 5.357 7.181 7.530 6.297 5.687 3.432 2.991 1.696 0.604 0.000 0.597 1.529 1.819 1.701 1.916 2.991 4.186 6.221 7.423 10.035 11.799 12.284 14.052 13.427 11.604 13.564 15.203 13.716 13.928 16.593 18.978 18.983 19.314 21.598 21.738 21.243 21.464 19.478 16.949 15.649 13.471 12.350 13.492 13.993 17.154 18.687 21.104 20.459 18.934 17.557 14.854 15.549 15.614 17.210 18.975 19.034 21.540 21.262 20.727 22.682 24.139
24.232 24.139 21.765 21.516 20.002 18.880 17.502 14.970 13.030 12.616 11.309 10.043 9.551 8.779 6.770 6.193 7.457 6.554 5.195 5.550 6.761 5.556 4.717 6.569 6.836 5.702 5.782 3.674 3.456 2.300 1.242 0.543 0.000 0.619 0.903 1.246 1.341 1.936 3.305 4.858 6.683 9.116 11.004 11.741 13.960 13.032 11.368 13.549 15.160 13.812 14.032 16.650 18.759 18.967 19.079 21.745 22.072 21.272 21.804 19.490 16.785 15.495 13.489 12.008 13.650 13.648 16.836 18.475 20.883 20.427 18.825 17.562 14.537 15.726 15.409 17.423 19.473 19.194 22.224 21.899 20.813 23.002 24.654
24.143 24.177 21.804 21.490 19.945 18.776 17.419 15.160 13.370 12.905 11.698 10.266 9.742 8.702 7.261 6.981 7.383 6.894 5.882 6.061 6.807 5.751 5.154 6.763 7.231 6.635 6.434 4.418 4.170 2.965 1.777 0.777 0.525 0.000 0.563 0.951 1.146 1.586 2.804 5.335 7.635 9.822 11.260 12.691 14.381 13.633 12.215 14.353 15.689 14.618 14.753 17.230 19.113 19.342 19.559 21.578 22.100 21.292 21.691 19.976 17.214 15.866 13.903 12.469 13.523 13.852 16.972 18.385 21.167 20.635 18.731 17.853 14.924 15.777 15.762 17.680 19.660 19.421 22.022 21.845 21.076 22.624 24.151
23.998 23.816 21.584 21.381 19.773 18.891 17.384 15.198 13.396 12.845 11.601 10.941 10.538 9.479 7.409 7.344 8.229 7.748 5.649 6.495 7.348 6.317 5.894 7.491 8.282 6.961 6.815 4.593 4.578 3.269 2.048 1.013 0.829 0.526 0.000 0.578 0.966 1.593 2.742 4.752 6.937 9.267 10.388 11.628 13.549 12.767 11.354 13.414 14.953 14.006 13.977 16.739 18.947 19.280 19.428 21.658 21.859 21.498 21.389 19.430 16.540 15.403 13.201 12.099 13.165 13.786 16.894 18.512 20.942 20.648 18.648 17.564 14.789 15.501 15.454 17.352 19.030 19.059 21.490 21.231 20.640 22.667 24.239
24.051 23.724 21.579 21.270 19.656 18.708 17.356 14.673 13.269 13.014 11.612 10.267 10.437 9.425 6.813 7.065 8.416 7.756 5.657 6.371 7.480 5.928 5.546 7.497 8.168 6.923 6.473 4.345 4.633 3.345 2.058 1.333 1.047 0.957 0.536 0.000 0.592 1.411 2.641 4.901 6.618 9.143 10.245 11.202 13.007 12.560 10.659 12.963 14.345 13.249 13.450 15.890 18.102 18.244 18.396 21.089 21.086 20.199 20.847 18.337 15.540 14.287 12.642 11.439 12.847 13.045 16.169 18.240 20.636 19.840 18.278 16.634 14.281 14.849 14.728 16.484 18.222 18.245 21.267 21.109 20.299 22.506 24.408
23.898 23.768 21.795 21.489 20.026 18.859 17.630 15.232 13.153 12.948 11.887 10.541 10.687 9.445 7.375 7.568 8.343 7.617 5.850 6.570 6.950 6.341 5.847 7.125 7.696 6.969 6.730 4.860 4.593 3.401 2.305 1.545 1.199 1.555 1.061 0.583 0.000 0.703 2.145 3.998 6.488 8.412 9.774 11.055 12.812 12.295 11.054 13.293 14.563 13.720 13.880 16.630 18.486 18.966 19.159 21.681 21.893 20.961 21.384 19.041 16.305 14.876 13.090 11.760 13.220 13.012 16.545 18.142 20.774 20.182 18.384 17.107 14.193 15.254 15.186 16.879 18.872 18.856 21.597 21.480 20.798 22.737 24.327
23.778 23.733 21.683 21.521 19.962 18.891 17.645 15.278 13.681 13.273 12.058 11.120 10.763 9.898 7.949 8.005 8.517 8.089 6.441 7.629 8.342 7.754 7.604 8.940 10.088 9.681 9.537 7.083 7.718 6.474 4.656 3.143 2.067 2.286 1.976 1.742 0.741 0.000 0.966 2.923 5.603 7.033 8.176 9.673 11.435 11.124 10.405 12.679 14.234 13.515 13.991 16.865 18.955 19.503 19.666 21.785 21.921 21.155 21.549 19.583 16.641 15.422 13.607 12.153 13.258 13.483 16.755 18.033 20.844 20.164 18.330 17.284 14.646 15.288 15.342 17.098 19.076 19.041 21.290 21.196 20.518 22.434 23.934
24.976 24.768 22.995 23.171 21.692 21.179 20.183 17.917 17.124 16.600 15.452 14.636 15.528 14.601 11.828 12.523 14.238 12.757 11.093 13.227 14.245 12.728 12.805 15.413 15.756 15.032 13.865 12.319 12.729 11.608 8.134 7.328 5.748 4.366 4.076 4.132 2.278 0.971 0.000 1.202 3.118 5.376 6.494 8.281 10.290 10.366 10.285 12.459 14.560 14.409 15.086 17.808 19.810 20.724 20.992 23.248 23.194 22.405 22.613 20.696 18.174 16.768 14.707 13.216 13.967 13.935 16.840 18.278 20.816 20.816 19.029 18.188 15.909 16.712 16.974 18.512 20.179 19.691 22.130 22.144 21.108 22.856 24.542
25.466 25.305 23.359 23.816 22.329 21.686 21.325 19.320 18.430 18.731 17.497 16.848 17.802 16.833 14.009 14.546 16.356 14.638 12.580 15.541 16.518 14.922 15.045 17.924 18.389 17.131 16.089 13.614 14.187 12.105 9.637 8.285 8.097 6.958 4.979 5.243 4.831 3.195 1.032 0.000 1.428 4.202 5.908 6.583 8.484 9.390 9.526 11.319 13.167 13.847 14.779 17.227 19.470 20.352 20.936 23.082 22.977 21.953 22.474 20.343 17.985 17.066 14.851 13.736 14.206 14.452 17.602 18.898 21.969 21.636 19.809 19.151 16.533 17.306 17.199 18.998 20.203 19.415 21.768 21.905 20.567 22.449 24.478
25.194 25.137 23.838 24.101 23.095 22.757 22.494 21.168 20.426 20.860 19.985 19.830 21.235 19.951 17.006 18.781 20.501 18.096 17.511 20.345 21.119 19.303 20.273 22.682 22.573 22.032 20.715 18.638 19.547 18.639 15.161 15.456 14.247 11.437 9.415 8.743 8.068 5.606 3.932 1.188 0.000 1.447 4.413 5.531 7.516 9.221 10.051 11.079 13.461 15.044 16.152 18.890 20.764 21.884 22.208 23.947 23.578 22.479 23.046 21.277 18.754 18.178 15.709 14.880 14.576 14.749 17.238 18.501 21.360 21.276 19.795 19.251 17.330 17.908 18.370 19.706 20.897 19.700 22.548 22.391 20.946 22.629 24.584
25.575 25.550 23.841 24.489 23.386 22.785 22.988 21.734 20.812 21.478 20.534 20.305 21.436 20.242 17.330 19.194 20.845 18.232 17.525 20.762 21.195 19.352 20.689 22.967 22.920 22.365 20.555 19.097 20.613 20.323 17.330 17.032 15.319 13.224 12.098 10.831 9.463 7.505 6.118 3.735 0.994 0.000 1.283 4.346 5.732 7.671 8.714 10.255 12.513 14.042 14.911 17.155 19.596 20.795 21.265 23.183 23.364 22.175 22.905 21.015 18.569 17.623 15.282 14.281 14.525 14.602 17.604 18.673 21.710 21.840 20.603 19.907 17.362 18.338 18.093 19.760 20.739 19.658 22.356 22.394 21.016 22.830 24.858
25.323 25.402 24.245 24.670 23.873 23.471 23.572 22.757 21.986 22.618 21.727 21.922 22.549 21.249 18.743 20.669 21.672 19.378 19.332 21.774 21.725 20.378 21.977 23.482 23.314 23.114 21.220 20.718 21.925 22.121 19.571 19.742 18.184 16.910 14.990 12.825 12.178 10.563 8.010 5.472 3.680 1.228 0.000 1.732 4.178 6.435 7.044 8.153 10.731 12.499 13.025 14.892 17.537 19.008 19.533 21.335 21.569 20.667 21.758 20.029 17.887 17.457 15.163 14.738 14.757 15.314 17.676 18.858 21.717 22.078 20.809 20.240 18.201 18.408 18.395 19.411 20.280 19.208 21.694 22.004 20.958 22.311 24.442
25.972 26.328 25.204 25.941 25.316 25.011 25.368 24.635 24.064 24.682 23.798 23.788 24.483 22.851 21.038 22.502 23.095 20.560 20.572 22.752 22.287 20.573 22.288 23.740 23.097 22.948 20.839 20.973 22.106 22.605 20.696 21.780 20.273 19.924 17.597 16.251 15.828 13.805 10.518 7.830 6.864 4.109 1.220 0.001 1.553 5.016 6.767 6.718 8.504 11.994 12.596 13.397 15.698 16.852 18.916 20.619 21.228 20.631 22.199 20.883 18.920 19.113 16.903 16.399 16.449 17.043 19.074 19.736 22.511 23.147 22.041 22.072 20.383 20.887 20.794 21.560 22.126 20.614 23.279 23.762 22.365 23.293 25.122
25.638 25.629 24.458 24.683 23.862 23.265 23.413 22.561 21.433 21.963 20.940 20.657 21.017 19.334 16.799 18.554 19.264 16.199 16.008 18.331 18.077 16.222 17.778 19.938 19.703 19.666 17.642 16.958 18.746 19.265 16.993 17.679 16.564 16.951 15.021 12.511 12.921 12.472 9.683 8.047 6.827 6.151 3.998 1.268 0.000 1.395 3.429 5.589 5.847 7.704 10.189 11.177 11.953 13.189 14.550 16.691 17.643 18.009 19.715 17.655 15.964 16.265 14.394 13.991 14.877 15.421 18.177 19.073 21.635 22.364 21.037 20.669 18.008 18.737 18.003 19.394 19.832 19.079 21.538 22.026 21.206 22.461 24.393
25.741 25.760 24.371 24.734 24.065 23.151 23.232 22.389 21.360 21.567 20.408 20.135 20.481 18.604 16.441 18.214 18.713 15.801 15.791 18.249 17.975 16.176 18.278 20.241 20.240 20.165 18.203 17.530 19.340 20.016 17.320 18.307 17.033 17.972 16.153 13.566 14.202 14.264 10.972 10.664 8.218 7.417 5.509 3.219 0.825 0.000 1.270 3.327 5.371 5.624 6.872 9.419 11.121 11.746 12.945 15.601 16.091 16.840 18.086 16.218 14.495 14.795 13.693 13.782 14.802 15.811 18.225 19.587 22.079 22.400 21.096 20.637 18.223 18.147 17.620 18.320 18.790 18.146 21.054 21.450 20.874 22.208 24.371
25.316 25.301 23.826 23.990 23.568 22.511 22.714 21.922 20.920 21.374 20.210 19.916 20.669 18.653 16.282 18.265 19.294 15.932 16.024 18.827 18.798 16.901 18.935 20.613 20.513 20.419 18.423 17.945 19.702 20.173 18.055 18.645 17.487 18.062 16.094 13.431 13.832 14.461 11.272 11.367 9.059 9.040 6.406 5.013 3.268 0.888 0.000 1.276 4.141 5.164 4.917 6.629 9.659 10.421 11.359 14.192 14.405 15.256 16.984 14.888 13.236 13.853 12.725 13.086 14.308 15.659 17.966 19.388 21.939 22.020 20.656 20.079 17.873 17.629 16.727 17.684 18.393 17.619 20.467 21.156 20.721 22.191 24.045
25.473 25.574 24.151 24.391 23.820 22.936 23.127 22.405 21.319 21.929 20.784 20.599 21.112 19.176 17.017 18.776 19.534 16.502 16.468 19.102 18.708 16.818 18.691 20.744 20.419 20.183 18.245 17.746 19.549 20.361 17.902 19.198 17.914 18.291 16.546 13.714 14.252 14.202 11.435 11.078 9.270 9.206 7.179 5.970 4.817 3.567 0.851 0.000 1.350 3.431 4.975 5.276 6.596 9.126 10.542 13.114 13.919 14.800 17.201 15.198 13.535 14.320 13.097 13.498 14.546 15.920 18.458 19.534 21.927 22.240 20.942 20.433 18.244 18.381 17.529 18.204 19.083 18.415 21.116 21.558 20.847 22.395 24.324
25.514 25.748 24.239 24.597 24.072 22.980 23.359 22.578 21.356 21.943 20.748 20.668 21.095 18.837 16.753 18.945 19.271 15.999 16.217 18.853 18.570 16.545 18.419 20.477 20.166 20.171 18.004 17.734 19.699 20.406 18.001 19.169 17.726 18.795 16.996 14.017 14.647 15.183 12.436 12.043 9.850 10.049 8.358 6.677 5.040 5.065 2.903 0.766 0.000 1.232 3.040 5.186 5.062 6.604 8.699 11.812 12.588 14.649 16.627 14.502 12.879 13.956 13.144 13.595 15.178 16.340 18.751 20.130 22.310 22.568 21.311 20.800 18.466 18.587 17.421 18.171 18.572 17.969 20.448 21.230 20.931 22.401 24.077
25.802 25.936 24.551 24.711 24.430 23.401 23.325 22.699 21.631 21.869 20.872 20.614 20.828 18.992 16.433 18.596 19.141 15.704 16.176 18.901 18.482 16.160 18.805 20.574 20.067 20.242 17.841 17.587 19.538 20.061 17.941 18.707 17.459 18.546 16.743 13.829 14.543 15.259 12.526 12.469 10.230 10.553 9.245 8.091 6.154 5.035 4.102 2.992 0.747 0.000 1.287 3.788 5.225 6.130 7.326 10.745 11.965 13.302 15.160 13.594 12.239 13.347 12.748 13.414 14.958 16.485 18.922 20.199 22.454 22.651 21.411 21.073 18.637 18.543 17.713 18.135 18.627 18.037 20.455 21.281 21.017 22.494 24.295
25.455 25.708 24.211 24.495 24.111 23.210 23.409 22.802 21.798 22.460 21.205 21.190 21.649 19.504 17.247 19.234 19.821 16.379 16.681 19.121 18.846 16.930 18.775 20.620 20.414 20.340 18.216 18.056 20.060 20.510 18.544 19.772 18.247 19.424 17.779 14.661 15.739 16.565 13.642 13.529 11.355 11.882 10.477 9.639 8.617 6.447 5.372 5.367 3.578 0.814 0.000 1.461 3.748 5.644 6.137 8.984 10.495 11.803 14.107 12.701 11.524 13.151 12.771 13.840 15.390 17.166 19.229 20.252 22.506 22.753 21.655 21.393 19.051 18.850 17.642 18.181 18.288 17.512 20.275 21.164 20.864 22.222 23.836
25.096 25.465 24.014 24.443 24.051 23.219 23.285 22.940 21.969 22.633 21.577 21.614 22.145 20.120 17.706 20.114 20.511 16.939 17.361 20.199 19.608 17.558 19.949 21.646 21.227 21.312 19.196 18.985 20.977 22.103 19.780 21.328 19.779 20.535 19.135 15.245 16.030 16.997 14.207 14.142 11.968 12.412 11.090 10.186 8.877 8.544 6.181 5.127 5.245 3.598 0.872 0.000 1.427 3.684 5.760 7.553 9.569 11.353 13.862 12.560 11.314 13.037 12.653 13.684 15.116 16.906 19.161 20.396 22.224 22.701 21.566 21.044 18.912 18.579 17.537 17.889 18.109 17.389 20.032 20.617 20.473 21.553 23.585
25.098 25.552 24.048 24.484 24.127 23.210 23.406 23.000 21.926 22.562 21.437 21.721 21.934 19.807 17.909 20.172 20.536 17.277 17.813 20.130 19.530 17.791 19.986 21.693 20.994 21.185 19.304 19.194 21.046 21.999 20.005 21.278 19.898 21.047 19.526 16.423 16.995 17.863 15.613 15.303 13.130 13.790 12.654 11.160 10.705 9.952 8.144 6.289 5.676 6.056 3.537 0.881 0.000 1.322 3.853 6.176 8.492 10.735 13.041 11.970 11.109 12.934 12.803 14.073 15.483 17.670 19.227 20.666 22.435 22.770 21.764 21.317 19.267 18.577 17.685 17.896 17.570 16.906 19.371 20.201 20.188 21.360 23.399
25.886 26.423 24.891 25.296 25.012 23.944 24.025 23.650 22.494 23.062 21.978 22.137 22.388 20.365 18.912 20.457 20.817 17.420 18.485 20.770 19.261 17.934 20.531 22.015 20.984 21.320 19.597 19.657 21.341 22.397 20.784 22.054 20.492 21.823 20.784 17.844 18.850 19.598 18.012 17.924 16.068 16.758 15.533 14.258 13.249 12.061 10.766 9.249 6.743 7.171 6.444 3.770 1.209 0.000 1.593 4.324 7.127 8.820 11.787 10.663 10.346 12.608 13.560 15.871 17.895 19.863 21.564 22.853 24.130 24.293 23.593 23.178 21.050 20.638 19.072 18.677 17.939 17.623 19.648 21.083 21.310 22.428 24.232
25.993 26.248 24.747 24.930 24.596 23.706 23.805 23.351 22.316 22.946 21.761 21.844 21.993 19.825 18.176 20.017 20.258 17.168 17.383 19.651 19.129 17.375 19.290 21.186 20.519 20.871 18.892 18.933 21.011 21.900 20.243 21.408 19.747 21.278 20.106 17.151 17.899 19.592 18.081 18.707 17.133 18.194 17.168 16.360 15.027 13.424 11.974 11.489 9.735 7.875 6.854 6.152 3.633 1.081 0.000 1.809 4.751 7.391 10.377 9.807 10.154 12.107 13.477 15.726 17.843 19.141 20.944 21.909 23.337 23.506 22.762 22.361 20.385 19.903 18.837 18.153 17.555 16.768 19.372 20.286 20.399 22.176 23.684
24.770 24.967 23.087 23.474 22.879 22.054 22.345 22.206 21.080 22.057 21.243 21.334 21.584 19.748 17.971 19.821 20.227 17.115 17.318 19.689 18.974 17.575 19.487 21.304 20.732 21.068 19.332 19.076 21.291 21.862 20.255 21.414 20.030 21.044 19.919 17.485 18.110 19.457 18.683 18.944 17.679 19.162 18.532 17.756 17.376 15.751 13.393 13.238 12.096 10.378 7.981 7.587 6.736 4.268 1.393 0.000 1.741 3.946 5.096 6.722 7.879 10.214 11.617 14.381 16.385 17.991 19.766 21.023 22.584 22.676 21.881 21.461 19.040 18.425 16.729 16.185 14.794 14.657 16.389 17.632 18.005 19.324 20.976
23.544 23.615 21.548 22.011 21.679 20.601 21.154 20.905 19.856 21.286 20.123 20.676 21.485 19.303 17.386 20.259 20.753 17.782 18.293 20.827 20.450 18.681 20.893 22.412 21.895 22.262 20.193 20.577 22.375 23.197 21.594 22.295 20.722 21.678 20.687 17.689 17.714 19.226 18.844 18.575 17.618 18.890 18.820 18.100 18.011 16.861 14.645 14.495 13.589 11.839 9.768 8.639 8.142 6.136 3.465 1.212 0.000 0.988 2.327 4.011 5.386 7.059 9.453 11.565 13.943 15.999 17.786 19.679 21.287 21.348 20.587 19.718 17.177 16.399 14.508 13.942 13.124 13.137 15.142 15.949 16.354 17.570 19.515
23.331 23.247 21.105 21.421 20.920 19.845 20.321 20.266 19.104 20.761 19.787 20.376 21.213 18.907 17.252 20.033 20.649 17.670 18.466 20.989 20.492 19.226 21.254 22.797 22.282 22.604 20.780 20.850 22.830 23.412 21.708 22.256 20.570 21.118 20.741 17.967 17.671 19.093 18.646 18.594 17.596 19.260 19.399 18.293 18.564 17.693 15.386 15.263 15.120 13.128 10.870 9.872 8.942 7.010 4.817 2.396 0.733 0.001 0.994 2.997 4.675 6.098 8.035 10.800 12.937 15.295 17.073 18.872 20.515 20.748 19.691 18.916 16.425 15.608 14.495 13.551 13.066 12.826 14.595 16.097 16.398 18.054 19.993
22.744 22.524 20.152 20.569 19.686 18.900 19.310 18.639 17.679 19.303 18.639 18.839 19.808 17.814 15.486 18.479 19.308 16.543 17.311 19.823 19.619 18.165 20.528 22.130 21.869 22.307 20.551 20.235 22.455 22.992 20.947 21.475 19.485 20.266 19.821 16.723 16.056 18.010 17.444 17.623 16.422 18.466 18.449 17.677 17.805 16.939 14.289 14.495 14.326 12.249 10.152 9.498 9.108 7.539 5.651 4.146 2.304 0.751 0.000 1.096 3.397 4.809 6.584 8.005 10.458 12.952 15.505 16.839 18.950 19.090 18.117 17.172 14.666 13.857 12.274 12.264 11.455 11.775 14.191 15.230 15.435 17.345 19.529
23.033 22.735 20.269 20.441 19.835 18.546 19.055 18.390 17.431 18.626 17.759 18.063 18.997 16.926 14.696 17.679 18.495 15.596 15.933 19.379 19.117 17.992 20.140 22.176 21.950 22.356 20.721 20.217 22.435 22.807 20.548 20.671 18.243 19.385 18.569 15.454 15.096 17.024 16.501 17.220 16.217 18.093 18.166 17.666 17.669 16.894 14.123 14.456 14.334 12.803 10.906 10.778 11.061 9.852 7.366 7.169 4.278 2.973 1.053 0.000 1.668 3.678 5.381 6.524 8.535 10.107 13.687 15.300 17.611 17.785 16.793 16.119 13.217 13.018 11.689 11.432 11.641 12.029 14.389 15.545 15.354 17.039 19.039
22.740 22.276 19.970 20.272 19.772 18.799 19.196 18.611 18.245 19.166 18.539 18.673 19.496 17.608 15.125 18.148 18.868 16.233 16.335 19.758 19.768 18.512 20.624 22.820 22.551 23.032 20.789 20.365 22.732 23.202 20.522 21.187 18.578 19.500 18.486 14.995 14.492 16.435 15.629 16.125 14.966 17.169 17.267 16.590 17.162 16.440 13.914 14.060 14.408 12.785 10.967 11.171 11.924 10.764 8.600 8.590 5.581 5.438 3.252 1.132 0.000 1.231 2.800 4.278 5.922 7.884 9.850 11.808 14.272 14.640 13.921 12.974 11.053 10.757 10.595 10.531 10.319 10.841 13.520 14.251 14.523 16.961 18.598
22.204 21.912 19.587 19.888 19.396 18.717 19.147 18.418 17.747 18.920 18.044 18.429 19.578 17.717 14.884 18.156 19.073 15.888 16.528 19.471 19.442 18.103 20.238 22.219 22.409 22.370 20.564 19.743 21.954 22.147 19.529 20.208 17.936 18.563 17.231 14.233 13.709 15.466 14.541 15.281 14.329 16.310 16.421 16.127 16.491 15.385 13.046 13.518 13.645 12.220 10.799 11.043 11.857 10.970 8.599 9.151 6.545 6.319 5.074 3.181 1.099 0.000 1.122 2.570 4.260 5.945 8.047 9.330 11.958 12.713 12.128 11.701 10.067 9.991 9.681 10.987 11.415 11.452 13.664 14.044 14.138 16.552 17.648
22.156 21.763 19.504 19.961 19.370 18.814 18.876 18.165 17.767 18.695 18.342 18.386 19.556 17.910 14.972 18.242 18.923 16.565 16.778 20.199 20.066 18.901 21.074 23.287 23.096 23.265 21.423 20.635 22.620 23.033 19.884 20.791 18.396 18.568 17.243 14.312 13.521 15.001 14.250 14.844 14.000 16.107 16.213 16.040 16.757 15.833 13.262 13.742 14.494 12.701 11.332 11.812 13.196 11.991 9.819 10.334 7.907 6.940 5.810 4.278 2.891 1.030 0.000 1.102 2.655 4.573 6.005 7.940 9.548 10.494 10.427 10.139 9.393 9.549 8.891 9.372 10.926 11.638 13.593 14.033 14.148 16.780 18.652
22.768 22.117 19.697 19.740 19.014 18.307 18.483 17.585 16.817 18.423 18.029 18.017 19.200 17.632 14.606 17.615 18.655 15.824 16.421 19.270 19.419 18.069 20.057 22.177 22.202 22.124 20.563 19.818 21.440 21.637 19.033 19.417 17.734 17.892 16.660 13.812 13.014 14.761 14.080 14.810 13.827 15.968 16.012 15.855 16.135 15.269 12.817 13.282 13.777 12.411 11.061 11.837 13.097 12.389 10.211 10.965 8.816 7.829 6.750 5.160 3.948 2.663 1.010 0.000 1.200 2.778 4.035 5.776 7.491 8.916 9.003 8.623 7.694 8.927 8.701 9.686 11.421 11.804 13.879 14.658 14.975 17.744 19.315
22.563 21.863 19.224 19.399 18.468 17.915 17.992 16.939 16.374 17.791 17.421 17.419 18.591 16.973 13.950 17.149 18.190 15.594 15.802 19.311 19.536 18.235 20.020 22.171 22.374 22.349 20.765 19.867 21.691 21.930 19.464 19.903 17.765 17.868 16.705 13.864 13.202 14.664 14.341 14.868 14.051 16.331 16.370 16.130 16.765 15.639 13.043 13.804 14.768 13.157 11.718 12.810 14.277 13.565 11.549 12.620 10.551 9.433 8.826 6.855 5.332 4.059 2.864 0.896 0.000 1.073 2.067 4.086 5.038 6.562 7.258 7.198 7.523 7.843 8.653 9.617 11.567 12.127 15.149 15.795 15.499 18.327 19.944
22.955 22.583 20.146 20.356 19.351 18.685 18.558 17.398 16.859 17.999 17.371 17.037 18.664 16.622 13.982 16.946 18.339 15.555 15.800 19.279 19.475 18.216 19.900 22.408 22.493 22.428 20.756 19.631 21.439 21.673 18.787 19.422 17.316 17.346 16.431 14.084 12.977 14.138 14.210 14.289 13.981 15.817 15.987 15.726 16.232 15.205 12.897 13.777 14.556 13.412 12.140 13.348 15.012 14.583 13.132 14.326 12.477 10.766 10.463 8.968 7.095 5.628 4.352 2.554 0.972 0.000 1.109 2.776 3.936 6.067 6.948 7.600 7.238 8.622 9.910 10.691 12.342 12.956 15.613 16.420 16.553 18.834 21.040
22.992 22.414 19.735 19.934 18.606 18.275 18.218 17.041 16.618 17.818 17.119 17.001 18.276 16.857 14.066 17.037 18.233 15.790 15.921 19.322 19.763 18.350 20.098 22.350 22.509 22.222 20.739 19.721 21.256 21.518 18.915 19.563 17.421 17.689 16.654 14.005 13.262 14.694 14.520 15.020 14.613 16.708 16.496 16.214 17.146 15.903 13.494 14.636 15.679 14.672 13.677 15.254 16.535 16.204 15.376 16.458 15.461 14.355 13.851 11.804 9.484 7.460 6.261 4.422 2.606 0.937 0.000 1.121 2.472 5.591 6.770 8.107 8.197 9.648 10.404 12.732 14.686 14.907 17.481 17.674 17.752 19.696 21.600
23.296 22.676 20.514 21.094 19.342 19.517 19.745 18.362 18.377 19.383 18.564 18.784 20.480 18.755 16.010 18.605 20.235 17.596 17.339 20.549 21.182 19.292 21.016 23.067 23.006 22.594 21.011 19.820 21.694 21.957 19.314 20.129 17.942 18.268 17.201 14.795 14.210 15.340 15.119 15.303 14.825 16.653 16.436 16.109 16.926 16.048 14.047 15.050 16.151 15.368 14.642 16.314 17.916 17.947 17.529 18.819 17.810 16.619 16.240 14.535 12.389 10.294 7.931 6.346 4.158 2.668 0.828 0.001 1.265 3.866 5.431 7.464 8.801 10.402 11.979 14.239 16.122 15.822 18.152 18.532 18.583 20.120 21.722
23.147 22.415 20.036 20.315 18.529 18.623 18.636 17.592 17.183 18.735 18.088 18.316 19.554 18.298 15.630 18.290 19.638 17.638 17.048 20.101 20.614 19.269 20.673 22.610 22.888 22.386 21.112 19.809 21.567 21.703 19.242 19.835 17.858 18.311 17.362 14.898 14.090 15.547 15.319 15.818 15.279 17.542 17.497 17.343 18.231 17.018 14.971 16.078 16.792 15.866 15.150 16.848 18.664 18.398 18.091 19.476 18.915 18.174 17.947 16.073 13.562 12.660 9.947 8.410 6.422 4.426 2.922 0.799 0.000 1.288 3.413 5.538 7.516 9.743 11.727 13.885 15.927 15.973 18.774 18.401 18.674 20.369 22.207
23.460 22.576 20.201 20.518 19.000 18.955 18.775 17.672 17.315 18.897 18.628 19.227 20.384 19.490 17.247 19.545 20.841 19.382 18.531 21.584 22.265 21.412 22.415 23.994 24.426 24.059 22.976 21.960 23.202 23.274 20.955 20.978 19.274 19.308 18.375 16.263 15.710 16.570 16.349 16.887 16.794 18.587 19.177 19.065 20.207 19.528 17.803 19.197 20.173 19.180 18.700 20.423 21.795 21.508 21.220 22.160 21.766 20.977 20.824 19.742 17.737 16.607 14.049 12.362 10.486 7.738 5.122 3.128 0.985 0.000 1.750 3.900 6.897 9.667 11.820 14.801 17.391 18.390 20.538 20.130 20.176 21.058 22.612
22.954 21.738 19.695 19.119 17.462 17.599 17.597 16.317 16.387 18.009 17.722 18.316 19.730 18.359 16.604 19.155 20.648 18.720 18.912 22.042 22.436 21.798 23.219 24.440 24.632 24.676 23.461 22.441 23.904 23.794 21.807 21.974 19.799 19.571 19.439 17.420 16.242 17.624 17.597 17.715 17.327 19.379 19.954 19.373 20.768 20.387 18.115 19.525 20.571 19.429 18.386 20.300 21.447 21.095 20.027 21.295 20.485 19.545 19.195 17.990 16.130 15.083 13.084 11.489 10.616 8.710 7.179 6.455 3.776 1.436 0.000 1.308 3.182 6.619 7.901 10.308 13.209 15.188 17.180 16.862 17.446 19.152 20.781
22.609 21.476 18.758 18.290 17.376 16.921 16.789 16.164 15.627 17.137 17.140 17.372 18.216 16.878 15.108 17.606 18.394 16.406 16.572 19.473 19.920 18.768 20.521 22.225 22.467 22.493 21.114 20.138 21.754 21.923 19.643 20.208 18.094 18.736 17.401 15.014 14.192 15.996 15.381 15.980 15.237 17.410 17.705 17.253 18.179 17.310 14.845 15.999 16.700 15.422 14.285 15.955 17.405 17.342 16.376 17.404 16.403 15.581 15.021 13.329 11.367 10.394 9.389 8.234 8.070 7.408 7.085 6.093 5.100 3.576 0.862 0.000 1.066 2.826 3.586 5.805 7.925 9.374 12.011 12.693 13.556 15.736 17.474
22.138 20.877 18.350 17.961 16.597 16.477 16.589 15.515 15.290 16.844 16.702 17.173 18.119 17.002 15.018 17.427 18.580 16.505 16.888 19.560 19.996 19.026 20.540 22.532 22.618 22.720 21.346 20.466 22.134 22.319 20.068 20.164 18.111 18.831 17.533 15.124 14.362 15.999 15.544 16.204 15.768 17.453 17.811 17.606 18.381 17.496 15.235 16.092 17.027 15.626 14.500 16.113 17.749 17.503 16.271 17.512 16.156 15.319 15.170 12.997 11.237 9.980 9.473 8.388 9.382 7.560 8.064 7.253 6.882 4.673 2.438 0.866 0.000 0.829 1.974 3.670 5.484 7.737 9.619 10.592 12.068 14.284 16.121
22.182 20.831 18.694 17.861 17.233 16.499 16.560 15.907 15.272 16.601 16.738 17.139 17.990 16.917 14.841 17.384 18.546 16.278 16.735 19.641 19.977 18.593 20.623 22.459 22.436 22.580 20.936 20.117 21.770 22.196 19.750 20.131 17.912 18.677 17.564 14.856 14.113 15.798 15.453 16.031 15.304 17.381 17.483 17.153 17.969 16.777 14.655 15.399 16.332 15.031 13.897 15.152 16.847 16.517 15.322 16.552 15.355 14.484 14.072 12.335 10.315 9.125 8.375 7.624 7.755 7.965 8.162 7.989 7.224 5.211 3.392 2.096 0.774 0.000 1.056 2.317 4.657 7.081 8.952 9.202 11.238 13.886 15.306
21.423 20.340 17.747 17.513 16.593 16.001 16.255 15.532 15.059 16.623 16.964 17.564 18.515 17.478 15.975 18.269 19.248 17.087 17.718 20.315 20.704 19.690 21.496 22.885 22.915 23.152 21.969 21.376 22.948 23.009 21.013 21.095 18.871 19.600 18.598 15.900 14.894 16.766 16.309 16.836 16.253 17.948 18.421 17.848 18.704 18.035 15.822 16.190 17.325 15.942 14.652 15.676 17.509 17.314 15.723 17.379 15.887 15.026 14.682 12.349 11.033 9.491 9.311 8.579 8.523 8.239 8.690 8.522 8.377 6.281 5.270 3.516 2.116 0.929 0.000 1.263 3.159 6.192 7.400 7.867 10.603 12.134 13.975
22.372 21.329 18.472 18.380 17.636 16.659 16.815 16.433 15.548 17.086 17.159 17.623 18.669 17.418 15.152 18.054 19.106 16.794 17.643 20.293 20.425 19.332 21.411 23.067 23.219 23.196 21.829 21.292 22.778 23.009 20.970 21.146 18.924 19.499 18.550 15.574 14.823 16.853 16.198 16.616 16.116 17.895 18.018 17.718 18.013 17.466 15.305 15.764 16.372 15.145 13.980 14.984 16.588 16.359 15.230 16.812 15.666 14.359 13.890 11.936 10.235 9.394 8.925 8.781 9.271 9.760 10.577 11.604 12.556 10.346 7.884 5.821 3.982 3.346 1.086 0.000 1.225 3.652 5.273 6.718 8.539 10.146 11.536
21.269 20.598 18.049 18.394 17.668 16.702 17.443 17.413 16.589 18.689 18.233 19.003 20.313 18.433 16.876 19.784 20.456 17.926 18.545 21.370 21.293 20.134 22.036 23.683 23.415 23.252 21.981 21.715 23.220 23.556 21.746 22.550 20.754 21.156 20.120 17.137 16.442 18.212 17.557 17.548 16.517 18.298 18.861 18.044 18.322 17.826 15.832 16.049 16.700 16.035 14.870 15.352 16.966 17.027 15.730 17.364 15.936 15.382 14.262 13.220 11.557 10.424 9.822 10.359 10.509 11.402 12.942 14.053 15.179 13.378 12.100 9.476 7.474 4.975 3.012 0.928 0.001 1.349 3.943 5.918 6.283 7.311 10.068
21.957 21.094 18.926 19.080 18.934 17.805 18.477 18.404 17.599 19.333 18.970 19.528 20.534 18.833 16.743 19.522 20.359 17.805 18.168 20.961 20.917 19.474 21.440 23.036 22.945 23.175 21.465 21.002 22.706 23.230 20.893 22.003 20.029 20.903 19.905 16.708 16.511 18.292 17.155 17.595 16.195 18.199 18.651 17.732 18.140 17.530 15.436 15.828 16.351 15.489 14.575 14.993 16.502 16.134 15.104 16.623 15.575 14.847 13.976 12.002 10.255 10.403 10.436 10.911 12.038 13.513 15.204 16.734 18.178 17.323 15.602 14.338 10.634 8.802 6.123 3.470 0.973 0.000 1.735 3.496 4.950 5.257 7.212
21.480 20.730 18.985 19.156 19.135 18.380 18.989 18.789 18.076 19.695 19.258 19.653 20.681 18.912 16.886 19.652 20.487 17.506 18.495 21.070 20.775 19.395 21.386 23.131 23.021 22.822 21.281 21.120 22.493 22.970 20.876 21.745 20.324 20.935 19.616 17.182 16.881 18.076 17.391 17.461 16.333 18.253 18.579 17.796 18.153 17.398 15.467 15.773 16.367 15.414 14.553 15.260 16.543 16.322 15.411 16.860 15.642 15.098 14.463 12.369 10.749 10.577 10.063 11.039 12.339 14.028 15.684 16.844 18.698 17.943 16.643 15.280 11.734 10.818 7.685 6.103 3.261 0.727 0.000 1.302 3.134 4.664 5.702
21.670 21.370 19.371 19.719 19.877 19.326 20.294 20.249 19.544 20.875 20.419 21.035 21.792 20.227 18.261 21.128 21.735 19.261 19.912 22.524 22.187 21.069 22.857 24.171 23.963 23.722 22.464 22.294 23.594 23.870 22.002 23.002 21.421 21.986 20.591 18.283 17.760 19.011 18.217 18.312 17.450 18.949 19.370 18.631 18.950 18.466 16.498 16.628 17.406 16.605 15.602 16.205 17.461 17.585 16.460 17.639 16.362 15.864 14.855 12.698 11.427 11.180 11.548 12.525 14.041 15.767 17.198 18.494 20.274 19.816 18.387 17.559 15.202 12.684 10.568 7.144 5.065 3.057 0.698 0.000 1.401 3.780 5.180
21.698 21.502 19.396 19.560 19.401 18.854 19.326 19.103 18.652 20.049 19.751 20.292 21.216 19.549 17.771 20.379 21.233 18.926 19.355 21.893 21.885 20.839 22.568 24.057 23.902 24.094 22.572 21.942 23.490 23.925 21.823 22.363 20.561 21.147 20.185 17.323 16.969 18.374 17.580 17.916 17.048 18.597 18.875 18.591 18.802 18.144 16.440 16.707 17.121 16.341 15.573 16.242 17.682 17.780 16.710 18.021 17.039 16.176 15.665 13.181 11.818 11.410 10.815 12.085 13.120 14.680 16.495 17.673 19.554 18.787 17.397 15.742 13.135 11.471 9.368 6.946 5.361 4.806 3.676 0.783 0.000 1.395 3.825
22.247 21.152 19.517 19.554 19.213 18.529 19.201 18.997 18.106 19.896 19.643 20.009 21.238 19.116 17.511 20.423 21.097 18.452 19.153 22.026 21.767 20.437 22.468 24.069 23.740 23.744 22.166 21.717 23.343 23.742 21.357 22.521 20.495 21.168 20.200 17.111 16.915 17.957 17.166 17.634 16.665 18.438 18.877 18.295 18.783 18.013 16.021 16.231 17.080 16.190 15.433 16.086 17.695 17.684 16.474 18.079 16.851 16.011 15.329 13.259 11.316 10.792 10.815 11.583 13.075 14.673 16.428 17.957 19.518 18.639 17.164 15.543 12.875 11.381 9.221 7.429 5.965 5.191 5.000 3.153 0.799 0.000 1.266
22.974 22.541 21.327 21.636 21.546 21.040 21.722 21.784 21.105 22.343 21.789 22.117 23.038 20.830 19.419 21.578 22.156 19.833 20.584 22.805 22.410 21.097 23.202 24.240 24.033 24.164 22.415 22.322 23.843 24.267 22.185 23.243 21.676 22.552 21.198 18.980 18.552 19.636 18.429 18.406 17.045 18.923 19.201 18.662 19.006 18.152 16.123 16.311 16.923 16.818 15.822 16.571 18.231 18.821 18.063 19.188 18.210 16.789 16.408 14.682 12.926 12.765 12.416 14.210 15.194 17.599 19.236 21.376 22.849 22.444 21.533 19.856 17.774 15.492 13.134 10.912 9.283 6.555 6.735 5.693 3.486 1.046 0.004
