0.011 1.666 3.633 5.251 7.089 10.247 11.525 13.162 15.927 17.974 19.235 20.949 22.309 23.745 25.096 26.351 26.904 27.054 27.735 27.480 27.929 27.799 28.105 27.916 27.996 28.085 28.511 28.330 28.692 29.041 29.102 29.209 29.157 29.220 29.343 29.243 29.573 29.517 29.772 29.676 29.550 29.663 29.742 29.542 29.470 29.490 29.683 29.511 29.533 29.479 29.414 29.427 29.264 29.279 29.357 29.357 29.306 29.095 29.211 28.966 29.114 28.834 29.016 29.053 29.004 29.205 28.925 29.096 29.198 29.370 29.459 29.469 29.493 29.604 29.648 29.711 29.686 29.712 29.846 29.903 29.862 29.907 29.861 29.912 30.002
1.160 0.002 1.547 3.150 4.654 6.363 8.911 10.016 12.106 14.792 15.916 17.732 19.504 21.507 23.049 24.918 26.043 25.855 26.924 27.284 27.620 27.298 27.903 27.748 27.938 27.896 28.236 28.382 28.467 28.953 29.137 29.096 29.186 29.252 29.147 29.303 29.539 29.662 29.735 29.611 29.480 29.740 29.721 29.527 29.491 29.543 29.632 29.507 29.575 29.564 29.493 29.383 29.304 29.303 29.252 29.401 29.305 29.102 29.188 29.068 29.113 29.000 29.180 29.152 29.039 29.172 29.112 29.198 29.270 29.441 29.534 29.523 29.478 29.676 29.636 29.691 29.713 29.725 29.842 29.748 29.825 29.898 29.792 29.903 30.030
2.861 1.088 0.002 1.499 3.203 4.704 6.524 8.777 10.526 13.168 15.360 17.513 19.772 21.571 23.360 24.799 25.599 25.708 26.827 26.692 27.072 26.812 27.404 27.372 27.100 27.669 28.233 28.109 28.208 28.650 28.687 28.870 28.879 28.941 28.955 29.002 29.424 29.352 29.556 29.533 29.376 29.405 29.458 29.338 29.380 29.276 29.425 29.277 29.270 29.294 29.236 29.204 29.144 29.060 29.157 29.173 28.982 28.959 28.913 28.681 28.941 28.599 28.883 28.935 28.830 28.979 28.878 28.939 29.116 29.284 29.279 29.289 29.314 29.497 29.420 29.517 29.626 29.608 29.689 29.667 29.719 29.780 29.697 29.756 29.904
4.001 2.956 1.177 0.002 1.470 3.129 4.763 6.526 8.008 11.090 12.464 15.286 17.766 19.779 21.698 23.519 24.992 24.562 26.133 26.702 26.846 26.650 27.517 27.479 27.371 27.733 28.239 28.217 28.571 28.818 28.884 29.009 29.005 29.204 29.025 29.221 29.586 29.505 29.693 29.702 29.432 29.677 29.744 29.496 29.502 29.571 29.644 29.540 29.626 29.555 29.513 29.304 29.324 29.274 29.304 29.331 29.316 29.114 29.276 29.213 29.101 29.153 29.025 29.154 29.078 29.222 28.953 29.011 29.249 29.331 29.413 29.385 29.506 29.586 29.672 29.709 29.701 29.684 29.890 29.630 29.848 29.893 29.813 29.929 29.982
5.767 4.135 3.085 1.248 0.000 1.431 2.908 4.837 6.143 8.702 11.117 13.265 16.553 18.552 20.655 22.519 23.851 23.986 25.275 25.861 26.411 26.271 27.067 27.124 26.753 27.454 27.955 28.126 28.183 28.561 28.609 28.702 28.787 29.001 28.905 29.005 29.298 29.339 29.576 29.516 29.315 29.428 29.559 29.261 29.337 29.372 29.464 29.392 29.431 29.372 29.228 29.079 28.980 29.084 29.066 29.049 28.971 28.719 29.053 28.747 28.794 28.699 28.728 29.019 28.640 29.050 28.804 28.902 29.183 29.396 29.333 29.296 29.377 29.443 29.378 29.523 29.580 29.566 29.676 29.573 29.680 29.798 29.727 29.736 29.904
7.937 5.974 4.440 3.034 1.062 0.001 1.060 2.628 4.242 6.173 8.788 11.413 14.119 16.573 18.457 21.041 22.304 22.594 23.973 24.780 25.482 25.352 26.274 26.466 26.157 26.912 27.384 27.479 27.598 28.180 28.109 28.386 28.334 28.720 28.575 28.743 29.153 29.116 29.350 29.257 29.199 29.250 29.398 29.141 29.308 29.192 29.308 29.301 29.366 29.271 29.170 29.034 28.913 28.910 28.915 29.072 29.076 28.624 28.783 28.440 28.526 28.400 28.402 28.771 28.379 28.579 28.462 28.594 28.847 29.099 29.148 29.093 29.130 29.310 29.275 29.283 29.449 29.480 29.543 29.635 29.630 29.801 29.698 29.729 29.867
9.202 7.531 5.760 3.887 2.291 0.964 0.005 1.181 2.895 4.655 6.573 9.442 12.138 14.483 16.954 19.992 21.075 21.883 23.330 23.994 24.749 24.362 25.729 25.884 25.833 26.550 27.132 26.986 27.347 27.899 28.011 27.957 28.244 28.479 28.344 28.534 28.802 28.917 29.245 29.134 28.919 29.178 29.140 28.935 29.010 29.079 29.154 29.155 29.063 29.003 29.044 28.755 28.764 28.830 28.829 28.731 28.724 28.433 28.544 28.522 28.406 28.467 28.415 28.545 28.499 28.692 28.455 28.609 28.865 29.014 28.959 28.982 29.080 29.050 29.175 29.235 29.175 29.299 29.562 29.584 29.660 29.699 29.704 29.677 29.920
12.248 9.887 8.969 6.138 4.700 2.923 1.170 0.000 1.580 3.651 5.551 7.491 10.393 12.447 15.351 18.120 20.096 20.521 22.421 23.267 24.357 24.178 25.578 25.667 25.374 26.388 26.964 26.621 27.014 27.809 27.871 27.925 28.138 28.441 28.159 28.389 28.677 28.861 29.108 28.937 28.850 28.902 29.067 28.829 29.080 28.952 29.019 28.999 28.997 28.905 28.753 28.743 28.609 28.729 28.632 28.729 28.589 28.316 28.606 28.160 28.429 28.171 28.449 28.540 28.381 28.546 28.569 28.541 28.786 29.057 29.045 29.068 29.021 29.257 29.063 29.157 29.409 29.347 29.384 29.566 29.498 29.634 29.605 29.618 29.871
14.846 12.318 10.312 8.792 6.112 5.130 3.232 1.411 0.001 1.483 3.633 5.786 7.859 10.698 12.919 15.764 18.205 18.948 20.793 21.668 23.133 22.824 24.272 24.615 24.751 25.735 26.203 25.949 26.405 27.324 27.352 27.399 27.700 27.949 28.075 28.128 28.696 28.592 29.055 28.976 28.775 28.923 29.104 28.792 28.874 28.959 29.044 29.024 29.056 28.890 28.826 28.720 28.672 28.616 28.630 28.724 28.507 28.328 28.262 28.139 28.044 27.944 28.085 28.177 27.927 28.320 28.404 28.385 28.585 28.797 28.922 28.778 28.932 29.082 28.969 29.120 29.313 29.256 29.375 29.482 29.486 29.688 29.517 29.631 29.863
18.469 16.337 14.378 11.806 9.586 6.973 5.202 3.494 1.399 0.001 1.684 4.032 5.958 8.307 10.935 13.340 16.070 17.434 19.549 20.168 21.866 21.896 23.435 23.955 23.660 24.912 25.694 25.384 25.717 26.861 27.094 27.051 27.423 27.599 27.583 27.842 28.121 28.408 28.703 28.556 28.465 28.615 28.748 28.521 28.618 28.675 28.838 28.752 28.823 28.752 28.661 28.554 28.500 28.407 28.421 28.545 28.408 28.123 28.271 28.023 28.350 27.950 28.398 28.386 28.304 28.424 28.409 28.563 28.740 28.855 28.856 28.964 28.957 28.977 28.943 29.154 29.175 29.191 29.309 29.415 29.424 29.564 29.517 29.603 29.790
21.218 19.284 17.101 14.757 12.029 9.946 7.127 5.298 3.743 1.464 0.001 1.613 4.137 6.197 8.287 11.199 13.105 14.299 16.326 17.464 19.539 19.698 21.615 22.541 22.473 24.058 24.916 24.554 25.207 26.338 26.533 26.501 27.066 26.972 27.263 27.597 28.162 28.439 28.850 28.710 28.487 28.659 28.772 28.335 28.566 28.701 28.680 28.751 28.640 28.589 28.587 28.465 28.447 28.434 28.476 28.484 28.276 28.235 28.037 28.162 28.198 28.210 28.466 28.568 28.692 28.667 28.538 28.830 28.860 28.855 28.905 28.797 28.865 28.964 29.205 29.046 29.100 29.117 29.270 29.438 29.453 29.552 29.464 29.492 29.777
23.274 21.259 19.113 16.999 14.389 11.895 9.746 7.213 5.186 3.682 1.382 0.001 1.726 4.078 5.960 8.262 10.240 12.305 14.116 15.226 17.563 18.257 20.380 21.625 21.099 23.146 23.493 23.582 24.742 25.636 26.035 26.036 26.632 26.752 27.145 27.496 28.011 28.393 28.658 28.411 28.343 28.468 28.545 28.123 28.359 28.473 28.463 28.413 28.495 28.417 28.308 28.104 28.195 28.166 28.032 28.066 27.960 27.901 27.706 27.672 27.737 27.721 28.013 28.132 28.228 28.333 28.260 28.576 28.626 28.643 28.695 28.808 28.722 28.828 28.836 29.106 29.069 29.089 29.357 29.365 29.419 29.564 29.357 29.509 29.760
25.597 24.050 22.385 20.376 17.706 14.922 12.267 10.085 7.423 5.448 4.052 1.496 0.001 1.642 3.642 5.794 7.604 9.133 11.580 12.834 15.768 16.813 19.280 21.020 20.858 23.332 23.748 23.475 24.764 25.926 26.142 26.195 26.644 26.819 27.262 27.534 28.179 28.427 28.878 28.677 28.563 28.747 28.810 28.439 28.527 28.808 28.792 28.763 28.747 28.764 28.590 28.338 28.400 28.366 28.313 28.237 28.178 28.034 27.889 27.804 27.963 27.585 28.228 28.086 28.241 28.523 28.478 28.435 28.614 28.587 28.598 28.813 28.702 28.910 28.901 28.990 29.147 29.149 29.240 29.464 29.476 29.581 29.413 29.532 29.801
26.679 25.770 24.239 22.720 20.002 17.471 14.572 11.951 9.580 7.481 5.384 3.687 1.418 0.001 1.539 3.526 5.204 6.865 9.529 10.742 14.335 15.256 18.143 20.340 20.543 22.569 23.033 22.936 24.397 25.512 25.888 25.814 26.506 26.622 27.080 27.415 28.001 28.402 28.763 28.520 28.291 28.594 28.719 28.173 28.538 28.638 28.636 28.599 28.669 28.714 28.560 28.289 28.336 28.425 28.257 28.196 28.041 27.960 27.926 27.715 27.868 27.653 28.037 28.022 28.188 28.323 28.260 28.457 28.598 28.628 28.626 28.712 28.640 28.803 28.835 28.988 29.123 29.030 29.223 29.419 29.387 29.533 29.298 29.397 29.772
27.667 26.589 25.738 23.900 21.982 19.324 16.653 14.168 11.616 8.997 7.004 5.133 3.320 1.295 0.001 1.106 3.067 5.409 8.115 9.299 13.269 14.278 17.278 19.555 19.670 22.023 22.619 22.262 23.931 25.078 25.560 25.721 26.242 26.742 27.171 27.558 28.031 28.369 28.719 28.507 28.470 28.519 28.636 28.458 28.655 28.732 28.529 28.525 28.695 28.692 28.609 28.371 28.383 28.325 28.264 28.048 28.056 27.897 27.826 27.653 27.887 27.481 27.848 27.787 28.216 28.444 28.205 28.415 28.603 28.584 28.651 28.749 28.684 28.900 28.931 29.012 29.076 29.148 29.259 29.398 29.365 29.450 29.365 29.398 29.743
27.511 26.810 25.576 24.255 22.503 20.302 17.502 15.303 12.820 10.772 8.596 6.373 4.553 2.720 1.001 0.000 1.425 4.298 7.010 7.799 12.725 13.348 16.343 18.507 19.220 21.458 21.497 22.031 23.859 24.968 25.387 25.737 26.511 26.853 26.999 27.488 28.015 28.097 28.791 28.519 28.327 28.547 28.549 28.386 28.353 28.497 28.581 28.507 28.471 28.613 28.628 28.417 28.256 28.408 28.342 28.139 28.177 27.909 27.948 27.885 27.914 27.788 28.085 28.016 28.095 28.420 28.244 28.410 28.547 28.566 28.582 28.658 28.621 28.825 28.723 28.950 28.898 29.012 29.103 29.261 29.308 29.394 29.236 29.366 29.673
28.252 27.499 26.556 25.543 24.001 22.709 20.381 18.853 16.721 14.980 12.176 10.275 7.804 5.243 3.646 1.172 0.000 1.458 3.610 6.260 9.271 10.996 13.607 16.435 18.255 20.405 20.686 20.412 23.020 24.472 25.077 25.349 26.065 26.618 26.953 27.331 27.873 28.203 28.486 28.339 28.246 28.298 28.486 28.233 28.491 28.358 28.607 28.424 28.622 28.511 28.495 28.312 28.213 28.261 28.177 28.065 27.970 27.778 27.865 27.700 27.769 27.693 27.868 27.915 28.110 28.299 28.133 28.423 28.487 28.421 28.527 28.759 28.512 28.748 28.814 28.894 29.010 29.050 29.150 29.202 29.227 29.392 29.337 29.391 29.761
28.698 28.200 27.595 26.764 25.841 24.776 23.134 22.091 20.402 18.182 15.748 13.929 11.377 8.280 5.828 3.574 1.211 0.003 1.856 4.588 7.247 9.722 12.467 15.069 16.863 18.945 18.936 19.179 21.662 22.928 23.879 24.353 25.013 25.806 25.981 26.480 27.065 27.573 28.138 27.736 27.627 28.198 28.181 27.956 28.074 28.232 28.131 28.182 28.308 28.586 28.409 28.182 28.075 28.238 28.119 28.030 28.020 27.661 27.722 27.620 27.839 27.614 27.985 27.864 27.986 28.265 28.261 28.208 28.647 28.585 28.576 28.711 28.735 28.774 28.876 29.101 28.908 28.947 29.264 29.364 29.313 29.433 29.233 29.345 29.738
29.171 28.691 28.226 27.435 26.871 25.963 24.415 23.225 21.785 19.598 17.782 15.877 13.473 10.515 7.170 5.962 4.170 1.505 0.001 1.613 4.017 7.120 8.590 11.751 13.513 15.576 15.389 16.047 18.335 19.831 20.705 21.662 22.641 23.814 24.294 25.137 26.182 26.949 27.505 27.129 27.061 27.695 27.969 27.305 27.671 28.130 28.212 28.110 28.371 28.437 28.422 28.019 27.986 28.305 28.311 28.048 28.199 27.691 27.758 27.619 27.891 27.704 28.068 27.944 28.164 28.263 28.193 28.292 28.727 28.689 28.688 28.815 28.862 28.880 28.898 29.161 29.037 29.155 29.325 29.419 29.411 29.535 29.348 29.550 29.822
29.156 28.828 28.281 27.855 27.166 26.673 25.494 24.483 23.207 21.821 20.243 18.312 16.363 13.447 9.915 8.971 6.095 3.205 1.274 0.001 1.464 3.838 5.751 7.886 10.293 13.002 12.963 14.312 17.519 18.695 19.569 20.837 22.030 23.158 24.042 24.785 26.028 26.675 27.367 27.026 27.028 27.735 27.624 27.283 27.610 28.034 27.932 28.067 28.310 28.338 28.265 27.879 27.956 28.142 28.123 27.845 27.933 27.676 27.588 27.572 27.571 27.625 27.641 27.831 28.132 28.236 28.022 28.260 28.552 28.500 28.369 28.601 28.627 28.617 28.768 28.830 28.919 29.000 29.139 29.149 29.284 29.405 29.288 29.431 29.707
29.242 28.907 28.762 28.071 27.628 27.038 25.990 25.258 24.264 22.943 21.602 19.447 17.574 15.423 11.426 10.532 6.638 5.392 3.073 1.321 0.007 1.723 4.525 7.011 9.359 11.683 12.152 13.841 16.787 18.533 19.954 21.286 22.599 23.741 24.153 25.310 25.902 26.732 27.324 26.916 26.840 27.718 27.656 27.334 27.439 27.931 27.861 27.935 28.117 28.295 28.263 27.930 27.930 28.171 28.189 27.838 28.045 27.594 27.690 27.448 27.794 27.499 27.993 27.833 27.969 28.089 28.044 28.293 28.621 28.487 28.481 28.657 28.732 28.854 28.928 29.178 28.966 29.080 29.399 29.379 29.437 29.525 29.288 29.489 29.862
29.508 29.168 29.100 28.721 28.199 27.883 26.932 26.246 25.459 24.477 23.274 21.252 19.156 17.684 13.925 13.336 10.217 8.466 5.729 4.037 1.545 0.003 1.875 4.274 7.387 9.345 9.704 11.642 14.499 16.241 18.107 20.011 21.521 23.392 24.346 25.302 26.409 27.027 27.877 27.568 27.393 27.992 28.195 27.520 28.003 28.402 28.399 28.507 28.652 28.637 28.678 28.281 28.272 28.542 28.586 28.152 28.318 28.100 27.835 27.916 27.849 27.748 28.068 28.084 28.248 28.438 28.521 28.484 28.751 28.753 28.730 28.897 28.923 28.954 29.051 29.132 29.221 29.260 29.412 29.450 29.543 29.586 29.510 29.636 29.899
29.409 28.936 28.839 28.437 27.945 27.410 26.753 26.083 25.557 24.496 23.449 21.730 19.466 18.227 14.650 14.509 12.172 10.181 8.654 6.359 4.188 1.684 0.001 1.941 4.276 5.917 7.781 10.083 12.374 14.129 16.672 18.415 19.985 22.041 22.993 24.064 25.300 26.218 26.869 26.448 26.584 27.385 27.548 26.869 27.350 28.019 27.899 28.045 28.221 28.395 28.377 27.907 27.769 28.049 28.048 27.678 27.867 27.435 27.254 27.204 27.277 27.172 27.507 27.409 27.395 27.886 27.652 27.860 28.133 28.158 28.173 28.334 28.470 28.387 28.591 28.955 28.684 28.840 29.224 29.209 29.273 29.344 29.048 29.426 29.660
29.471 29.125 28.886 28.604 28.196 27.558 27.149 26.449 26.072 25.352 24.332 23.174 21.459 20.362 17.810 17.784 15.303 13.971 11.573 8.819 5.808 3.977 1.530 0.002 1.271 3.146 5.270 6.978 8.420 10.360 12.763 14.139 15.528 17.304 18.625 20.152 21.728 23.430 24.622 24.140 23.986 25.455 25.786 24.707 25.719 26.743 26.695 26.893 27.263 27.367 27.542 27.110 26.948 27.350 27.461 27.150 27.220 26.831 26.694 26.654 26.850 26.679 26.975 27.017 27.312 27.860 27.802 27.703 27.913 27.882 27.973 28.060 28.086 28.073 28.293 28.604 28.406 28.442 28.812 28.857 28.925 29.031 28.847 29.062 29.527
29.199 28.848 28.334 28.293 27.548 27.416 26.622 26.125 25.512 25.016 24.099 22.579 21.026 20.004 18.024 17.690 15.637 14.445 12.723 9.864 7.058 5.258 2.894 1.031 0.003 1.426 3.655 5.726 7.003 8.343 10.827 12.113 13.809 15.598 17.556 19.317 20.968 22.936 24.049 23.533 23.612 25.138 25.344 24.409 25.324 26.339 26.285 26.523 27.057 27.067 27.369 26.714 26.517 27.069 27.341 26.965 26.898 26.715 26.483 26.594 26.835 26.632 27.266 27.233 27.496 27.776 27.638 27.614 27.865 27.831 27.627 28.043 27.980 27.819 28.043 28.277 28.084 28.287 28.570 28.719 28.923 28.816 28.459 28.961 29.381
29.309 28.982 28.826 28.493 28.000 27.330 26.752 26.148 25.511 24.742 23.920 22.545 21.085 20.344 18.324 18.248 16.759 16.165 14.936 12.038 9.946 6.953 5.879 3.533 0.963 0.001 1.351 3.890 6.167 7.094 8.581 10.777 12.730 14.328 16.956 18.536 20.759 22.642 23.727 22.928 23.355 24.891 25.127 24.303 25.310 26.402 26.435 26.701 27.186 27.202 27.522 26.847 26.838 27.263 27.267 26.830 26.924 26.544 26.389 26.477 26.667 26.474 27.186 27.234 27.333 27.713 27.762 27.883 27.685 27.841 27.836 28.109 28.026 28.176 28.151 28.328 28.426 28.487 28.658 28.788 28.967 28.962 28.813 29.177 29.514
29.486 29.037 28.961 28.546 28.107 27.765 27.293 26.716 26.216 25.491 24.837 23.770 22.395 21.730 19.824 19.458 18.327 18.021 16.778 14.013 12.013 9.543 7.403 4.668 3.241 1.072 0.001 1.474 4.303 6.049 7.324 8.578 10.740 12.646 15.614 17.703 19.829 21.627 23.012 22.343 22.436 24.293 24.357 23.403 24.495 25.781 25.915 26.127 26.811 27.061 27.273 26.501 26.314 26.927 27.063 26.727 26.835 26.242 26.144 26.085 26.304 26.209 26.782 27.008 27.157 27.416 27.213 27.284 27.730 27.604 27.661 27.849 27.860 27.907 28.159 28.439 28.192 28.361 28.713 28.961 28.914 28.934 28.670 28.998 29.461
29.455 29.199 28.865 28.787 28.199 27.944 27.388 26.798 26.201 25.737 25.013 24.097 22.933 22.270 20.543 20.400 18.976 18.652 17.645 14.909 12.829 10.804 8.618 5.914 5.509 3.318 1.097 0.001 1.439 3.976 6.109 7.063 8.448 10.672 13.445 15.870 17.945 20.197 21.305 20.954 21.307 22.891 23.092 22.172 23.553 25.024 25.159 25.652 26.256 26.322 26.791 25.999 25.734 26.405 26.835 26.399 26.540 25.774 26.269 25.779 26.069 25.879 26.678 27.015 27.205 27.572 27.357 27.066 27.737 27.700 27.565 27.866 27.919 27.710 28.007 28.309 28.126 28.286 28.666 28.643 28.824 28.924 28.570 28.906 29.435
29.474 29.186 28.927 28.683 28.249 27.829 27.587 27.017 26.449 25.843 24.975 23.520 22.549 21.776 20.262 20.280 18.926 18.391 17.347 14.844 13.249 11.397 9.344 7.389 6.571 5.664 3.596 1.134 0.001 1.707 4.769 6.465 8.206 10.179 13.242 15.742 18.173 20.504 21.864 21.417 21.375 23.588 23.561 22.879 23.912 25.562 25.547 25.751 26.583 26.331 26.961 26.069 25.720 26.528 26.882 26.326 26.382 25.920 25.881 25.799 25.944 25.767 26.621 26.770 27.257 27.441 27.382 27.133 27.799 27.710 27.544 27.640 27.911 27.642 28.009 28.199 28.051 28.098 28.538 28.609 28.838 28.773 28.434 28.915 29.363
29.547 29.182 29.120 28.889 28.380 28.078 27.672 27.241 26.738 26.049 25.510 24.388 23.235 22.872 21.472 21.336 20.450 20.238 19.767 17.365 16.354 14.261 12.475 10.675 8.586 7.142 6.189 3.828 1.207 0.001 1.706 4.124 6.876 8.717 12.695 14.954 17.340 20.048 21.259 20.400 21.295 23.085 23.242 22.710 24.038 25.408 25.488 25.918 26.774 26.949 27.354 26.645 26.359 26.893 27.151 26.730 26.787 26.157 26.364 25.996 26.102 25.924 26.604 26.678 27.224 27.431 27.178 27.223 27.729 27.604 27.672 27.821 28.028 27.936 28.122 28.434 28.164 28.209 28.633 28.811 28.867 28.882 28.547 29.027 29.426
29.732 29.424 29.289 28.974 28.788 28.501 28.146 27.721 27.539 26.876 26.371 25.773 24.750 24.585 23.483 23.392 22.569 22.145 21.982 19.497 18.205 16.391 14.212 12.499 11.435 9.046 7.335 6.739 4.163 1.479 0.001 1.798 4.337 6.483 9.165 10.733 13.483 15.820 17.367 16.397 17.240 18.975 19.587 19.040 20.919 22.555 23.488 24.100 25.136 25.440 26.096 25.596 25.243 25.988 26.408 26.069 26.169 25.805 26.045 25.885 26.059 26.197 26.678 27.122 27.423 27.637 27.504 27.363 28.045 27.948 27.913 27.907 28.105 27.880 28.092 28.396 28.057 28.132 28.564 28.671 28.692 28.772 28.392 28.946 29.407
29.779 29.595 29.455 29.239 29.091 28.961 28.628 28.269 27.984 27.546 27.083 26.392 25.529 25.193 24.427 24.296 23.291 22.954 22.388 19.938 18.660 17.024 15.112 13.891 13.279 11.627 8.795 7.933 6.890 4.175 1.501 0.001 1.808 4.428 6.560 8.091 10.056 11.951 14.197 13.763 14.620 16.716 17.815 18.019 19.934 21.850 22.887 23.690 24.690 24.950 25.691 25.075 24.665 25.513 26.068 25.719 25.859 25.301 25.670 25.438 25.603 26.004 26.454 27.026 27.421 27.618 27.541 27.551 27.883 27.882 27.625 27.748 27.831 27.644 27.840 28.200 27.948 28.000 28.339 28.405 28.523 28.588 28.302 28.783 29.256
29.779 29.615 29.477 29.307 28.953 28.786 28.640 28.245 28.031 27.615 27.079 26.386 25.637 25.258 24.479 24.525 23.892 23.524 23.285 21.314 20.337 19.111 17.358 16.297 14.899 13.568 11.223 9.010 7.818 6.117 3.806 1.518 0.002 1.842 4.495 6.250 7.652 10.337 11.145 11.554 12.415 14.860 15.866 16.222 18.588 20.426 21.394 22.214 23.682 23.842 24.697 24.184 24.032 25.039 25.502 25.269 25.492 25.152 25.340 25.123 25.311 25.842 26.270 26.911 27.480 27.590 27.538 27.689 27.955 27.858 27.655 27.724 27.820 27.763 27.955 28.163 27.889 27.830 28.235 28.376 28.492 28.468 28.120 28.703 29.160
29.787 29.399 29.262 29.126 28.888 28.619 28.482 28.128 27.996 27.623 27.156 26.712 26.001 25.887 25.389 25.223 24.699 24.507 24.566 22.690 21.754 20.682 19.097 17.801 16.597 14.749 12.886 10.859 8.700 7.323 5.790 4.120 1.643 0.002 1.776 4.132 5.743 7.491 9.160 9.624 10.573 12.591 14.124 14.776 16.959 18.860 20.359 21.166 22.743 22.696 23.625 23.321 22.801 23.813 24.765 24.651 24.941 24.195 24.704 24.404 24.944 24.937 26.112 26.613 27.286 27.414 26.977 27.073 27.459 27.292 27.331 27.334 27.394 27.237 27.511 27.917 27.446 27.478 27.985 28.084 28.186 28.104 27.791 28.395 28.955
29.622 29.464 29.118 29.064 28.650 28.377 28.356 27.975 27.773 27.406 26.728 26.164 25.471 25.194 24.681 24.612 24.287 24.059 24.258 22.288 21.570 20.362 19.469 18.451 17.291 15.752 13.820 12.095 10.360 8.650 6.761 5.426 3.901 1.409 0.001 1.659 3.787 6.062 7.146 8.005 9.076 11.127 12.409 13.528 15.624 17.385 19.034 20.019 21.870 21.668 22.884 22.710 22.776 23.619 24.452 24.160 24.552 24.361 24.360 24.485 24.394 25.242 25.662 26.452 27.044 27.240 26.896 27.215 27.462 27.400 27.084 27.384 27.376 27.367 27.405 27.510 27.477 27.562 27.679 27.984 27.950 28.000 27.782 28.130 28.824
29.622 29.455 29.022 28.966 28.653 28.371 28.196 27.928 27.508 27.299 26.790 26.110 25.628 25.281 25.024 24.863 24.365 24.329 24.298 22.168 21.571 20.444 19.562 18.583 17.343 15.699 14.124 12.627 10.838 9.866 8.203 6.288 5.083 3.521 1.253 0.001 1.461 3.362 4.865 6.672 7.792 9.590 11.259 12.493 14.320 16.211 18.224 19.156 20.671 20.512 21.840 21.627 21.513 22.396 23.393 23.345 23.811 23.256 23.951 23.650 24.236 24.667 25.516 26.153 26.904 27.021 26.588 26.723 27.288 27.083 26.923 27.004 27.161 26.903 27.295 27.558 27.174 27.299 27.743 27.784 27.892 27.937 27.545 28.059 28.652
29.788 29.473 29.260 29.121 28.695 28.567 28.473 28.147 27.882 27.549 27.220 26.773 26.317 26.046 25.648 25.126 25.152 24.822 25.009 23.336 23.084 22.231 21.483 20.774 19.329 18.408 16.550 15.024 13.378 12.143 10.461 8.502 7.125 5.290 3.596 1.236 0.001 1.476 3.357 5.569 6.006 7.503 9.198 11.167 12.340 13.961 15.823 17.238 18.817 18.715 20.263 20.242 20.193 21.022 22.333 22.541 22.864 22.703 23.603 23.424 24.103 24.572 25.532 26.005 26.952 27.091 26.633 26.556 27.079 26.925 26.653 26.766 26.743 27.028 26.934 27.312 27.196 27.082 27.331 27.806 27.744 27.625 27.492 27.921 28.656
29.745 29.603 29.354 29.268 28.974 28.649 28.600 28.280 27.904 27.826 27.314 26.814 26.447 26.332 26.196 25.660 25.684 25.706 25.782 24.223 24.115 22.909 22.464 21.697 20.098 19.082 17.716 16.351 14.636 13.553 12.367 10.650 8.745 6.968 5.199 3.432 1.174 0.001 1.285 2.997 5.083 6.265 7.811 10.184 11.223 12.263 14.610 16.078 18.081 18.455 19.828 19.591 19.776 21.116 22.418 22.331 22.911 22.443 23.553 23.059 24.182 24.121 25.258 25.626 26.276 26.590 26.315 26.061 26.756 26.592 26.550 26.624 26.884 26.640 27.029 27.349 27.002 27.017 27.486 27.532 27.714 27.382 27.415 27.907 28.437
29.810 29.706 29.457 29.476 29.148 28.843 28.884 28.557 28.238 28.141 27.914 27.546 27.194 26.935 26.703 26.401 26.214 26.337 26.435 25.257 25.090 24.096 23.702 22.859 21.506 20.486 19.860 18.792 17.113 16.411 15.491 14.504 11.748 10.582 7.486 5.895 3.483 0.954 0.001 1.203 3.977 5.658 6.024 7.652 10.020 11.582 12.666 14.487 15.895 16.929 18.651 18.336 18.719 20.134 21.314 21.461 22.181 21.843 23.240 22.674 23.836 24.009 25.216 25.722 26.594 26.904 26.372 26.198 27.036 26.801 26.612 26.751 26.731 26.794 26.869 27.206 27.038 26.825 27.262 27.556 27.634 27.429 27.637 28.194 28.553
29.758 29.505 29.359 29.253 29.016 28.872 28.642 28.477 28.216 27.991 27.712 27.445 27.148 26.858 26.730 26.644 26.552 26.429 26.616 25.736 25.577 24.852 24.672 24.161 23.014 22.194 22.056 21.106 19.932 19.693 18.965 16.949 14.876 13.121 10.770 7.652 5.105 3.158 0.985 0.001 1.312 4.041 5.377 6.053 7.307 9.266 10.900 12.157 13.645 15.066 16.439 16.577 16.968 18.630 20.178 20.480 21.323 21.060 22.918 22.819 23.977 24.628 25.569 26.101 27.052 27.395 26.784 26.443 27.364 26.958 26.822 26.941 26.901 26.770 27.081 27.388 26.826 26.926 27.414 27.506 27.561 27.657 27.566 27.761 28.445
29.780 29.657 29.483 29.378 29.130 28.936 28.791 28.561 28.323 28.310 27.721 27.508 27.126 26.990 27.204 26.830 26.583 26.865 26.885 25.842 25.873 24.977 25.136 24.637 23.283 22.860 22.268 21.142 20.232 19.470 18.461 16.875 15.415 13.333 11.466 8.638 6.512 5.053 3.264 0.847 0.000 1.412 3.416 5.223 5.646 6.979 9.193 10.745 12.535 14.265 15.801 15.908 16.668 18.976 20.196 20.558 21.523 21.387 22.917 22.590 24.026 24.561 25.549 25.947 26.876 27.153 26.604 26.565 27.108 26.908 26.699 26.981 26.967 26.601 27.086 27.459 26.927 26.961 27.615 27.573 27.840 27.810 27.572 28.123 28.561
29.866 29.754 29.543 29.568 29.188 29.059 28.965 28.716 28.463 28.470 28.107 28.010 27.773 27.620 27.532 27.072 27.217 27.031 27.215 26.311 26.394 25.733 25.554 25.248 23.959 23.515 22.823 21.727 20.853 20.030 18.946 17.558 16.034 13.964 12.149 9.128 7.207 6.096 5.178 3.317 0.806 0.001 1.289 3.612 5.343 5.595 7.581 10.223 12.046 13.973 16.095 15.827 17.188 19.011 20.325 20.235 21.695 21.727 22.934 23.037 24.043 24.771 25.568 26.061 26.866 27.190 26.713 26.655 27.220 26.926 27.064 27.081 26.977 27.076 27.072 27.436 27.231 27.328 27.372 27.711 27.748 27.529 27.894 28.232 28.609
29.935 29.820 29.695 29.501 29.291 29.090 28.989 28.799 28.606 28.401 28.050 27.823 27.651 27.267 27.048 27.008 27.125 26.779 27.002 26.084 26.150 25.685 25.508 24.933 23.983 23.551 23.220 22.425 21.175 20.936 20.076 18.930 16.831 15.303 13.460 10.912 9.028 6.927 5.848 5.135 3.133 0.855 0.000 1.319 3.300 5.084 6.501 8.424 10.784 12.929 14.882 15.178 16.226 18.242 19.575 19.906 21.073 21.155 22.629 22.847 23.924 24.865 25.455 26.354 27.243 27.580 26.709 26.762 27.537 27.228 27.077 27.034 26.911 26.782 27.234 27.449 26.955 26.943 27.552 27.662 27.754 27.797 27.578 28.002 28.520
29.753 29.661 29.377 29.259 29.069 28.928 28.765 28.628 28.351 28.365 28.031 27.834 27.546 27.488 27.471 27.406 27.301 27.234 27.400 26.703 26.650 26.021 26.002 25.564 24.410 23.987 23.553 22.454 21.829 21.524 20.787 19.404 17.699 15.860 14.384 11.221 9.728 8.324 6.450 5.172 4.790 3.188 0.790 0.001 1.163 3.239 5.445 7.158 8.697 10.768 13.146 13.747 15.235 17.920 19.416 19.798 20.844 21.299 22.494 22.933 23.962 24.873 25.465 26.119 27.166 27.420 26.815 26.823 27.587 27.199 26.965 27.129 27.027 26.840 27.207 27.619 26.812 27.036 27.610 27.631 27.951 27.880 27.476 27.994 28.525
29.895 29.809 29.715 29.608 29.390 29.192 29.099 28.892 28.747 28.721 28.377 28.253 27.887 27.805 27.729 27.594 27.499 27.633 27.832 26.983 27.141 26.510 26.415 26.186 24.735 24.734 24.245 22.846 22.160 22.125 21.111 19.615 18.097 15.944 14.778 11.662 10.812 9.454 8.843 5.984 6.003 5.150 3.248 0.978 0.000 1.547 4.091 6.661 8.367 10.320 12.376 13.615 15.050 17.743 19.132 19.752 21.065 21.670 22.707 23.140 24.049 24.990 25.596 26.414 27.227 27.646 26.835 26.991 27.524 27.253 27.243 27.284 27.203 27.172 27.374 27.604 27.265 27.339 27.626 27.697 27.929 27.834 27.739 28.197 28.803
29.857 29.773 29.568 29.591 29.421 29.190 29.143 29.040 28.797 28.825 28.698 28.473 28.358 28.209 28.209 27.990 28.031 27.959 28.263 27.524 27.618 27.232 27.158 26.860 25.799 25.521 25.569 24.396 23.438 23.718 22.856 21.176 19.383 17.513 16.101 13.895 12.479 10.880 10.289 8.680 7.098 5.885 5.264 3.725 0.971 0.001 1.489 4.389 6.921 9.771 11.840 12.642 14.044 17.119 18.866 19.192 20.438 21.159 22.412 22.984 24.183 24.927 25.864 26.487 27.258 27.690 27.279 27.077 27.691 27.503 27.314 27.265 27.184 27.224 27.206 27.417 27.013 26.999 27.216 27.671 27.822 27.700 27.688 28.206 28.748
29.990 29.892 29.813 29.607 29.535 29.314 29.216 29.095 28.968 28.847 28.740 28.510 28.367 28.148 28.136 28.089 28.326 28.001 28.160 27.705 27.708 27.547 27.396 27.240 26.377 26.367 26.115 25.177 24.500 24.705 24.007 22.898 21.363 19.531 17.889 16.374 14.597 12.833 12.113 10.597 9.687 7.007 6.267 6.305 3.535 1.088 0.001 1.542 4.226 7.693 9.198 10.425 12.392 15.597 17.340 18.233 19.790 20.592 22.183 22.814 24.251 25.283 25.985 26.735 27.589 27.940 27.468 27.424 28.059 27.812 27.696 27.645 27.440 27.348 27.598 27.700 27.002 27.012 27.660 27.483 27.827 28.030 27.527 27.923 28.700
29.965 29.900 29.773 29.699 29.591 29.489 29.385 29.363 29.186 29.220 29.060 28.942 28.737 28.609 28.787 28.658 28.541 28.632 28.861 28.285 28.620 28.272 28.457 28.531 27.580 27.652 27.426 26.386 25.630 26.129 25.347 23.882 23.146 21.153 19.550 17.712 17.180 16.017 14.749 12.862 11.875 9.925 7.761 7.655 6.213 3.787 1.277 0.001 1.759 4.566 6.713 8.727 10.845 13.028 15.332 17.456 18.670 20.288 22.623 23.498 24.942 25.780 26.381 27.000 27.749 28.224 27.466 27.623 28.191 27.960 27.859 27.753 27.698 27.518 27.686 27.829 27.296 27.219 27.652 27.518 27.735 28.148 27.718 28.111 28.723
30.008 29.978 29.880 29.720 29.589 29.428 29.350 29.228 29.144 29.157 28.918 28.769 28.595 28.436 28.581 28.502 28.357 28.477 28.645 28.124 28.532 28.237 28.315 28.398 27.736 27.738 27.560 26.472 26.249 26.601 25.829 24.767 24.363 22.600 21.921 20.031 20.368 19.114 18.588 16.485 14.630 13.420 11.153 9.096 7.666 6.941 3.782 1.404 0.005 1.523 4.580 7.117 8.482 10.017 12.387 14.544 16.089 17.607 19.450 20.844 22.712 23.905 24.954 25.881 27.150 27.646 27.141 27.129 27.699 27.476 27.321 27.209 27.063 26.949 26.934 27.222 26.725 26.786 27.067 27.077 27.407 27.488 27.196 27.775 28.411
29.942 29.850 29.671 29.682 29.491 29.288 29.413 29.286 29.083 29.140 28.994 28.847 28.697 28.717 28.829 28.543 28.614 28.741 28.979 28.469 28.739 28.544 28.674 28.701 27.928 28.110 28.124 27.275 26.813 27.542 26.953 26.004 25.533 24.313 23.453 21.806 22.273 20.705 20.657 18.487 16.683 15.370 13.536 11.975 9.216 7.833 6.083 3.981 1.118 0.004 1.854 5.157 6.662 6.975 9.167 12.094 13.393 15.330 17.279 19.631 21.951 23.474 24.703 25.787 26.980 27.589 26.904 26.654 27.695 27.411 27.115 27.290 27.134 26.710 27.150 27.284 26.685 26.659 27.215 27.147 27.575 27.571 27.173 27.737 28.452
30.019 29.935 29.845 29.804 29.596 29.366 29.418 29.186 29.084 29.064 28.848 28.842 28.669 28.635 28.676 28.617 28.853 28.549 28.781 28.508 28.645 28.490 28.662 28.572 27.831 28.057 27.989 27.211 26.820 27.356 26.990 26.182 25.631 24.338 23.608 22.553 22.780 21.133 21.036 19.502 17.911 16.194 14.933 13.788 11.081 9.356 8.471 6.693 4.547 1.138 0.000 1.663 4.401 5.853 6.418 8.805 10.690 12.653 14.809 17.189 19.032 21.569 22.753 24.385 25.657 26.429 25.911 25.977 26.784 26.668 26.402 26.554 26.489 26.134 26.639 26.944 26.385 26.608 26.820 27.113 27.401 27.363 27.132 27.845 28.305
29.944 29.795 29.674 29.530 29.422 29.182 29.263 29.062 28.896 28.987 28.839 28.669 28.463 28.438 28.701 28.636 28.662 28.649 28.678 28.458 28.561 28.240 28.439 28.561 27.748 28.003 28.070 27.127 26.990 27.561 27.216 26.137 26.120 25.159 24.445 23.264 23.490 22.405 22.442 20.988 19.458 18.572 17.564 15.787 13.349 12.600 11.204 8.584 6.101 4.449 1.051 0.001 1.893 4.753 5.938 7.282 9.331 11.256 14.268 16.657 18.872 20.896 22.941 24.209 25.453 26.165 25.570 25.757 26.520 26.177 25.904 26.096 26.092 25.928 26.342 26.700 26.046 26.293 26.640 26.922 27.333 27.342 27.045 27.614 28.268
29.942 29.846 29.716 29.647 29.502 29.326 29.343 29.285 29.068 29.123 28.927 28.822 28.691 28.552 28.737 28.659 28.563 28.804 28.896 28.480 28.735 28.430 28.589 28.678 27.923 28.111 28.197 27.285 26.983 27.753 27.401 26.241 26.209 25.187 24.839 23.662 24.177 22.853 22.870 21.341 19.731 18.869 18.047 16.094 13.747 13.177 11.870 9.380 7.431 6.457 4.672 1.049 0.001 1.705 4.929 7.009 8.552 10.651 13.661 16.486 18.685 20.959 22.795 24.139 25.333 25.907 25.258 25.268 26.253 25.986 25.732 26.101 26.120 25.875 26.072 26.665 26.048 26.316 26.728 26.854 27.374 27.222 26.900 27.603 28.310
29.927 29.851 29.716 29.670 29.480 29.291 29.334 29.175 29.004 29.037 28.864 28.774 28.647 28.601 28.714 28.610 28.779 28.857 29.069 28.649 28.904 28.557 28.797 28.825 28.087 28.139 28.386 27.595 27.096 28.030 27.711 26.687 26.140 25.449 24.701 23.721 24.064 22.356 22.547 20.863 19.201 18.018 17.349 15.776 13.639 12.812 11.872 9.748 7.926 6.640 6.108 4.463 1.087 0.000 1.595 5.282 6.574 9.645 12.275 15.616 18.015 20.481 22.182 23.659 25.189 25.944 25.248 25.136 26.087 25.764 25.692 25.949 25.929 26.018 26.169 26.657 26.084 26.644 26.683 27.057 27.512 27.194 26.968 27.804 28.498
30.007 29.909 29.758 29.658 29.372 29.262 29.301 29.019 28.961 28.972 28.906 28.814 28.616 28.604 28.594 28.641 28.692 28.720 28.927 28.563 28.784 28.466 28.733 28.572 28.135 28.102 28.189 27.682 27.059 27.778 27.467 26.601 26.192 25.310 24.611 23.895 24.166 22.694 23.127 21.785 19.989 19.405 19.064 18.251 15.844 15.352 14.738 12.971 11.475 8.485 7.432 6.905 4.370 1.121 0.000 1.761 4.888 7.141 8.518 12.019 13.306 16.038 17.710 19.257 20.847 22.268 22.053 22.407 23.815 23.706 23.968 24.684 24.760 24.761 25.383 25.918 25.300 25.777 26.456 26.601 27.074 26.855 26.813 27.477 28.138
29.957 29.818 29.708 29.540 29.342 29.206 29.329 29.053 28.929 29.025 28.922 28.728 28.560 28.556 28.473 28.784 28.838 28.837 29.076 28.804 28.982 28.657 28.643 28.683 28.179 28.239 28.477 27.837 27.420 28.071 27.883 27.315 26.956 26.531 25.786 24.947 25.928 24.672 25.301 24.448 22.451 22.385 22.306 20.762 18.952 18.661 18.127 16.116 14.245 12.262 9.354 8.479 7.297 4.630 1.260 0.000 1.772 4.910 6.326 8.308 10.512 12.348 14.655 16.575 17.960 19.688 19.588 19.946 21.042 21.458 21.863 22.804 23.065 23.164 24.109 25.056 24.340 25.063 25.789 26.142 26.764 26.735 26.468 26.867 28.002
29.922 29.764 29.692 29.496 29.238 29.149 29.248 28.912 28.803 28.862 28.824 28.737 28.678 28.612 28.652 28.676 28.835 28.890 29.035 28.865 28.856 28.608 28.689 28.467 28.152 28.208 28.275 27.842 27.390 27.868 27.592 26.991 26.563 25.833 25.346 24.959 25.451 24.626 25.212 24.352 23.048 23.199 23.166 21.619 20.222 20.519 19.875 18.144 16.478 14.934 12.666 10.008 8.960 7.125 4.150 1.740 0.001 1.931 4.853 6.115 8.112 9.971 11.452 13.697 15.324 17.291 17.338 18.394 19.936 20.692 21.430 22.600 22.970 23.452 24.111 25.259 24.587 25.553 25.981 26.574 26.824 26.645 26.400 26.985 27.998
29.953 29.817 29.703 29.556 29.244 29.189 29.320 29.050 28.792 29.043 28.940 28.763 28.571 28.433 28.718 28.721 28.688 28.969 29.171 28.705 28.890 28.620 28.721 28.704 28.043 28.000 28.436 27.627 27.330 28.141 27.986 26.978 26.454 26.386 25.734 24.880 25.900 24.754 25.657 24.678 23.154 23.775 23.727 22.286 20.765 21.534 20.854 19.143 18.155 16.320 14.206 12.011 9.502 7.482 6.048 4.497 1.530 0.000 1.678 4.330 5.618 7.510 9.461 11.576 13.187 15.507 15.799 17.325 18.990 20.097 20.930 22.231 22.573 22.956 23.877 24.799 24.296 25.000 25.861 26.217 26.739 26.664 26.239 27.096 28.262
29.971 29.822 29.783 29.565 29.298 29.155 29.377 28.966 28.878 28.892 28.856 28.804 28.571 28.707 28.472 28.741 28.832 28.647 28.879 28.554 28.572 28.301 28.405 28.298 27.884 27.750 27.821 27.383 27.094 27.537 27.430 26.602 26.095 25.864 25.194 24.741 25.075 24.660 25.226 24.331 22.933 23.246 23.684 21.937 20.647 21.099 21.132 19.396 18.507 16.832 14.562 13.037 10.417 8.513 7.429 5.843 4.032 1.314 0.001 1.738 4.148 5.739 7.127 9.473 11.049 12.993 13.454 15.372 17.835 19.289 20.054 21.537 21.961 22.462 23.502 24.382 24.001 24.929 25.625 26.042 26.630 26.187 26.060 26.607 27.606
29.992 29.861 29.670 29.535 29.326 29.167 29.362 29.014 28.826 28.953 28.779 28.659 28.506 28.450 28.500 28.596 28.575 28.827 28.914 28.525 28.702 28.306 28.511 28.312 27.971 27.774 27.994 27.421 27.235 27.567 27.609 26.721 26.308 26.161 25.398 24.776 25.769 24.976 25.763 24.984 23.529 24.021 24.169 22.294 21.383 22.108 21.831 20.031 19.326 17.363 15.522 13.678 11.533 10.199 8.651 6.980 5.481 3.990 1.461 0.000 1.675 4.426 5.802 7.440 9.780 11.981 12.617 14.556 17.218 18.929 19.833 21.480 22.043 22.575 23.507 24.514 24.100 24.947 25.776 26.258 26.978 26.649 26.315 27.232 28.183
30.040 29.898 29.749 29.621 29.319 29.222 29.345 29.010 28.847 28.902 28.906 28.592 28.446 28.373 28.452 28.533 28.696 28.656 28.798 28.560 28.601 28.387 28.468 28.296 27.895 27.806 27.828 27.460 27.181 27.460 27.289 26.659 25.862 26.055 25.017 24.872 25.497 24.915 25.696 24.830 23.256 23.816 24.233 22.509 21.562 22.208 22.060 20.261 19.621 17.893 16.113 14.288 12.150 11.170 10.555 8.425 6.961 5.219 3.796 1.475 0.000 1.680 4.135 5.684 7.375 9.802 11.147 13.276 15.956 18.215 19.112 20.812 21.463 22.109 23.356 24.333 24.259 24.884 25.892 26.170 26.919 26.544 26.316 27.117 28.017
29.973 29.886 29.695 29.489 29.276 29.098 29.264 28.888 28.695 28.817 28.833 28.663 28.508 28.544 28.357 28.604 28.640 28.668 28.878 28.455 28.572 28.262 28.484 28.062 27.803 27.713 27.791 27.391 27.261 27.444 27.380 26.823 26.420 25.967 25.441 25.031 25.979 25.198 26.136 25.346 23.678 24.623 24.884 23.210 22.582 23.277 23.339 21.474 20.982 19.129 17.801 15.742 13.781 12.724 11.998 10.476 8.346 6.701 5.118 3.709 1.298 0.001 1.721 4.506 6.007 8.435 9.831 12.062 14.950 16.988 18.399 20.275 21.479 22.279 23.713 24.796 24.270 25.235 26.323 26.742 27.339 26.784 26.413 27.434 28.279
30.033 29.918 29.742 29.642 29.342 29.290 29.351 29.001 28.810 28.833 28.895 28.481 28.361 28.186 28.373 28.285 28.435 28.517 28.849 28.482 28.472 28.314 28.507 28.106 27.576 27.790 27.804 27.280 27.125 27.402 27.465 26.465 26.178 26.212 25.271 25.052 25.887 25.163 26.210 25.428 23.749 24.600 24.864 23.273 22.893 23.433 23.511 21.818 21.475 19.748 19.026 16.828 15.046 14.512 13.827 11.996 10.776 8.411 6.695 5.399 3.861 1.532 0.001 1.725 4.424 6.824 8.481 10.870 13.607 16.048 17.335 18.783 19.921 21.088 22.734 23.834 24.039 24.777 26.069 26.461 27.119 26.540 26.374 27.441 28.195
29.996 29.912 29.791 29.629 29.422 29.324 29.289 29.150 28.809 28.883 28.910 28.514 28.473 28.310 28.203 28.471 28.453 28.637 28.913 28.383 28.673 28.323 28.470 28.172 28.002 28.033 27.877 27.355 27.446 27.640 27.477 26.650 26.416 26.284 25.809 25.740 26.497 25.733 26.806 25.971 24.672 25.673 25.851 24.165 24.077 24.852 24.943 23.662 23.554 22.284 22.050 19.689 18.374 18.114 17.210 14.894 13.866 11.938 9.102 7.596 5.524 4.044 1.470 0.000 2.014 5.195 7.668 9.622 11.485 14.196 16.401 18.693 19.864 21.397 23.051 24.161 24.463 25.368 26.526 26.827 27.352 26.870 26.746 27.746 28.447
29.961 29.850 29.735 29.598 29.324 29.109 29.366 28.998 28.924 28.827 28.987 28.672 28.663 28.452 28.325 28.453 28.517 28.577 28.762 28.514 28.553 28.356 28.533 28.209 27.856 28.024 27.693 27.328 27.203 27.654 27.465 26.823 26.571 26.822 26.309 26.494 27.103 26.576 27.356 26.894 25.802 26.714 27.114 25.663 25.783 26.786 26.691 25.753 25.945 25.022 25.071 23.217 22.018 21.854 21.474 19.919 18.351 15.588 13.004 10.906 8.345 6.542 4.343 1.568 0.001 1.731 5.205 7.586 8.990 11.804 14.154 16.541 17.714 19.313 21.110 22.373 23.094 24.316 25.330 25.771 26.398 25.885 26.146 27.211 27.879
30.024 29.883 29.811 29.695 29.329 29.008 29.379 28.963 28.864 28.863 28.907 28.659 28.604 28.394 28.145 28.501 28.527 28.619 28.831 28.553 28.596 28.383 28.389 28.044 27.852 27.987 27.713 27.497 27.321 27.511 27.414 26.990 26.917 26.922 26.711 26.986 27.458 27.052 27.879 27.486 26.489 27.288 27.774 26.647 26.636 27.487 27.617 26.843 27.126 26.506 26.504 25.274 24.619 24.576 24.573 23.101 21.949 19.550 17.770 15.180 12.245 9.628 7.181 4.570 1.469 0.000 1.802 4.865 6.580 8.451 10.000 12.538 14.508 16.501 17.890 19.326 20.336 21.649 22.589 23.154 24.459 24.121 24.460 25.967 26.924
30.023 29.904 29.807 29.713 29.414 29.248 29.389 29.055 28.872 28.928 28.855 28.485 28.382 28.200 28.306 28.217 28.333 28.503 28.835 28.378 28.435 28.345 28.442 28.138 27.619 27.756 27.862 27.476 27.153 27.810 27.968 27.113 27.016 27.547 26.878 27.198 27.720 27.413 28.115 27.800 26.772 27.561 28.026 27.019 27.012 27.695 27.677 26.979 27.432 26.738 26.896 25.853 25.051 25.310 25.462 24.549 23.782 22.027 19.993 17.731 15.487 12.664 9.794 7.232 4.123 1.360 0.001 1.892 4.737 6.661 8.038 9.663 11.736 14.084 15.429 16.891 18.515 20.677 21.145 21.895 23.045 22.699 23.215 24.955 26.213
29.990 29.919 29.847 29.662 29.447 29.245 29.328 29.022 28.836 28.929 28.827 28.402 28.402 28.162 28.356 28.276 28.276 28.591 28.908 28.376 28.632 28.135 28.486 28.130 27.647 27.800 28.050 27.267 27.468 28.036 28.077 27.351 27.246 27.752 27.394 27.507 28.173 27.841 28.605 28.287 27.450 28.227 28.535 27.591 27.474 28.365 28.505 27.832 28.280 27.725 27.855 26.910 26.093 26.509 26.704 25.932 25.215 23.770 21.548 18.887 16.275 13.450 10.485 8.287 6.614 4.236 1.488 0.000 2.008 5.241 6.953 8.611 10.249 13.319 14.755 15.973 18.066 20.099 21.247 21.689 22.583 22.252 22.513 24.289 25.408
29.974 29.832 29.807 29.686 29.552 29.157 29.337 29.149 28.795 28.794 28.884 28.442 28.390 28.254 28.150 28.168 28.347 28.535 28.851 28.312 28.535 28.400 28.473 28.111 27.665 27.973 27.996 27.487 27.530 27.928 27.980 27.421 27.303 27.628 27.305 27.598 28.007 27.767 28.361 28.095 27.536 27.998 28.380 27.623 27.817 28.198 28.365 27.972 28.149 27.558 27.547 26.853 26.129 26.149 26.318 25.706 24.979 23.469 21.439 18.833 16.379 13.843 11.762 8.911 7.510 6.496 4.435 1.462 0.000 1.888 5.235 6.870 8.444 10.449 12.197 13.503 15.074 17.093 18.096 18.969 20.286 20.609 21.059 22.992 24.461
30.012 29.893 29.880 29.710 29.551 29.277 29.399 29.197 28.886 28.931 28.912 28.552 28.602 28.437 28.471 28.412 28.495 28.690 28.878 28.565 28.641 28.572 28.676 28.439 27.908 27.987 28.209 27.850 27.753 28.280 28.376 27.729 27.651 27.984 27.518 27.804 28.223 27.919 28.519 28.334 27.659 28.267 28.567 27.801 27.973 28.343 28.599 28.167 28.368 27.867 28.025 27.316 26.804 26.941 27.026 26.401 25.785 24.328 22.690 20.319 18.793 15.850 14.385 12.362 9.494 7.923 6.602 4.512 1.425 0.000 1.855 5.233 7.054 8.184 9.458 11.503 13.224 15.347 16.183 17.615 19.116 19.815 20.616 22.442 23.907
30.041 29.964 29.912 29.790 29.592 29.488 29.512 29.352 29.096 29.151 29.018 28.691 28.647 28.543 28.779 28.771 28.564 28.917 29.030 28.455 28.869 28.532 28.763 28.581 28.137 28.308 28.495 27.912 27.945 28.506 28.535 27.906 27.755 28.103 27.612 27.773 28.148 28.046 28.553 28.339 27.786 28.296 28.602 27.856 27.922 28.423 28.518 28.058 28.340 27.985 28.047 27.555 26.944 27.053 27.174 26.669 25.951 24.816 23.900 21.037 19.869 17.159 15.908 14.397 12.424 9.866 8.031 6.743 4.485 1.290 0.001 1.823 5.380 6.678 7.160 8.183 10.479 12.522 13.432 14.719 16.576 17.031 17.841 19.773 21.265
30.006 29.908 29.854 29.712 29.585 29.333 29.418 29.225 28.990 29.071 29.028 28.718 28.704 28.560 28.763 28.699 28.715 28.942 29.135 28.756 28.895 28.625 28.851 28.683 28.235 28.283 28.582 28.040 28.138 28.504 28.591 27.997 27.832 28.252 27.970 28.041 28.436 28.056 28.713 28.399 27.806 28.198 28.552 28.020 27.947 28.363 28.635 28.181 28.378 27.964 27.957 27.458 26.774 26.858 27.081 26.337 25.420 24.396 22.994 20.621 19.454 17.217 16.552 15.194 13.773 12.103 9.229 8.186 6.764 4.429 1.235 0.001 1.855 5.172 5.932 6.444 8.284 10.866 11.674 13.231 15.098 15.914 16.923 18.995 20.933
30.058 29.948 29.888 29.765 29.654 29.427 29.492 29.381 29.075 29.108 29.135 28.817 28.862 28.693 28.867 28.743 28.709 29.019 29.119 28.740 28.933 28.798 28.884 28.777 28.370 28.425 28.637 28.105 27.892 28.538 28.570 27.989 27.816 28.169 27.632 27.905 28.080 27.952 28.350 28.158 27.589 27.893 28.281 27.597 27.659 28.032 28.210 27.839 27.983 27.532 27.442 26.988 26.288 26.248 26.221 25.473 24.871 23.933 22.415 20.942 19.720 18.105 18.161 17.201 15.961 14.558 11.902 9.805 8.099 6.614 4.777 1.185 0.001 1.990 5.118 6.266 6.439 8.260 10.307 12.114 14.467 15.438 16.902 19.432 21.170
30.028 29.970 29.884 29.815 29.625 29.447 29.510 29.285 29.056 29.143 28.958 28.786 28.658 28.499 28.797 28.672 28.482 28.897 28.953 28.591 28.776 28.526 28.634 28.558 28.047 28.242 28.372 27.697 27.794 28.243 28.291 27.611 27.614 27.761 27.561 27.384 28.022 27.823 28.212 27.931 27.436 27.872 28.074 27.438 27.412 27.903 28.002 27.584 27.876 27.486 27.526 26.939 26.033 26.150 26.278 25.306 24.724 23.226 22.437 20.376 19.988 18.374 18.936 18.171 17.013 15.374 13.081 11.483 9.131 7.220 6.248 4.605 1.036 0.000 1.601 3.847 5.319 5.931 7.642 9.847 12.243 13.035 14.720 17.386 19.295
29.950 29.891 29.797 29.725 29.563 29.443 29.401 29.358 29.064 29.065 29.014 28.715 28.671 28.503 28.737 28.727 28.509 28.937 29.111 28.624 28.908 28.614 28.810 28.783 28.280 28.326 28.605 28.021 27.958 28.576 28.630 27.898 27.733 28.003 27.654 27.761 28.030 27.882 28.249 27.979 27.571 27.844 28.130 27.510 27.673 27.948 28.119 27.620 27.800 27.486 27.278 26.760 26.203 26.196 26.259 25.421 24.562 23.559 22.433 20.786 19.900 18.680 19.196 18.837 17.871 16.528 14.168 13.138 11.457 9.219 7.310 6.530 3.936 0.898 0.000 1.561 4.057 5.807 5.841 8.002 10.131 11.298 12.924 15.677 17.854
30.073 29.994 29.924 29.865 29.719 29.561 29.562 29.454 29.194 29.251 29.102 28.868 28.796 28.705 28.936 28.688 28.704 28.957 29.155 28.685 28.906 28.742 28.891 28.830 28.283 28.140 28.673 28.101 27.919 28.462 28.492 27.794 27.594 28.067 27.639 27.728 27.867 27.596 27.940 27.874 27.171 27.385 27.686 27.132 27.157 27.430 27.595 27.149 27.281 26.967 26.708 26.376 25.651 25.774 26.093 25.370 24.231 23.377 22.877 21.137 20.706 19.418 20.087 20.003 19.596 18.603 16.519 15.908 14.348 12.072 9.586 7.836 6.225 4.176 1.001 0.000 1.409 4.105 5.469 7.427 9.012 10.671 12.300 14.820 16.945
30.061 30.002 29.976 29.875 29.789 29.641 29.533 29.478 29.347 29.306 29.235 29.011 28.966 28.856 28.990 28.856 28.695 28.934 29.070 28.748 28.900 28.735 28.922 28.796 28.334 28.281 28.545 28.094 27.991 28.436 28.485 27.833 27.945 28.074 27.716 27.653 27.968 27.757 28.089 27.792 27.321 27.775 27.961 27.407 27.402 27.651 27.818 27.498 27.569 27.246 27.139 26.709 25.983 25.990 26.013 25.312 24.444 23.399 22.968 21.668 21.432 20.334 21.127 21.025 20.558 19.443 17.605 16.511 14.877 13.195 12.148 8.973 7.020 5.980 4.037 0.895 0.000 1.366 3.682 6.105 8.391 10.492 12.085 14.794 17.037
30.026 30.003 29.901 29.840 29.723 29.567 29.492 29.459 29.215 29.262 29.129 28.930 28.864 28.741 28.875 28.700 28.672 28.892 29.085 28.793 28.885 28.715 28.872 28.823 28.230 28.299 28.597 28.017 27.943 28.462 28.460 27.857 27.738 27.863 27.659 27.461 27.931 27.641 27.983 27.759 27.020 27.538 27.889 27.267 27.164 27.636 27.789 27.314 27.545 27.234 27.172 26.520 25.729 26.164 26.037 25.108 24.577 23.345 22.867 21.669 21.264 20.481 21.362 21.377 21.231 20.378 18.597 17.662 16.578 14.830 13.045 11.130 7.556 6.291 5.853 3.412 0.931 0.001 1.566 4.559 6.797 8.888 10.934 13.128 15.429
30.082 30.020 29.955 29.909 29.818 29.693 29.653 29.581 29.473 29.471 29.435 29.301 29.284 29.046 29.239 28.930 28.950 29.171 29.333 29.057 29.133 29.054 29.194 29.143 28.622 28.714 28.982 28.501 28.281 28.812 28.700 28.265 28.219 28.020 27.859 27.832 28.151 27.756 28.168 27.951 27.419 27.696 27.878 27.260 27.448 27.744 27.844 27.446 27.470 27.068 27.089 26.337 25.959 25.854 25.920 25.171 24.378 23.327 23.268 21.675 21.720 20.972 22.183 22.471 22.677 22.424 21.052 19.600 18.748 17.105 15.529 13.785 11.601 8.274 7.387 6.384 4.566 1.269 0.000 1.883 4.502 6.849 7.832 9.513 11.632
30.092 30.049 30.006 29.958 29.864 29.713 29.674 29.604 29.617 29.530 29.566 29.349 29.357 29.215 29.453 29.242 29.167 29.375 29.434 29.263 29.386 29.326 29.417 29.405 28.999 29.041 29.229 28.976 28.829 29.187 29.177 28.821 28.659 28.690 28.440 28.256 28.362 28.241 28.516 28.301 27.963 28.236 28.241 27.938 28.004 28.172 28.349 28.089 28.187 27.966 27.773 27.324 26.885 26.935 26.945 26.329 25.668 24.996 25.038 23.830 24.312 23.861 25.154 25.238 25.426 25.214 23.825 22.735 21.935 20.249 18.053 15.761 13.936 11.710 9.060 8.046 7.271 4.418 1.666 0.004 1.406 4.561 6.737 7.227 9.229
30.114 30.082 30.046 30.011 29.947 29.807 29.758 29.721 29.542 29.633 29.579 29.459 29.513 29.338 29.399 29.208 29.218 29.351 29.551 29.348 29.382 29.397 29.442 29.419 28.940 29.203 29.310 29.002 28.875 29.249 29.212 28.814 28.793 28.671 28.355 28.158 28.363 28.200 28.405 28.193 27.790 28.073 28.117 27.714 27.900 28.139 28.301 28.001 28.048 27.775 27.450 26.953 26.766 26.850 26.863 26.034 25.618 25.202 25.363 24.063 25.043 24.596 25.645 25.986 26.116 25.669 24.493 23.265 22.737 21.225 19.518 17.607 15.842 13.103 11.253 9.188 7.741 5.668 3.510 1.109 0.001 1.506 4.441 6.262 7.599
29.995 29.965 30.007 29.967 29.832 29.738 29.746 29.658 29.560 29.578 29.521 29.443 29.344 29.225 29.303 29.158 29.109 29.370 29.499 29.284 29.382 29.240 29.365 29.255 29.006 28.951 29.190 28.978 28.679 29.036 29.054 28.734 28.469 28.391 27.907 27.996 28.310 27.839 28.221 28.196 27.520 27.671 28.048 27.811 27.475 27.847 28.222 27.948 28.031 27.368 27.016 27.071 26.481 26.462 27.027 26.743 25.772 24.918 25.689 24.166 25.234 24.349 25.685 25.835 25.704 25.478 24.373 23.222 22.718 21.184 19.756 17.977 16.408 15.151 12.754 10.137 9.664 7.879 5.395 3.962 1.223 0.001 1.789 4.512 6.307
30.094 30.087 30.024 30.010 29.865 29.775 29.690 29.667 29.572 29.587 29.510 29.410 29.249 29.159 29.332 28.994 29.034 29.246 29.408 29.167 29.307 29.143 29.322 29.283 28.801 28.897 29.262 28.879 28.664 29.164 29.067 28.576 28.195 28.633 28.041 27.649 28.269 27.864 28.278 28.107 27.400 27.760 28.135 27.808 27.596 27.833 28.341 28.206 28.342 27.390 27.464 27.516 26.681 26.760 27.515 27.023 25.779 25.375 25.908 24.269 25.274 24.743 25.734 25.634 25.274 24.906 23.968 22.741 22.098 20.740 19.431 17.527 16.158 14.684 12.899 10.691 10.139 9.335 6.948 6.328 3.704 1.175 0.001 1.663 4.281
30.042 30.010 29.897 29.925 29.744 29.612 29.563 29.473 29.420 29.406 29.360 29.231 29.108 29.023 29.076 28.904 28.943 29.064 29.337 28.991 29.124 29.002 29.106 29.094 28.686 28.718 28.928 28.510 28.407 28.792 28.729 28.295 28.088 27.909 27.624 27.484 27.824 27.259 27.680 27.693 26.673 27.224 27.466 26.978 27.087 27.244 27.719 27.386 27.442 26.841 26.645 26.511 25.848 26.061 26.668 25.918 25.109 24.536 24.931 23.810 24.428 24.240 25.138 25.269 25.138 25.038 23.491 22.418 21.699 20.315 18.798 16.953 15.707 14.295 12.591 10.395 9.919 8.974 7.576 6.276 5.733 3.635 1.144 0.001 1.546
30.017 30.085 30.000 29.952 29.852 29.758 29.730 29.729 29.546 29.613 29.493 29.334 29.210 29.112 29.225 28.981 29.009 29.200 29.427 29.097 29.261 29.151 29.290 29.185 28.640 28.821 29.110 28.650 28.457 28.814 28.727 28.324 28.166 28.096 27.636 27.554 27.677 27.425 27.703 27.866 26.987 27.381 27.665 27.212 27.221 27.487 27.748 27.528 27.325 26.751 26.677 26.826 26.101 26.124 26.507 26.308 25.371 25.076 25.358 24.573 25.204 25.011 26.129 26.158 26.120 26.133 25.134 24.047 23.726 22.745 21.367 19.730 18.266 16.864 15.336 13.315 12.174 11.402 10.390 7.712 7.489 7.008 3.927 1.314 0.003
