0.004 1.635 3.786 5.432 7.212 10.075 10.728 10.181 11.591 14.520 15.294 15.877 17.413 19.075 19.511 19.101 20.084 21.689 22.319 24.004 24.094 25.321 24.800 22.706 23.979 25.005 23.146 22.640 24.174 24.092 23.377 24.646 24.847 23.787 24.217 24.662 23.391 22.389 22.177 21.730 20.433 20.114 18.733 18.137 17.922 17.655 16.435 16.977 17.835 17.309 17.562 18.916 19.815 20.296 21.664 22.437 23.633 23.229 22.556 23.165 22.655 21.577 21.711 22.742 21.996 21.370 22.962 23.846 22.981 22.856 21.725 21.936 23.286 23.609 22.742 22.441 21.898 23.110
1.053 0.002 1.426 3.270 5.101 6.628 7.999 8.389 9.082 10.873 12.317 13.648 14.484 16.993 17.581 18.037 19.224 20.925 21.518 23.284 23.786 25.119 24.357 22.461 23.719 24.831 23.067 22.505 24.111 23.997 23.332 24.540 24.959 23.773 24.113 24.608 23.280 22.125 21.807 21.304 19.671 19.643 18.301 17.273 17.678 16.961 16.093 16.527 17.300 17.090 17.222 18.750 19.459 20.044 21.273 22.702 23.885 23.666 22.435 23.416 22.653 21.296 21.680 22.818 21.815 20.805 22.950 23.595 22.682 22.631 20.943 21.440 23.056 23.608 22.550 22.258 21.492 21.968
3.066 1.077 0.002 1.586 3.404 5.357 5.845 5.162 6.798 8.665 9.648 11.354 12.495 14.082 14.855 15.871 17.250 18.905 19.512 21.780 22.679 24.115 22.778 20.801 22.848 23.625 21.205 20.928 23.338 23.141 22.093 23.965 24.198 22.952 23.673 24.029 22.736 21.049 21.316 20.805 18.895 19.061 17.853 16.345 16.366 16.096 15.198 15.247 16.276 16.503 16.307 17.589 18.923 19.778 20.694 22.038 23.448 23.171 22.277 23.038 22.036 20.295 21.353 22.433 21.121 20.291 22.803 23.666 22.624 22.887 21.176 21.802 23.576 24.174 23.030 22.789 21.787 23.479
4.136 3.177 1.078 0.000 1.387 3.128 3.968 5.207 6.623 8.099 9.630 10.487 12.246 14.307 15.132 15.399 16.818 18.593 18.820 20.771 21.272 22.945 21.447 19.556 21.403 22.166 20.075 19.557 21.823 21.817 20.876 22.743 23.106 21.782 22.752 23.376 22.244 20.537 20.995 20.619 18.718 18.935 17.815 16.068 15.713 15.833 15.223 14.811 15.540 16.194 16.153 17.307 18.357 19.175 20.261 21.446 22.622 22.352 21.281 22.010 21.033 19.558 20.288 21.566 20.008 19.623 22.122 22.876 21.735 22.189 20.649 21.504 23.435 24.137 23.034 22.889 21.759 23.473
6.302 4.811 3.159 1.004 0.001 1.220 3.558 5.118 5.100 5.770 8.743 10.315 10.424 12.729 13.154 13.695 15.111 16.661 17.394 19.934 20.990 22.666 21.350 19.441 21.434 22.237 20.134 19.726 21.976 21.778 20.853 22.545 22.837 21.583 22.212 22.703 21.585 20.111 20.407 20.184 18.723 18.938 17.918 15.874 15.840 15.657 14.779 14.246 15.433 15.892 15.517 16.830 18.310 19.020 19.961 21.211 22.373 22.387 21.185 21.927 21.133 19.289 20.221 21.422 20.221 19.457 21.867 22.694 21.700 21.959 20.609 21.423 23.147 23.616 22.421 22.582 21.438 22.935
8.316 6.208 4.677 3.006 0.791 0.000 0.937 2.100 3.729 3.516 5.103 6.925 7.822 9.990 10.316 11.367 12.864 14.807 15.395 18.667 19.969 21.144 19.973 18.019 20.236 20.963 18.734 18.503 21.027 20.618 19.430 21.691 21.874 20.273 21.640 21.917 20.505 19.065 19.712 19.471 17.822 18.574 17.599 15.670 15.090 15.194 14.793 14.074 14.999 15.813 15.921 16.509 18.163 19.313 20.363 21.329 22.608 22.327 21.474 21.920 20.757 18.963 20.142 21.114 19.280 18.795 21.569 22.169 20.943 21.758 20.065 21.246 23.153 23.802 23.111 22.931 21.542 22.885
9.724 7.915 5.915 4.485 2.128 0.633 0.001 1.026 2.369 3.656 3.860 5.282 6.640 9.473 9.575 10.227 11.929 14.216 15.241 18.233 19.786 21.133 19.383 17.696 20.034 20.723 17.984 17.944 20.386 20.249 19.013 21.218 21.553 19.994 21.050 21.626 20.357 18.593 19.276 19.249 17.428 18.167 17.157 15.067 14.703 14.664 14.281 13.480 14.250 15.174 15.222 16.206 17.829 19.045 19.919 21.232 22.567 22.480 21.390 21.985 20.693 18.913 19.928 21.152 19.181 18.768 21.680 22.089 20.874 21.754 20.087 21.422 23.351 24.121 23.292 23.042 21.633 22.966
11.461 9.104 7.418 4.791 3.391 2.638 0.673 0.000 1.253 2.558 3.505 3.945 4.865 7.310 8.555 9.412 11.000 13.425 15.026 18.063 19.223 21.261 19.526 17.916 19.811 20.884 18.646 18.007 20.453 20.398 19.168 21.179 21.666 20.130 20.974 21.580 20.153 18.487 19.200 18.901 17.416 17.906 16.639 15.018 14.578 14.565 14.226 13.552 14.214 15.202 15.670 16.128 17.867 19.178 20.542 21.193 22.449 22.216 21.395 21.797 20.653 19.361 19.912 20.970 19.309 18.788 21.365 21.832 20.844 21.502 20.174 21.343 23.142 23.933 23.253 23.143 21.840 23.031
11.737 9.470 7.914 6.330 4.743 3.719 2.504 0.615 0.000 1.131 2.249 3.376 3.879 6.123 8.031 9.167 10.555 12.720 14.251 17.083 18.804 20.188 18.721 17.220 19.501 20.170 18.217 17.968 20.464 20.218 19.151 21.348 21.488 20.141 21.202 21.805 20.515 18.691 19.406 19.216 17.317 17.846 16.838 15.152 14.689 14.838 14.315 13.776 14.450 15.444 15.665 16.161 17.786 19.154 20.073 20.983 22.581 22.074 21.211 21.557 20.204 18.835 19.762 20.826 19.119 18.927 21.363 22.083 20.865 21.572 20.081 21.341 23.134 23.963 23.263 23.089 21.539 23.145
11.122 9.169 7.839 6.248 4.437 3.907 3.977 2.265 0.659 0.001 1.196 2.653 4.034 5.708 6.760 8.296 10.597 12.513 13.636 17.146 18.950 20.129 18.436 17.174 19.517 20.024 17.930 18.183 20.530 20.064 19.373 21.416 21.646 20.089 21.398 21.854 20.400 18.791 19.406 19.245 17.517 18.291 17.250 15.596 14.759 15.246 14.688 13.804 14.868 15.964 15.875 16.189 18.072 19.422 20.340 21.041 22.360 22.081 21.471 21.773 20.715 19.317 20.337 21.228 19.581 19.402 21.977 22.384 21.226 22.032 20.509 21.887 23.518 24.343 23.283 23.205 21.821 23.037
14.007 11.928 9.933 8.383 5.908 4.330 3.796 3.740 2.475 0.768 0.000 1.216 2.775 4.645 5.915 7.225 9.503 11.951 13.541 16.378 18.248 20.159 18.546 17.169 19.488 20.373 18.209 18.398 20.703 20.470 19.953 21.615 21.871 20.677 21.458 22.242 20.829 19.307 19.896 19.393 17.922 18.602 17.568 15.965 15.499 15.973 15.248 14.729 15.513 16.584 15.984 16.976 18.270 19.483 20.241 21.345 23.046 22.663 22.044 22.614 21.203 19.992 20.981 21.858 20.401 20.183 22.522 22.828 21.714 22.651 21.319 22.704 24.155 24.987 24.089 23.880 22.714 23.508
16.883 14.897 13.353 10.415 8.562 7.700 4.909 4.728 4.227 2.476 1.064 0.000 1.423 3.719 5.877 6.930 8.647 11.252 13.773 16.271 18.567 20.551 19.425 18.303 20.735 21.594 19.492 19.832 22.127 21.664 21.072 22.903 23.147 21.702 22.541 23.198 21.663 20.495 20.761 20.214 18.537 19.175 18.140 16.546 16.338 16.705 15.969 15.101 15.994 16.947 16.136 16.733 18.152 19.278 20.222 21.031 22.517 22.332 21.943 22.269 21.560 20.420 21.494 22.536 21.469 21.308 23.394 23.957 22.873 23.489 22.453 23.296 24.899 25.539 24.598 24.665 23.274 24.130
18.318 16.306 15.054 11.890 11.066 9.967 8.716 6.762 5.816 4.770 3.281 0.947 0.000 1.551 3.813 6.516 7.632 9.317 12.145 14.639 17.369 18.775 17.570 16.853 19.367 20.051 18.623 18.806 21.237 20.932 20.345 22.343 22.616 21.319 22.254 23.020 21.772 20.106 20.612 20.309 18.697 19.394 18.659 16.792 16.319 17.042 16.273 15.219 15.998 17.091 16.829 16.957 18.386 19.716 20.549 21.158 22.977 22.569 21.886 22.300 21.342 20.530 21.472 22.413 21.025 21.015 23.406 23.892 22.924 23.677 22.397 23.310 24.920 25.564 24.717 24.707 23.424 24.279
18.625 16.762 15.178 12.880 11.781 11.044 10.606 8.810 6.146 5.848 5.974 2.947 0.991 0.000 1.416 3.636 6.426 7.269 9.100 11.771 14.188 15.843 14.394 13.842 17.211 17.810 16.888 17.491 20.165 19.943 20.084 22.263 22.721 21.944 23.342 24.110 22.992 21.403 22.262 22.066 20.325 21.265 20.085 17.972 17.332 17.707 16.911 15.544 16.136 17.181 16.602 16.318 18.169 19.361 20.164 20.877 22.664 22.125 21.672 21.910 20.923 19.906 21.382 22.180 20.786 20.995 23.356 23.961 23.150 24.019 22.909 23.681 25.216 25.787 24.830 25.024 23.711 24.834
21.108 19.395 17.904 16.007 14.900 12.981 12.444 11.247 8.973 6.934 7.233 5.832 3.355 1.002 0.001 1.811 4.766 6.127 7.080 9.398 11.861 13.682 13.046 12.001 14.952 16.664 15.992 16.785 19.317 19.786 19.838 21.945 22.828 22.204 23.212 24.189 23.482 22.125 22.910 23.058 21.384 22.011 20.814 18.662 17.549 17.962 17.120 15.600 15.866 16.756 16.176 15.676 17.318 18.173 18.957 19.466 21.423 21.152 20.564 20.838 19.912 19.059 20.373 21.449 20.198 20.521 22.671 23.416 22.823 23.584 22.660 23.564 25.179 25.605 24.836 25.164 24.183 25.123
21.807 20.395 19.352 17.470 16.876 15.330 14.045 12.687 10.737 9.139 7.906 6.374 6.582 3.754 1.097 0.001 1.804 4.785 6.364 7.976 10.350 13.022 12.386 11.542 15.010 16.636 16.601 17.370 20.417 20.439 20.885 22.782 23.168 22.742 23.621 24.307 23.461 22.627 22.994 22.752 21.601 22.002 20.894 18.961 18.157 18.296 17.296 15.867 16.177 16.967 16.197 15.645 17.057 17.963 18.498 19.192 20.994 20.497 20.144 20.422 19.405 18.833 20.079 20.943 20.118 20.373 22.279 22.759 22.252 23.003 22.404 23.369 24.759 25.079 24.513 24.748 23.937 24.866
23.126 21.572 20.655 18.571 18.152 17.081 15.773 13.363 12.137 10.857 9.312 7.076 6.993 6.204 4.227 1.125 0.000 1.578 4.928 6.534 9.422 11.322 10.748 11.227 14.179 16.133 15.757 17.415 20.089 20.256 21.281 23.277 23.776 23.369 24.500 25.404 24.551 23.638 24.287 23.852 22.662 23.076 22.016 19.877 19.289 19.493 18.399 16.745 16.600 17.818 17.696 16.687 17.835 18.904 19.394 20.044 21.816 21.467 21.374 21.908 20.681 20.289 21.833 22.882 21.838 22.301 24.345 25.011 24.203 24.998 24.278 24.940 26.097 26.618 25.609 26.045 24.942 25.974
23.152 21.680 21.036 18.892 19.158 18.262 17.647 14.683 12.832 12.033 11.036 8.501 7.712 7.112 6.158 4.119 1.288 0.000 1.658 3.961 7.263 7.422 7.011 7.795 10.082 11.070 11.993 13.271 15.882 17.229 18.585 20.773 21.805 21.847 23.033 24.289 23.946 22.870 23.847 23.985 22.531 23.191 22.140 20.180 18.857 19.057 18.209 16.326 15.970 17.236 16.513 15.796 17.187 18.482 19.014 19.588 21.687 20.953 20.848 21.140 19.801 19.431 20.832 21.803 20.667 21.351 23.320 24.048 23.497 24.349 23.446 24.156 25.617 25.982 25.255 25.640 24.717 25.560
22.921 21.623 20.628 18.555 19.216 17.817 17.169 14.908 13.378 12.549 11.695 9.650 9.324 7.811 6.415 5.880 3.547 1.136 0.001 1.483 3.272 4.659 5.796 5.787 7.588 9.361 10.015 11.528 13.641 14.608 15.393 18.249 19.234 19.100 19.992 21.545 21.386 20.552 21.615 21.870 20.403 21.330 20.357 18.427 16.871 17.017 16.642 14.437 14.244 15.523 15.435 14.285 15.785 17.395 18.307 18.893 20.589 20.233 19.923 19.932 18.439 18.022 19.085 19.920 18.468 19.057 21.235 21.980 21.323 22.312 21.674 22.807 24.523 25.224 24.508 25.171 24.010 25.132
22.768 21.604 20.926 19.269 20.021 19.276 18.715 16.698 15.536 14.813 13.594 11.304 11.371 10.141 8.093 7.283 6.352 3.541 1.060 0.000 1.362 3.448 4.706 4.693 5.048 7.364 9.590 9.492 11.814 12.921 14.064 16.169 17.281 17.503 18.817 20.858 20.943 19.887 21.460 21.913 20.805 21.269 20.466 18.734 16.752 17.079 16.663 14.657 13.973 15.203 15.097 14.188 15.463 17.260 18.271 18.815 20.716 19.850 19.590 19.557 17.965 17.166 18.605 19.230 17.602 18.481 20.540 21.278 20.830 21.833 21.105 22.015 23.657 24.276 23.672 24.243 23.340 24.267
23.042 22.014 22.004 20.218 21.557 21.061 20.553 18.214 17.625 17.790 16.647 14.410 13.864 12.676 11.030 9.013 7.725 5.592 3.354 0.992 0.001 1.317 2.475 3.964 3.377 4.427 7.148 8.463 9.471 11.202 12.153 14.641 15.622 16.568 17.335 19.730 20.029 19.626 21.421 22.376 21.402 21.709 21.192 18.893 16.916 17.317 17.230 14.753 14.034 15.423 15.663 14.569 15.592 17.734 18.513 18.912 20.658 19.669 19.556 19.407 17.863 17.115 18.577 18.984 17.325 18.165 20.458 20.990 20.685 21.677 20.881 21.827 23.438 24.062 23.658 24.438 23.451 24.847
22.691 21.636 21.211 19.285 20.601 20.537 19.635 17.162 17.334 17.409 16.231 14.355 14.603 14.044 12.534 10.763 9.010 7.532 5.335 2.573 0.649 0.000 0.999 2.210 3.336 3.367 4.736 7.654 8.278 9.587 10.958 12.204 13.560 14.157 15.166 17.457 17.748 17.209 19.222 20.273 19.446 19.982 19.757 17.948 15.761 16.023 15.918 14.292 13.052 14.367 14.868 13.844 14.940 17.011 18.330 18.978 20.592 19.828 19.313 19.323 17.576 16.749 17.762 18.453 16.641 17.031 19.405 20.313 19.594 20.592 19.709 20.695 22.639 23.577 23.374 23.618 22.646 23.772
22.525 21.257 20.987 19.402 20.621 20.784 19.923 17.534 17.750 18.520 16.794 15.126 15.693 15.475 13.591 11.296 10.842 9.167 5.522 4.107 2.058 0.658 0.000 0.892 2.308 3.506 3.281 4.490 6.788 8.583 9.408 11.078 12.821 13.436 14.540 16.782 17.437 16.481 18.603 19.466 18.562 18.965 18.888 17.075 14.978 15.181 15.186 13.383 12.624 13.765 14.175 13.784 14.643 16.730 18.080 18.797 20.515 20.030 18.850 19.157 17.040 16.091 17.289 18.202 16.119 16.482 18.666 20.021 19.067 20.000 19.081 20.257 22.207 23.141 23.026 23.269 22.333 23.445
22.312 20.933 20.706 18.978 20.103 20.304 19.321 17.066 17.177 17.772 16.396 14.486 15.327 14.917 13.112 10.443 9.639 8.259 5.784 4.350 3.467 2.334 0.653 0.000 1.043 2.610 3.256 3.859 5.830 7.231 8.506 10.027 12.052 12.469 13.691 16.210 16.710 16.208 18.421 19.495 18.323 19.198 18.683 16.726 14.891 14.781 14.601 12.667 11.983 13.144 13.778 13.051 14.233 16.360 17.615 18.344 19.951 19.143 18.366 18.496 16.665 16.000 16.796 17.862 15.773 15.899 18.384 19.681 18.892 19.634 18.484 19.767 21.879 22.849 22.545 23.068 21.982 23.530
22.781 21.516 21.453 19.568 21.038 20.911 20.326 17.757 17.989 18.261 17.044 15.096 15.748 14.957 13.311 11.331 10.084 8.798 6.238 4.463 3.571 3.289 2.007 0.590 0.000 1.015 2.181 3.362 3.716 5.624 7.387 8.808 11.066 11.933 12.763 15.334 15.975 15.941 18.115 19.139 18.741 19.102 19.239 17.313 15.155 15.363 15.448 13.471 12.432 13.525 14.223 13.460 14.547 16.818 18.093 18.977 20.637 20.016 19.047 19.356 17.233 16.036 17.424 18.139 16.104 16.307 19.092 19.833 19.100 20.150 18.926 20.141 22.240 23.094 22.770 23.405 22.202 23.636
22.495 21.073 20.886 18.967 20.319 20.456 19.700 17.197 17.586 17.995 16.895 15.316 16.112 15.960 14.599 12.464 11.377 10.104 7.445 5.551 4.105 3.392 3.035 1.960 0.602 0.000 0.918 2.356 3.737 4.774 6.165 8.157 10.269 11.899 12.818 14.738 15.633 15.301 17.390 18.423 17.659 18.263 18.321 16.761 14.675 14.959 15.073 13.347 12.466 13.423 14.179 13.478 14.352 16.600 18.139 19.084 20.738 19.992 18.885 19.176 17.071 16.162 17.008 17.906 15.749 16.117 18.496 19.410 18.407 19.418 18.429 19.581 21.553 22.708 22.497 22.946 21.799 22.932
23.337 22.057 21.948 20.133 21.165 21.622 20.482 18.072 18.563 19.425 17.616 16.395 17.424 17.521 15.396 13.602 13.449 12.596 8.926 7.604 6.235 4.244 3.623 3.859 2.304 0.660 0.000 1.095 2.974 4.580 4.792 6.683 9.208 10.582 11.822 14.291 15.005 14.749 17.041 18.241 17.433 17.896 17.879 16.553 14.351 14.759 15.171 13.226 12.611 14.037 14.454 13.816 14.838 17.173 18.597 19.398 21.097 20.549 19.304 19.266 17.384 16.466 17.381 18.131 16.358 16.479 18.649 19.362 18.396 19.503 18.695 20.270 22.162 23.257 23.261 23.799 22.696 23.627
22.783 21.383 21.408 19.413 20.629 20.915 20.104 17.561 17.999 18.552 17.278 15.570 16.703 16.226 14.472 12.312 11.811 10.369 8.356 7.967 6.544 5.948 4.021 3.833 3.780 2.968 0.715 0.000 1.191 2.969 4.408 4.912 7.186 9.508 10.544 13.002 14.031 13.878 16.280 17.772 17.254 17.681 17.888 16.116 14.191 14.432 14.557 12.658 12.032 13.145 13.828 13.269 14.171 16.390 17.923 18.529 20.219 19.417 18.418 18.579 17.002 15.958 16.829 17.709 15.829 15.626 18.362 19.015 18.492 19.317 18.157 19.553 21.672 22.932 22.719 22.973 21.879 23.298
22.659 21.111 21.237 19.485 20.416 20.780 19.972 17.381 18.039 18.278 17.175 15.285 16.356 16.308 15.217 12.876 12.814 11.813 9.483 9.446 8.364 7.200 6.503 4.899 4.854 4.245 2.728 0.626 0.000 0.977 3.070 4.071 6.419 8.245 9.855 12.239 13.329 13.320 15.891 17.199 16.953 17.439 17.600 16.350 14.147 14.418 14.628 13.130 12.372 13.348 14.106 13.548 14.549 16.821 18.481 19.151 20.769 20.152 18.903 19.152 17.382 16.298 17.058 18.045 16.050 16.090 18.690 19.246 18.235 19.522 18.150 19.511 21.740 22.856 22.485 23.099 21.849 22.805
23.326 21.964 21.912 20.068 21.053 21.615 20.306 17.962 19.038 19.549 17.892 16.759 18.073 18.190 16.634 15.012 15.157 14.507 11.737 11.527 10.124 8.813 7.740 7.394 5.141 4.521 4.133 2.426 0.738 0.001 1.245 3.350 5.288 6.516 8.116 10.128 11.379 11.964 14.071 15.819 16.195 17.436 17.814 16.753 14.319 15.056 15.704 13.912 13.158 14.407 15.327 14.577 15.673 18.109 19.495 20.063 21.581 20.859 19.600 19.475 17.821 16.681 17.563 18.305 16.127 16.266 18.761 19.052 17.972 19.333 18.221 19.790 21.818 23.134 22.984 23.444 22.046 22.711
23.726 22.635 22.591 20.907 21.528 22.293 21.156 19.256 19.973 20.625 18.781 17.863 19.380 19.346 17.353 15.798 16.318 15.431 13.165 12.964 11.633 9.686 9.003 8.507 7.899 5.680 4.760 4.910 2.942 0.897 0.000 1.627 4.568 6.021 6.324 8.554 10.501 11.118 13.729 15.924 16.110 17.690 18.080 16.643 14.808 15.720 16.191 14.638 13.753 15.304 15.631 15.537 16.480 18.709 20.159 20.907 22.126 21.516 20.307 20.136 18.754 17.485 18.159 18.930 17.012 16.705 19.062 19.584 18.786 19.880 18.689 20.411 22.323 23.525 23.465 23.575 22.618 23.643
24.950 23.710 23.696 22.288 23.060 23.534 22.338 20.114 21.189 21.445 19.452 18.537 20.190 20.187 18.196 16.755 17.278 17.131 14.639 15.659 14.585 13.792 12.021 10.530 10.552 9.570 7.368 6.142 6.446 5.231 1.018 0.000 1.905 4.527 5.591 7.032 8.399 10.284 13.253 15.037 16.134 17.790 18.795 17.694 16.088 17.192 18.054 16.419 15.506 17.523 18.092 17.450 18.540 20.624 21.599 21.875 23.364 22.646 21.824 21.564 19.945 18.878 20.168 20.879 18.796 19.170 21.523 21.465 20.158 21.688 20.729 22.100 23.859 25.016 24.723 24.965 23.708 24.281
24.507 23.102 23.022 21.447 21.861 22.973 21.350 19.470 21.321 21.960 19.783 19.678 21.812 22.326 20.501 19.221 20.488 20.810 18.815 20.107 18.890 18.191 16.723 14.635 13.523 12.248 11.035 8.523 7.173 6.633 3.858 1.199 0.000 1.466 3.664 5.544 6.593 7.462 10.417 12.223 13.290 15.072 16.411 16.020 14.379 15.573 17.311 16.001 15.353 17.349 18.425 18.042 19.182 21.308 22.397 22.784 24.246 23.381 22.364 22.037 20.115 19.043 20.183 20.462 18.032 18.365 20.584 20.625 18.934 20.169 18.854 20.825 22.372 23.815 23.976 23.788 22.635 23.202
24.737 23.287 23.326 21.583 21.887 22.915 21.360 19.886 21.406 21.913 19.962 20.171 21.929 22.338 20.472 19.696 20.517 20.795 19.057 20.077 18.623 17.978 16.906 15.073 13.751 12.926 11.492 10.114 8.239 6.849 4.754 3.281 1.195 0.000 1.824 4.127 5.806 6.179 8.646 11.011 12.136 14.236 15.914 15.370 14.211 15.365 16.684 15.944 15.250 17.303 18.086 17.921 19.339 21.356 22.589 22.873 24.314 23.568 22.939 22.414 20.724 19.748 20.498 20.611 18.341 18.349 20.489 20.484 19.043 20.217 18.987 20.956 22.668 24.177 23.991 24.076 22.722 23.339
24.952 23.737 23.832 22.522 22.765 23.905 22.274 20.812 22.608 22.959 20.883 21.140 22.990 23.409 21.835 20.901 21.893 22.141 20.616 21.644 20.622 20.014 18.550 16.918 16.403 14.020 12.745 11.419 10.116 7.927 6.447 5.751 3.922 1.066 0.000 1.753 3.678 5.693 7.650 9.483 11.221 13.807 15.814 15.421 14.732 16.325 17.699 17.158 17.009 18.698 19.938 19.745 20.584 22.257 23.351 23.675 24.836 24.245 23.430 23.013 21.356 20.244 20.928 21.377 19.120 19.292 21.366 21.337 19.907 20.830 19.572 21.348 23.074 24.469 24.399 24.113 22.641 23.089
24.532 22.886 22.945 21.271 21.630 22.930 21.224 19.561 21.851 22.319 20.469 20.852 22.830 23.417 21.919 20.997 22.571 23.097 21.846 23.038 22.328 21.659 20.461 18.852 18.356 16.876 15.018 13.437 12.216 10.844 7.799 6.673 5.554 3.547 1.004 0.000 1.360 3.424 5.922 7.447 8.873 10.975 13.134 13.298 12.886 14.265 16.324 16.250 15.830 17.780 19.224 19.616 20.441 22.339 23.466 23.819 24.953 24.193 23.171 22.643 21.306 19.881 20.599 21.016 18.569 18.387 20.597 20.746 18.894 20.053 18.871 20.524 22.135 23.690 23.370 23.276 21.927 22.530
24.209 22.193 22.448 20.690 20.656 22.550 20.773 18.976 21.347 22.350 20.430 20.753 22.810 23.506 22.127 21.026 22.584 23.411 22.490 23.876 23.297 23.231 22.072 20.360 20.162 19.033 17.244 15.286 14.656 13.160 10.675 8.496 7.196 5.922 3.579 1.121 0.001 1.633 4.635 6.471 6.943 8.505 10.613 10.978 11.171 12.311 14.440 15.186 15.161 16.927 18.813 19.519 20.526 22.195 23.542 24.132 24.857 24.267 23.304 22.795 21.571 20.035 20.537 20.730 18.277 17.719 20.085 20.164 18.438 19.356 17.789 19.957 21.467 23.058 22.959 22.634 21.203 21.972
24.554 23.155 23.208 21.665 21.620 23.181 21.605 20.241 22.107 22.877 21.473 21.562 23.442 24.093 22.798 22.287 23.501 24.116 23.387 24.383 23.724 23.928 22.532 20.875 21.078 20.061 18.129 16.855 16.447 14.355 11.892 10.874 8.345 7.034 6.192 3.793 1.263 0.000 1.954 4.307 5.759 7.141 9.456 10.363 11.262 12.377 15.008 15.601 15.959 18.151 19.095 20.191 20.902 22.563 23.809 24.156 25.123 24.460 23.425 22.985 21.778 20.541 20.631 20.738 19.208 17.971 19.843 20.208 18.540 19.127 18.126 19.728 21.644 23.231 23.129 22.834 21.282 22.196
25.004 23.249 23.241 21.556 21.620 23.407 21.680 20.184 22.594 23.356 21.612 22.077 24.133 24.791 23.414 22.804 24.236 24.782 23.890 25.202 24.679 24.748 23.232 21.607 21.369 20.686 18.144 17.203 16.897 14.727 12.175 11.442 9.884 7.078 6.649 5.863 4.126 1.217 0.001 1.564 4.220 5.892 8.287 9.380 10.702 12.874 15.173 15.775 16.380 18.620 20.264 21.205 22.034 23.567 24.766 25.259 26.107 25.503 24.638 24.267 22.964 21.650 21.928 22.072 20.055 19.775 21.712 21.887 19.832 20.726 19.567 21.332 23.095 24.483 24.233 23.876 22.252 22.980
23.979 21.831 21.866 20.088 20.272 21.924 20.458 18.470 20.853 21.852 20.218 20.567 22.561 23.369 21.848 21.133 22.620 23.303 22.677 24.156 24.018 24.504 23.077 21.415 21.909 21.535 19.205 18.113 18.920 17.504 14.820 14.161 12.697 9.898 8.466 7.340 6.016 3.938 1.366 0.001 1.709 4.327 6.285 6.991 8.443 10.308 12.550 13.433 14.248 16.074 17.910 19.531 20.523 22.105 23.403 24.258 25.259 24.531 23.600 23.227 21.947 20.053 20.409 21.058 18.867 18.139 20.407 20.808 18.679 19.637 18.141 20.056 21.702 23.186 22.844 22.611 20.939 21.647
24.017 22.469 22.234 20.631 20.641 22.187 20.406 19.020 20.978 22.196 20.318 21.115 22.886 23.582 22.217 21.745 22.958 23.637 23.404 24.561 24.269 24.749 23.717 22.112 22.513 22.553 20.564 19.300 20.134 18.935 16.892 16.704 15.435 12.527 11.715 9.239 7.343 6.368 3.562 1.492 0.002 1.788 4.104 5.828 7.248 8.735 11.414 12.663 13.689 15.736 18.080 19.570 20.420 21.966 23.289 24.357 25.204 24.845 23.887 23.587 22.383 20.887 21.131 21.511 19.431 18.759 20.879 21.067 19.704 20.091 18.543 20.645 22.299 23.679 23.446 22.842 21.402 22.187
23.242 21.533 21.095 19.558 20.209 21.190 20.269 18.195 20.179 21.302 20.128 20.322 22.072 22.977 22.044 20.990 22.327 23.110 22.596 24.040 23.473 24.763 23.451 21.035 22.351 22.621 20.403 19.199 20.928 19.517 17.843 18.270 17.130 14.463 13.676 12.024 9.188 8.238 6.893 4.088 1.251 0.002 1.935 4.588 6.619 7.464 8.882 11.273 13.214 14.789 15.971 17.823 19.379 20.762 21.577 22.677 23.681 23.341 22.558 22.782 21.560 19.916 20.680 21.490 19.687 18.940 21.469 21.723 20.308 20.830 19.138 20.846 22.915 23.975 23.209 22.890 21.052 22.188
22.899 21.229 20.920 18.920 19.772 21.276 20.099 17.728 19.470 20.572 19.242 18.962 20.860 21.617 20.530 18.853 20.377 21.178 20.450 21.775 21.354 22.521 21.440 18.671 20.092 20.830 18.717 17.396 19.964 19.322 17.342 18.968 18.296 15.612 14.712 13.448 11.389 9.172 7.774 6.683 3.896 1.441 0.002 1.788 4.537 6.680 6.853 8.427 10.872 13.584 13.802 16.273 17.750 18.943 19.961 20.626 21.385 21.397 20.153 20.423 19.006 17.819 18.474 19.228 17.341 17.057 19.699 20.209 19.143 20.102 18.701 20.208 22.315 23.488 23.065 22.828 21.296 22.592
22.814 21.145 21.018 19.049 19.905 21.656 20.411 18.184 20.067 21.320 20.088 19.750 21.494 22.158 20.901 19.182 20.225 21.041 20.217 21.338 20.406 21.783 21.084 18.318 19.450 20.550 18.895 17.407 19.712 19.899 18.242 19.592 19.503 17.936 17.338 16.833 14.370 11.892 10.119 8.292 5.948 3.428 1.019 0.001 1.905 4.842 5.929 6.624 7.989 11.370 13.706 14.792 16.144 17.729 19.505 20.306 21.236 20.638 19.361 19.362 18.086 16.613 17.431 18.397 16.661 16.078 18.951 19.853 18.678 19.430 17.898 19.673 21.831 23.294 22.971 22.474 21.044 22.421
22.269 20.535 20.413 18.492 19.580 20.985 20.175 17.522 19.289 20.933 19.917 19.462 21.294 22.389 21.268 19.578 20.773 21.578 20.992 21.846 20.793 22.569 21.731 19.094 20.191 21.428 19.527 17.795 20.603 20.855 18.819 20.626 20.913 18.947 18.283 18.346 15.974 12.880 12.025 9.777 7.072 6.337 3.876 1.068 0.001 1.644 4.669 6.072 6.403 8.191 10.791 13.672 13.995 15.943 18.001 19.275 19.936 19.351 17.588 17.903 16.691 14.906 15.160 16.738 15.168 14.141 16.965 18.612 17.056 17.631 15.788 17.573 20.250 21.633 21.411 21.008 19.729 21.661
21.993 20.083 20.223 18.051 19.531 21.277 20.298 17.379 19.666 21.156 20.053 19.401 21.467 22.406 21.439 19.727 20.808 21.657 21.084 22.160 21.230 23.221 22.022 19.209 20.367 21.762 19.846 17.789 20.520 20.725 18.513 20.324 20.300 18.140 18.010 18.086 15.408 12.633 11.874 10.668 7.444 6.916 5.992 3.990 1.010 0.000 1.686 4.510 6.340 6.713 8.344 12.378 13.652 15.048 16.207 17.572 18.890 19.119 17.419 18.510 17.087 14.841 15.669 17.006 15.330 14.280 17.360 18.324 16.999 17.615 16.010 17.876 20.401 21.774 21.506 21.443 19.843 21.510
21.846 20.251 20.420 18.424 19.920 21.468 20.237 17.395 19.440 20.475 19.164 18.253 20.368 21.022 20.070 18.305 19.185 19.874 19.087 20.219 19.428 20.674 19.836 17.310 18.287 19.462 17.859 16.279 18.979 19.193 17.431 19.481 19.715 18.289 18.001 18.332 16.355 13.273 12.944 12.028 9.393 7.642 6.872 6.746 3.854 0.920 0.000 1.371 4.022 5.900 6.242 8.547 11.070 14.574 14.803 15.089 16.815 16.623 15.668 16.322 15.226 13.602 14.607 15.585 14.166 13.711 16.719 17.431 16.806 17.489 15.930 17.973 20.186 21.686 21.269 21.116 19.780 21.417
22.231 20.495 20.424 18.227 19.620 21.098 19.920 17.295 18.989 20.274 18.942 17.922 20.220 21.147 20.264 18.192 19.069 20.162 18.983 20.148 18.918 20.696 19.549 16.791 18.197 19.167 17.781 15.490 18.411 19.083 17.419 19.581 19.949 18.257 18.517 19.009 17.126 14.298 14.271 13.319 10.974 9.769 7.668 6.895 5.867 3.866 0.841 0.000 1.509 4.240 5.565 6.341 7.788 11.312 13.098 14.416 15.152 15.341 14.105 14.716 13.878 12.679 13.584 15.402 13.930 13.377 16.431 18.037 17.193 17.510 16.388 17.954 20.593 22.047 21.895 21.505 20.022 21.739
21.721 19.988 20.389 18.066 19.585 21.267 20.268 17.214 18.979 20.558 19.235 17.790 20.226 21.346 20.450 18.253 19.113 20.117 19.500 20.211 19.117 20.852 20.019 17.277 18.361 19.893 18.176 15.716 19.036 19.495 17.586 20.088 20.536 18.885 18.977 19.889 18.023 15.285 15.283 14.547 12.080 11.362 9.465 7.348 5.998 6.340 3.804 0.792 0.000 1.298 4.158 5.966 6.522 8.323 10.322 12.856 13.998 14.045 13.105 14.183 13.267 12.199 12.803 14.081 13.169 12.755 15.157 16.654 16.087 16.621 15.790 17.172 19.443 20.734 20.706 20.386 19.470 21.273
21.801 20.070 20.655 18.605 20.241 22.173 21.009 18.017 20.260 21.693 19.966 19.325 21.328 22.266 21.092 18.768 19.819 20.618 19.599 20.858 19.848 21.893 20.726 17.673 19.017 20.525 18.452 16.100 19.174 19.909 17.934 20.497 21.105 19.078 19.469 20.415 18.460 15.253 15.806 15.407 13.337 12.655 11.574 10.482 6.933 6.585 5.735 4.690 0.841 0.000 1.544 4.420 5.631 6.335 7.358 10.313 12.842 12.675 11.972 13.459 12.710 11.500 12.493 14.221 12.966 12.387 15.434 16.886 16.181 16.872 15.671 17.207 19.887 21.098 20.745 20.801 19.569 21.307
21.830 20.492 20.674 19.764 20.573 22.116 20.673 18.762 20.121 21.000 19.678 19.343 20.698 21.183 20.119 18.306 19.011 19.543 18.785 19.737 18.880 20.497 19.938 17.115 18.268 19.517 18.057 16.243 18.888 19.576 18.278 20.057 20.814 19.628 19.731 20.756 19.029 16.674 17.159 16.932 14.978 13.876 13.728 11.934 9.677 7.540 6.657 6.540 4.052 0.840 0.000 1.180 4.164 5.461 6.121 7.652 11.212 11.032 11.278 12.619 11.799 11.194 12.335 13.954 12.874 12.459 15.509 16.719 16.280 16.588 15.619 16.959 19.434 20.800 20.601 20.423 19.164 21.174
22.159 20.533 20.725 18.941 20.406 21.788 20.868 17.971 19.526 20.784 19.322 18.656 20.182 21.231 20.369 17.983 18.851 19.697 18.656 19.838 18.884 20.762 20.059 16.934 18.306 19.709 17.898 16.116 19.095 19.663 18.136 20.488 21.185 19.643 20.091 21.248 19.783 17.203 17.828 17.859 15.847 16.026 15.522 13.284 11.495 10.081 7.471 6.633 5.929 4.433 0.810 0.000 1.601 4.492 5.080 6.035 8.656 9.155 10.226 11.667 11.484 11.060 12.504 14.563 13.857 13.710 16.587 18.192 17.527 18.347 16.953 18.381 20.910 22.226 21.687 21.494 20.029 22.011
22.071 20.518 20.715 18.903 20.701 21.951 21.233 18.246 19.800 21.058 19.744 18.475 20.578 21.368 20.272 18.120 18.995 19.728 19.203 20.014 19.459 21.067 20.136 17.508 18.728 19.964 18.158 16.667 19.414 19.910 18.632 20.818 21.621 20.292 20.624 22.044 20.549 18.373 18.928 18.693 16.812 16.562 16.570 14.044 12.906 12.273 11.268 8.072 7.519 7.314 4.732 0.808 0.000 1.535 4.593 6.243 7.972 8.987 10.005 11.700 11.765 11.508 12.811 15.069 14.326 14.112 17.212 18.712 18.202 18.911 17.657 18.865 21.201 21.984 21.364 21.685 20.582 22.107
21.886 20.466 21.103 19.687 20.861 22.582 21.694 19.000 20.452 21.633 20.365 19.464 21.252 22.091 20.806 19.122 19.585 20.453 20.007 20.676 19.884 21.636 20.582 18.180 18.943 20.483 18.924 17.145 19.634 20.816 19.507 21.333 22.279 21.221 20.835 22.592 21.519 18.962 19.696 19.264 17.598 17.159 17.285 15.633 13.949 12.921 12.697 11.060 8.107 7.301 6.559 5.037 0.903 0.001 1.460 4.525 6.509 8.240 9.534 11.514 11.539 11.082 12.556 14.540 14.222 14.082 16.536 17.835 17.705 18.115 16.984 18.098 20.424 21.343 20.731 21.093 19.886 21.680
21.609 20.370 20.943 19.999 20.962 22.566 21.663 19.857 20.568 21.861 20.457 19.651 21.437 22.429 21.127 19.277 19.642 20.945 20.464 21.112 20.178 22.321 21.358 19.106 20.114 21.375 20.137 18.767 20.994 21.764 21.179 22.677 23.333 22.488 22.356 23.710 22.375 21.014 21.152 20.892 19.327 18.860 18.445 17.498 16.499 14.935 14.099 13.396 11.235 8.446 7.314 6.830 4.188 0.990 0.001 1.377 4.357 6.981 8.882 11.112 11.531 11.612 13.047 15.079 15.227 15.067 17.654 18.905 18.889 18.864 17.663 18.520 20.846 21.629 20.866 21.296 20.225 22.028
22.238 21.106 21.265 20.033 21.371 22.484 21.886 19.989 20.427 21.464 20.634 19.877 21.129 22.021 21.021 19.539 19.718 20.996 20.977 21.379 20.761 22.989 22.092 19.827 20.598 22.133 20.760 19.418 22.036 22.427 22.021 23.502 24.230 23.471 23.831 24.827 23.933 22.736 22.896 23.093 21.955 21.846 21.350 19.844 19.365 17.642 16.495 15.233 14.018 12.026 8.734 8.144 7.177 4.037 1.030 0.000 1.870 5.073 7.607 10.323 11.161 12.198 13.608 16.122 16.645 17.279 19.211 20.683 20.990 21.183 20.665 20.848 22.647 23.421 22.568 22.851 21.962 23.514
23.440 22.221 22.606 21.548 22.834 23.681 23.052 21.191 21.671 22.759 21.427 20.630 21.800 22.413 21.372 19.824 20.148 21.084 20.575 20.941 20.069 22.087 21.144 19.296 19.947 21.368 20.136 19.115 21.255 21.886 21.402 23.269 23.959 23.319 23.844 25.027 24.161 22.842 23.117 23.351 22.195 22.014 21.482 20.296 19.295 18.346 18.081 16.029 15.060 13.995 11.556 9.166 8.108 6.956 3.981 1.494 0.002 1.683 4.351 6.250 8.000 9.601 11.024 12.520 13.974 15.324 16.352 17.815 18.636 19.118 18.927 19.173 21.201 22.341 22.261 22.715 21.911 23.288
23.605 23.017 23.499 22.732 23.942 24.845 24.388 22.638 22.812 24.110 23.059 21.988 23.099 23.926 22.713 20.993 21.249 22.189 21.780 22.063 20.902 23.304 22.646 20.294 20.704 22.630 21.393 19.673 21.916 22.646 22.002 23.501 24.502 23.844 24.116 25.441 24.843 23.654 24.015 24.500 23.322 23.191 22.446 21.350 19.918 18.701 18.844 17.212 15.636 14.226 13.190 11.184 9.105 8.421 6.909 4.150 1.304 0.001 1.554 3.920 5.897 7.543 8.728 10.412 11.996 13.136 14.301 16.135 17.175 17.609 17.797 18.202 19.974 21.465 21.474 22.185 21.762 23.110
24.068 23.436 23.832 23.190 24.114 24.895 24.378 22.951 23.135 24.308 23.156 22.349 23.431 24.077 23.054 21.442 21.778 22.543 22.217 22.326 21.134 23.100 22.459 20.815 20.982 22.231 21.391 20.126 21.672 22.417 21.867 23.289 24.183 23.825 23.988 25.304 24.672 23.577 23.748 24.275 22.952 22.648 22.446 21.393 19.925 18.997 19.333 17.775 16.472 15.029 14.016 12.327 10.123 9.620 8.562 6.008 3.635 1.298 0.002 1.920 4.613 6.251 7.053 8.177 10.698 12.129 12.226 13.578 15.066 16.228 17.040 17.885 19.546 20.990 21.275 22.033 21.839 22.860
24.212 23.552 24.020 23.233 24.311 25.282 24.722 23.088 23.368 24.607 23.629 22.517 23.650 24.477 23.348 21.551 22.106 22.812 22.229 22.332 21.259 23.115 22.464 20.860 20.649 22.140 20.909 19.531 21.149 21.840 21.233 22.531 23.484 22.847 23.003 24.573 23.804 22.606 23.121 23.637 22.423 21.980 21.901 20.967 19.061 18.129 18.638 16.898 14.856 14.295 14.070 12.425 10.099 10.175 10.085 8.431 6.024 4.581 1.078 0.000 1.640 3.752 6.198 6.725 7.863 10.606 11.642 12.487 13.582 14.670 15.377 17.001 18.666 20.521 20.991 21.723 21.348 22.535
23.553 22.694 22.901 21.972 23.000 23.807 23.157 21.480 21.982 23.254 22.144 21.728 22.705 23.490 22.395 20.713 21.332 22.151 21.754 21.865 20.948 22.671 22.131 20.117 20.188 21.784 20.628 18.965 20.691 21.215 20.282 21.792 22.679 21.937 21.890 23.387 22.672 21.173 21.628 21.961 20.859 20.164 20.095 19.121 17.443 16.227 16.649 15.410 13.045 12.605 13.032 11.423 10.142 10.943 11.470 9.828 8.533 5.714 3.553 1.064 0.000 1.702 4.054 5.941 6.403 7.955 9.578 11.180 12.272 12.928 13.549 14.776 17.279 19.098 19.716 20.074 19.368 20.792
23.816 23.034 23.296 22.477 23.548 24.554 24.047 22.231 23.162 24.307 23.143 22.532 23.762 24.489 23.497 21.653 22.288 22.744 22.327 22.223 21.230 22.690 22.384 20.665 20.602 22.107 21.101 19.492 21.335 21.696 21.026 22.412 23.385 22.689 22.581 24.025 23.487 21.924 22.327 22.788 21.353 20.639 20.664 19.953 18.253 16.677 17.443 16.203 13.757 13.009 13.910 12.413 11.041 12.216 12.773 11.640 11.219 7.566 6.259 4.145 1.300 0.001 1.647 4.668 6.169 6.127 6.915 9.608 10.963 10.613 11.132 11.714 13.428 15.504 17.304 17.400 17.791 19.375
23.513 22.592 23.108 22.186 23.422 24.460 23.791 22.084 22.690 24.035 22.783 22.019 23.215 24.119 22.952 21.471 21.638 22.424 21.831 22.265 21.125 23.042 22.558 20.524 20.639 22.152 20.904 19.138 20.981 21.554 20.659 21.961 22.909 22.271 21.919 23.707 23.133 21.751 22.041 22.624 21.338 20.486 20.498 19.762 17.734 16.520 16.992 15.682 13.158 12.372 13.430 12.007 10.706 12.071 13.002 11.972 11.437 8.802 7.018 6.513 3.735 0.856 0.000 1.448 3.791 5.563 4.531 6.477 9.000 9.867 10.941 11.630 14.285 16.489 17.340 18.344 18.171 19.716
22.867 21.758 22.292 21.264 22.379 23.410 22.942 20.798 21.752 23.017 21.873 20.915 22.570 23.431 22.387 20.482 21.410 22.276 21.561 22.206 20.930 22.524 22.041 19.841 19.791 21.263 19.898 17.921 19.920 20.498 19.188 20.517 21.492 20.204 19.999 21.607 20.852 19.315 19.857 20.474 19.352 18.537 18.577 17.726 15.359 14.531 15.326 14.243 11.828 11.847 12.794 11.844 10.737 12.252 13.556 13.117 12.676 10.701 7.802 6.964 6.628 3.304 0.818 0.000 1.402 4.089 4.977 4.635 6.217 8.976 9.712 11.456 13.650 16.413 17.489 17.542 17.363 18.654
22.535 21.259 21.538 20.446 21.445 22.271 21.640 19.584 20.813 21.799 20.729 20.139 21.613 22.495 21.466 19.806 20.622 21.421 20.766 21.416 20.344 21.849 21.127 18.694 19.217 20.599 19.191 17.161 19.521 19.954 18.249 19.959 20.746 19.567 19.373 20.960 20.092 18.124 18.708 18.850 17.574 16.941 16.805 15.917 14.105 13.350 13.743 13.028 10.667 11.148 12.079 11.757 10.938 12.705 14.590 14.261 14.127 12.276 10.138 8.056 7.051 5.297 3.306 0.777 0.000 1.085 2.397 3.971 4.900 6.526 7.671 9.420 11.648 14.095 15.595 15.640 15.550 17.031
22.570 21.369 21.848 20.194 21.590 22.877 21.940 19.509 21.101 22.377 21.036 20.414 22.143 22.987 21.901 20.097 21.287 21.936 20.877 21.865 20.966 22.158 21.138 18.994 19.691 20.556 19.104 17.495 19.726 19.830 18.811 20.343 21.030 20.131 19.913 21.443 20.366 18.774 19.295 19.671 18.038 17.504 17.177 16.123 14.349 13.201 13.809 12.578 11.121 11.165 11.982 11.596 11.029 12.918 14.529 14.240 14.687 12.794 11.001 10.094 7.613 6.335 5.092 3.208 0.758 0.000 1.200 2.760 4.389 5.517 7.131 8.845 11.171 13.511 15.092 15.249 15.124 16.705
22.788 21.291 21.752 20.469 21.518 22.840 22.086 19.766 21.033 22.448 21.097 20.480 22.101 23.016 21.923 20.123 21.183 22.121 21.388 22.255 21.261 22.384 21.586 19.346 19.928 20.895 19.512 17.784 19.963 20.195 18.838 20.439 21.136 19.980 19.800 21.062 20.331 18.481 18.875 19.231 17.948 17.441 17.186 16.331 14.313 13.442 13.905 12.864 11.209 11.261 12.412 12.297 11.794 13.929 15.322 15.484 15.623 14.134 12.360 11.793 10.665 7.139 5.902 5.094 3.301 0.680 0.001 1.273 3.452 5.256 7.216 9.346 11.666 14.388 15.710 15.702 15.789 16.957
23.037 21.513 22.051 20.963 21.997 23.425 22.531 20.334 21.741 22.917 21.733 21.140 22.846 23.763 22.610 20.812 22.096 22.916 22.203 23.117 21.809 23.407 22.615 20.199 20.301 21.904 20.278 18.194 20.325 20.976 19.205 20.513 21.312 20.113 19.383 21.262 20.532 18.633 18.821 19.327 18.201 17.418 17.532 16.856 14.812 13.736 14.676 13.949 12.202 12.312 13.664 13.867 13.345 15.182 16.969 17.022 17.098 15.798 13.746 12.768 12.197 9.273 7.015 5.916 5.438 2.906 0.812 0.000 1.284 3.086 5.926 7.657 10.006 12.626 14.395 13.979 13.494 14.925
23.402 21.934 22.500 21.011 22.191 23.319 22.399 20.128 21.494 22.783 21.579 20.997 22.741 23.766 22.545 20.957 22.077 22.833 21.982 22.699 21.708 22.995 22.247 20.157 20.147 21.458 19.988 18.191 20.131 20.660 18.922 20.347 21.060 20.047 19.439 21.205 20.368 18.471 18.730 19.111 17.950 17.292 17.417 16.714 14.711 13.964 14.759 14.022 12.461 12.698 14.128 14.162 14.062 15.735 17.627 17.710 17.895 16.841 14.893 13.654 12.326 9.941 8.287 5.786 5.437 4.336 2.661 1.006 0.000 1.753 3.943 6.465 7.970 10.692 12.396 12.156 12.088 13.904
23.587 22.455 23.257 22.415 23.339 24.619 24.033 22.033 23.353 24.391 23.260 22.998 24.216 25.052 24.174 22.920 23.899 24.363 23.871 24.480 23.507 24.183 23.651 21.683 21.315 22.494 20.937 19.184 20.508 21.106 19.683 20.638 21.672 20.529 19.848 21.781 21.114 19.471 19.654 20.453 18.929 18.103 18.163 17.757 15.862 14.873 16.527 16.466 14.869 15.383 17.461 17.679 17.822 19.421 21.274 21.606 22.182 21.091 19.455 18.022 16.507 14.522 13.137 11.018 8.736 7.714 7.179 3.532 1.460 0.002 1.529 4.730 6.610 8.787 9.922 9.935 10.803 12.806
23.275 22.198 22.742 21.937 22.743 23.937 23.253 21.820 22.799 23.912 23.053 22.668 23.979 24.841 24.049 22.693 23.600 24.325 23.829 24.386 23.367 24.635 23.924 21.836 21.883 22.991 21.392 19.712 21.312 21.552 20.203 21.314 21.950 20.885 20.130 21.975 21.152 19.227 19.735 20.171 18.722 17.925 18.008 17.566 15.777 14.479 16.127 15.775 14.439 15.167 16.664 17.028 17.043 18.466 20.375 21.027 21.592 20.288 18.466 17.369 16.279 14.411 12.455 11.237 9.465 6.982 6.989 5.581 3.787 1.150 0.001 1.433 4.072 6.471 7.952 8.188 9.683 12.248
23.117 21.674 22.784 21.918 22.551 23.964 22.912 21.409 22.654 23.752 22.599 22.101 23.650 24.585 23.698 22.310 23.493 24.261 23.700 24.532 23.538 24.673 23.813 21.474 21.887 22.831 21.206 19.476 21.363 21.494 20.053 21.356 21.983 20.806 20.425 21.939 20.940 19.199 19.640 19.791 18.667 17.702 17.815 17.267 15.606 14.674 15.529 15.360 14.432 14.763 16.276 16.728 16.932 18.409 20.256 20.857 21.634 20.154 18.354 17.495 16.097 14.672 12.359 11.923 10.121 7.443 7.952 7.699 5.242 3.578 1.170 0.005 1.783 4.099 6.900 7.712 9.526 11.562
22.614 21.493 22.469 21.701 22.575 23.831 23.329 21.598 22.572 23.736 22.757 22.281 23.433 24.418 23.652 22.304 23.081 23.840 23.619 24.143 23.353 24.482 23.815 21.628 21.773 23.089 21.577 19.793 21.415 21.949 20.435 21.405 22.416 21.310 20.852 22.379 21.965 20.105 20.200 20.877 19.196 18.386 18.223 17.903 16.123 14.924 15.877 15.809 14.816 14.838 16.510 17.140 17.130 18.511 20.589 21.114 21.868 20.577 18.933 18.414 17.165 15.316 13.671 13.067 11.445 8.687 9.829 9.708 7.617 5.901 3.494 1.376 0.004 1.930 4.461 6.596 8.260 10.589
23.887 22.732 23.707 23.284 24.051 25.202 24.978 23.682 24.541 25.470 24.766 24.639 25.343 26.078 25.635 24.538 25.208 25.715 25.585 26.150 25.553 26.278 25.820 24.225 24.152 25.145 24.012 22.526 23.347 23.836 22.528 22.963 23.845 23.034 22.172 23.544 23.328 21.619 21.538 22.381 21.209 20.160 19.942 20.319 18.903 17.538 18.839 19.335 18.572 17.985 19.797 20.368 20.082 21.118 22.902 23.638 24.116 23.393 21.695 21.089 20.312 18.449 16.958 16.002 14.685 11.966 11.684 11.699 9.223 6.994 6.748 4.261 1.877 0.001 1.676 4.327 7.313 9.910
23.853 22.832 23.639 23.461 23.995 25.245 24.822 23.916 24.839 25.623 24.989 24.944 25.719 26.301 25.957 25.029 25.565 26.169 26.004 26.626 26.069 26.764 26.495 25.016 24.869 25.888 24.909 23.741 24.584 24.875 23.873 24.255 24.990 24.259 23.639 24.549 24.196 22.735 22.137 22.856 21.699 20.850 20.559 20.669 19.459 18.415 19.404 19.531 19.088 18.615 20.151 20.495 20.688 21.374 23.242 23.890 24.309 23.623 21.941 21.347 20.955 19.337 17.974 17.885 17.052 14.289 13.493 13.754 12.257 9.300 8.804 6.592 4.242 1.882 0.003 1.691 3.922 6.372
23.521 21.612 22.689 22.430 23.281 24.351 24.081 22.784 23.560 24.736 24.107 23.708 24.772 25.533 24.975 24.003 24.442 25.083 25.104 25.702 25.205 26.264 25.909 24.064 24.320 25.461 24.083 22.600 23.956 24.394 23.206 23.997 24.656 23.649 23.178 24.230 23.532 21.855 21.777 22.033 20.668 20.185 19.582 19.523 18.110 17.265 17.750 18.051 17.307 17.151 18.098 19.116 18.828 19.823 21.559 22.410 23.306 22.285 20.802 20.893 20.212 18.406 17.651 18.114 16.813 14.769 14.907 15.189 13.635 11.452 9.960 7.746 6.694 3.240 1.137 0.003 1.488 3.425
21.802 20.953 21.631 21.697 22.328 23.990 23.539 22.248 23.176 24.463 23.647 23.285 24.462 25.192 24.652 23.404 24.125 24.978 24.502 25.304 24.584 25.864 25.279 23.206 23.582 24.999 23.597 21.935 23.680 23.928 22.768 23.812 24.562 23.434 23.321 24.387 23.513 21.674 21.845 22.109 20.708 20.130 19.510 19.192 18.234 17.068 17.544 17.714 17.254 16.937 17.782 18.662 18.540 19.279 21.070 21.844 22.745 21.460 19.979 19.935 19.289 17.951 17.513 17.980 16.990 15.243 15.922 16.342 14.707 13.103 10.993 8.551 8.087 5.527 3.273 1.298 0.002 1.352
22.523 21.796 22.071 22.176 22.778 23.878 23.946 22.738 23.636 24.744 24.396 23.936 24.853 25.690 25.253 24.188 24.713 25.282 25.167 25.662 25.116 25.962 25.604 24.041 24.232 25.254 24.378 22.777 24.241 24.572 23.481 24.127 24.691 23.721 23.583 24.477 23.753 22.259 21.979 22.140 20.575 20.316 19.622 19.454 18.083 17.577 17.689 18.061 17.477 17.355 18.372 19.206 18.989 19.709 21.455 22.340 22.842 21.975 20.218 20.205 19.825 18.103 17.134 17.630 16.906 15.449 15.793 16.555 15.186 13.727 11.502 9.040 9.032 7.854 5.316 3.470 1.349 0.009
