0.006 1.763 3.360 5.565 7.858 10.526 11.981 13.897 15.899 15.841 15.639 18.028 19.252 19.137 21.001 22.410 23.033 23.942 23.295 23.304 25.425 25.418 25.911 23.802 23.372 25.034 24.429 22.360 23.136 24.602 23.213 23.082 24.325 25.243 24.357 23.671 23.916 23.005 21.637 22.326 21.445 19.937 19.031 17.972 18.181 18.048 19.815 21.561 23.520 25.116 25.533 24.028 22.587 19.763 18.960 16.855 17.788 17.518 19.286 20.789 21.799 23.249 24.370
1.094 0.003 1.664 3.423 5.200 6.569 8.850 10.452 12.106 11.611 12.781 15.011 16.468 16.923 18.829 20.232 21.053 21.989 21.408 21.395 23.681 24.002 24.580 22.431 21.437 23.171 22.674 20.364 21.267 22.884 22.040 21.212 22.935 24.309 23.293 22.290 23.149 22.392 20.637 21.427 20.807 19.294 18.607 17.224 17.161 16.780 18.480 20.318 21.995 23.998 24.296 23.133 21.287 18.445 17.458 15.520 16.162 16.152 17.895 19.529 20.707 22.090 23.667
3.270 1.158 0.002 1.281 2.965 4.570 6.412 8.332 10.478 10.881 11.386 14.255 16.442 16.662 18.490 20.199 20.759 21.445 21.225 20.949 23.285 23.436 24.119 21.751 20.968 22.762 21.980 19.377 20.744 22.310 21.230 20.341 22.380 23.514 22.549 21.764 22.288 21.355 19.643 20.486 19.963 18.632 17.834 16.153 16.663 15.758 17.655 19.397 21.590 23.845 24.330 22.820 21.324 18.114 16.667 14.551 15.367 15.426 17.460 19.289 19.891 21.708 23.144
4.125 3.110 1.125 0.001 1.254 2.597 4.455 6.058 7.889 8.711 9.166 11.446 12.936 13.914 15.539 17.506 18.601 19.272 19.316 18.866 21.704 21.860 22.721 20.397 18.662 21.210 20.593 17.515 18.516 20.979 19.659 18.581 20.965 22.854 21.838 20.448 21.422 20.604 18.321 19.333 19.028 17.436 17.003 15.452 15.400 14.771 16.312 18.655 20.173 22.948 23.376 22.212 19.629 16.950 14.583 13.102 13.190 13.647 16.125 17.386 18.160 19.903 21.613
5.455 4.033 2.544 1.025 0.001 0.883 1.971 3.780 5.740 6.525 7.903 10.785 12.402 13.564 14.928 17.179 18.542 18.984 19.356 18.916 21.568 21.368 22.283 19.896 18.504 20.457 19.969 17.497 18.304 20.339 19.287 18.314 20.536 22.201 21.283 20.334 21.548 20.255 18.084 19.565 18.752 17.545 16.945 15.491 15.292 15.123 16.230 18.732 20.737 23.035 23.525 22.198 20.204 17.420 14.578 13.301 13.322 13.884 16.091 17.541 18.309 19.983 21.895
7.350 5.403 3.646 2.094 0.827 0.003 0.951 2.346 4.874 6.268 7.970 10.168 12.076 13.480 14.899 16.377 17.701 18.298 18.725 18.746 20.763 21.083 21.926 19.530 18.389 20.608 20.060 17.148 18.548 20.552 19.348 18.697 20.978 22.743 21.595 20.630 21.640 20.547 18.449 19.694 19.044 17.710 16.877 15.360 15.299 15.043 16.308 18.324 20.022 22.455 23.093 21.644 19.473 17.028 14.786 13.043 13.511 14.032 16.014 17.695 18.049 19.886 21.873
9.983 8.645 6.069 4.312 2.564 0.917 0.002 1.172 3.528 5.514 6.221 7.576 10.277 11.748 12.732 13.721 15.398 16.373 17.125 15.987 19.179 19.088 20.577 18.281 15.858 18.781 18.968 16.065 16.740 19.560 18.775 17.905 20.265 22.185 21.509 20.265 21.557 20.666 18.350 19.598 19.444 17.678 17.067 15.742 15.500 15.152 16.088 18.439 19.359 22.348 22.602 21.517 18.561 16.403 13.491 12.676 12.798 13.594 16.157 17.543 17.672 19.199 21.107
13.667 11.766 9.652 6.773 5.344 3.179 0.946 0.001 1.533 3.315 5.361 6.705 8.114 10.333 11.797 12.715 13.947 15.403 16.188 15.926 18.720 18.920 20.505 18.301 16.405 19.178 19.304 16.655 17.073 19.922 19.072 18.316 20.328 22.397 21.759 20.583 21.989 21.238 19.350 20.422 20.158 18.579 17.999 16.523 16.662 16.091 17.297 19.524 20.527 23.041 22.996 21.929 19.282 17.198 14.384 13.645 13.559 14.901 17.200 18.324 18.056 19.957 21.429
17.039 14.554 12.511 10.563 7.446 6.203 3.165 1.051 0.001 1.334 3.761 6.335 7.040 8.445 10.958 10.979 12.121 13.525 13.722 13.798 16.862 17.635 19.366 16.978 15.646 18.434 18.659 16.107 17.422 19.908 19.277 18.267 20.999 22.604 21.787 20.723 21.985 21.156 18.947 20.248 20.293 18.498 17.840 16.444 16.143 15.544 16.221 18.116 19.162 21.895 22.056 20.967 17.779 15.862 13.127 12.851 12.871 14.385 16.737 18.156 17.968 19.749 21.509
18.861 17.325 15.112 13.337 10.387 7.357 5.165 3.455 0.863 0.001 1.545 4.464 5.980 6.051 7.553 9.465 10.940 12.082 12.010 11.796 14.836 15.479 16.793 14.730 13.382 15.992 16.191 14.167 15.752 18.072 17.583 17.462 19.789 21.665 21.234 20.436 21.810 20.993 18.909 20.349 20.405 18.904 17.922 16.528 16.229 15.218 15.842 17.311 18.089 21.101 21.229 20.406 17.122 15.446 12.318 12.417 12.566 14.038 16.341 17.608 17.455 19.061 21.047
19.514 17.814 15.360 13.215 10.708 7.961 6.235 5.896 3.726 0.934 0.000 1.849 4.624 4.933 5.273 5.576 7.360 8.951 10.241 10.107 13.359 14.091 16.186 13.655 12.176 15.081 15.454 13.775 15.512 17.563 17.061 16.906 19.168 21.302 20.751 20.185 21.641 20.506 18.695 20.483 20.436 18.838 17.725 16.170 15.770 14.785 15.303 17.004 17.921 21.146 21.573 20.524 17.256 15.164 12.571 12.351 12.593 14.048 15.781 17.469 17.189 18.873 21.094
19.380 17.916 15.649 12.678 10.706 8.430 7.675 6.491 6.428 4.374 0.997 0.002 1.498 3.737 4.590 4.377 6.179 8.485 9.477 10.171 13.479 14.718 16.728 14.515 12.988 16.597 17.288 15.604 16.764 19.376 18.898 18.971 21.318 22.725 22.312 21.593 22.952 22.062 19.735 21.484 21.701 19.674 18.636 16.955 16.947 15.686 16.470 17.821 18.844 21.902 21.714 20.726 17.674 15.834 12.797 12.451 12.743 14.877 17.530 19.006 18.357 20.143 22.001
21.830 20.351 17.814 16.039 13.244 11.005 9.891 7.656 6.722 6.476 3.293 0.854 0.002 1.632 4.053 5.043 5.303 7.334 8.151 9.424 12.664 13.998 15.584 13.797 12.825 16.432 16.635 15.473 17.232 19.262 19.223 19.526 21.313 22.954 22.647 22.128 23.162 22.493 20.903 22.101 22.313 20.611 19.614 17.837 17.681 16.333 16.755 18.217 18.667 21.175 21.174 20.391 17.100 15.713 12.957 13.132 13.309 15.481 17.668 19.079 17.976 19.747 21.673
21.094 19.570 17.313 15.582 13.217 10.828 10.316 9.050 7.449 6.235 5.166 3.676 0.835 0.001 1.193 2.697 4.305 5.277 6.936 7.139 10.455 11.813 12.821 10.969 10.387 13.144 13.095 12.608 14.136 15.431 15.447 15.802 17.547 18.836 18.750 18.466 19.513 18.585 17.310 18.776 19.430 17.903 17.081 15.204 14.813 13.919 14.371 16.113 16.904 19.526 19.830 19.199 16.538 14.589 11.840 11.747 11.947 13.981 16.148 18.004 17.103 19.306 21.312
21.363 20.052 17.600 16.196 13.491 11.547 11.213 10.109 9.057 6.862 5.715 4.411 2.845 0.779 0.000 1.211 2.761 4.809 5.730 7.225 9.842 11.294 12.392 11.414 10.061 12.596 12.641 12.136 12.466 14.223 14.499 14.585 16.181 17.899 17.559 17.149 18.652 17.397 16.129 17.755 18.635 16.652 16.540 14.747 14.294 13.160 13.627 15.072 16.365 19.607 19.508 18.647 16.027 13.812 11.340 11.166 11.472 13.264 15.779 17.511 16.354 18.687 20.621
22.141 20.720 18.530 17.307 14.838 13.185 12.856 12.166 10.949 9.860 6.913 5.609 5.268 3.178 0.816 0.001 1.318 3.589 5.943 6.713 9.877 11.237 12.554 10.583 9.800 12.426 12.366 11.537 12.946 14.355 14.461 14.830 16.593 17.840 17.498 16.855 18.352 17.338 15.976 17.891 18.889 17.148 16.788 15.151 14.532 13.563 13.878 15.755 16.379 19.786 19.692 19.150 16.232 14.154 11.305 11.409 11.642 13.930 16.060 17.701 17.036 18.984 21.185
23.904 22.738 20.981 19.482 17.458 15.539 15.140 13.539 12.605 11.281 10.204 6.721 5.814 5.847 3.151 0.896 0.000 1.650 3.987 6.126 8.580 10.927 12.152 10.956 10.500 13.547 14.301 13.240 14.896 16.637 17.413 17.462 18.968 20.699 20.714 19.890 21.688 21.000 19.102 20.484 21.146 19.825 18.907 17.485 17.583 16.143 16.747 17.981 17.770 20.723 20.397 19.857 17.032 16.080 13.316 13.765 13.447 15.725 17.657 18.439 17.620 19.487 21.313
24.841 24.221 22.675 21.853 20.410 18.487 17.975 16.633 14.610 13.663 12.818 9.913 7.594 7.405 6.416 4.059 1.432 0.007 1.573 4.526 6.586 10.047 11.259 9.209 10.533 14.170 14.335 14.236 16.748 18.597 18.757 19.594 19.931 20.831 21.146 21.169 22.299 21.422 20.501 21.962 22.373 21.145 20.941 19.389 19.130 17.204 17.371 17.196 17.149 19.711 19.335 18.702 16.596 15.810 14.259 15.111 15.705 17.695 19.323 20.254 19.109 20.856 22.344
25.243 24.398 23.288 23.033 20.915 19.867 19.801 17.844 16.722 15.616 13.314 11.675 9.482 7.250 6.311 5.713 3.182 0.901 0.004 1.486 3.350 6.013 5.350 4.011 6.082 8.154 6.588 9.005 11.686 11.882 11.935 14.451 15.546 16.233 16.854 17.446 19.338 18.085 18.008 19.543 20.760 20.085 19.922 18.800 17.892 16.057 15.087 15.310 14.319 17.321 17.842 17.585 15.050 14.887 12.698 14.879 14.308 17.181 18.868 19.829 18.341 20.007 21.729
23.070 21.744 19.517 19.099 16.644 15.521 16.286 14.849 14.025 12.933 10.901 10.196 8.723 6.965 6.644 6.252 4.529 3.281 0.894 0.001 0.777 1.760 2.635 2.786 2.871 3.846 4.405 5.077 5.913 7.052 7.740 8.145 9.086 9.991 10.211 10.420 11.741 11.084 10.794 12.429 13.935 12.977 13.146 12.028 11.604 10.544 10.642 12.284 12.994 16.216 16.512 15.574 14.301 12.001 9.354 10.025 9.428 11.628 13.044 15.021 14.375 16.248 18.466
22.615 21.695 19.418 19.105 16.853 15.774 16.482 14.896 14.867 13.522 11.457 10.558 9.041 6.916 6.798 6.595 5.312 3.832 1.956 0.578 0.001 0.741 1.411 1.917 2.068 2.144 3.091 3.638 4.165 5.192 5.780 6.205 6.705 7.794 8.855 8.925 10.421 10.214 9.989 11.402 12.541 12.373 12.307 11.485 11.154 10.527 10.411 12.363 12.744 15.954 15.624 15.213 13.715 11.163 9.026 9.389 9.037 10.734 12.193 14.235 14.025 16.040 17.953
22.845 21.458 19.421 19.245 16.969 16.091 16.677 15.110 14.999 13.522 11.860 11.037 9.590 7.562 7.231 7.452 6.141 4.395 3.064 1.516 0.560 0.001 0.638 0.986 1.580 1.497 1.677 3.088 3.378 3.937 4.701 5.580 6.198 6.868 7.669 7.283 9.287 9.360 9.094 10.726 12.575 12.066 12.480 11.762 11.251 10.671 10.896 12.948 12.568 16.284 16.003 15.742 13.946 11.764 9.506 9.302 9.361 11.043 12.260 14.491 13.922 15.571 17.870
22.816 21.319 19.485 19.171 17.210 16.480 16.672 15.339 15.544 14.122 12.347 11.517 10.048 8.073 7.530 7.857 6.467 4.886 3.603 2.024 0.914 0.521 0.000 0.590 1.181 1.542 1.524 2.013 3.622 4.123 4.767 5.283 6.195 7.181 7.649 7.665 9.217 8.722 8.647 10.786 12.184 11.639 12.200 11.513 10.912 10.486 10.332 12.350 12.772 15.788 15.901 15.329 13.926 11.225 9.185 9.459 9.152 10.762 12.188 14.334 13.821 15.505 17.811
23.205 21.802 19.881 19.423 17.566 16.299 16.671 15.431 15.328 14.282 12.127 11.177 10.058 8.016 7.674 7.381 6.445 4.896 3.360 2.138 1.042 0.986 0.538 0.000 0.668 1.407 1.926 2.127 3.072 4.601 4.943 4.934 6.455 7.333 7.683 8.000 9.248 9.164 9.154 10.658 12.112 11.760 11.805 11.308 10.987 10.500 10.389 12.576 12.237 16.195 16.064 15.193 13.783 11.274 9.432 9.530 8.793 10.652 11.658 14.051 14.114 15.884 17.791
22.951 21.752 19.935 19.509 17.658 16.445 16.942 15.165 15.667 14.360 12.218 11.124 10.208 8.230 7.637 8.267 6.915 5.676 4.393 2.796 2.121 1.728 1.110 0.543 0.001 0.711 1.376 2.245 2.369 3.820 4.173 4.896 5.459 6.710 7.364 7.731 8.671 9.244 8.770 10.517 12.336 11.627 12.484 11.606 11.250 10.305 10.372 12.412 12.714 16.120 16.634 15.930 14.070 11.374 9.207 9.161 8.617 11.208 12.177 14.308 13.708 15.659 17.696
23.113 21.756 20.148 19.685 17.754 16.972 17.304 15.629 15.762 14.596 12.384 11.635 10.366 8.136 8.144 8.262 7.001 5.323 4.279 3.070 1.714 1.686 1.604 1.187 0.546 0.002 0.692 1.890 2.301 2.758 3.524 4.206 4.804 5.163 6.285 7.173 8.088 8.994 8.668 10.184 12.249 12.393 12.532 11.955 11.869 11.257 10.801 13.541 13.132 16.694 17.050 16.201 14.638 12.058 9.625 9.483 8.903 11.000 12.446 14.634 14.084 15.748 17.786
22.714 21.177 19.445 19.015 16.966 16.274 16.663 15.314 15.646 14.212 11.930 11.432 10.206 8.462 8.123 8.678 7.527 6.388 5.265 3.487 2.381 1.879 1.669 1.671 1.118 0.549 0.001 0.739 1.748 2.712 2.765 3.574 5.342 5.694 6.073 6.722 8.257 7.907 8.333 9.789 11.434 11.227 11.399 11.055 10.413 10.098 9.756 12.197 12.606 15.555 15.596 14.892 13.653 10.857 9.069 8.708 8.380 10.032 11.479 13.678 13.540 15.192 17.776
23.283 21.718 19.642 19.283 16.665 15.756 16.554 15.220 15.098 13.690 11.543 11.435 10.517 8.527 7.861 9.255 8.260 7.417 6.277 4.188 3.758 3.651 2.369 1.959 2.254 1.667 0.549 0.000 0.922 2.191 2.799 2.926 4.086 5.094 5.674 5.917 7.478 7.620 7.669 9.275 11.173 10.372 11.379 10.620 10.104 9.542 9.522 12.028 11.741 15.381 15.266 14.492 12.918 10.487 8.552 8.617 8.089 9.851 11.648 13.494 13.629 15.511 17.588
23.223 21.823 19.981 19.686 17.547 16.679 17.197 15.684 16.012 14.742 12.776 11.863 11.195 9.078 8.906 9.826 8.951 8.072 6.459 4.599 4.693 4.377 4.022 2.861 2.870 2.596 1.720 0.547 0.002 0.955 1.938 2.858 3.181 4.233 5.221 5.967 8.045 8.214 8.543 9.868 12.265 11.474 12.455 11.320 10.950 9.989 9.994 12.485 12.508 16.385 16.514 16.090 13.966 11.231 9.270 8.723 8.365 10.557 12.161 14.135 14.051 15.823 17.600
22.868 21.601 20.088 19.890 17.739 17.109 17.575 15.985 16.103 15.039 12.576 12.438 11.381 9.378 9.008 10.373 9.743 9.027 7.569 5.168 5.517 4.642 4.447 4.443 3.068 2.538 2.429 1.841 0.592 0.001 0.932 1.891 2.898 3.506 4.807 5.336 7.477 7.703 7.670 9.313 11.358 11.362 12.124 12.013 11.554 11.231 10.774 13.972 13.575 17.100 16.925 16.392 15.241 12.341 9.795 9.496 8.798 10.873 12.607 14.539 14.259 15.675 17.912
23.192 21.748 19.776 19.725 17.504 17.055 17.553 16.225 16.622 15.535 12.960 12.784 12.274 10.385 9.423 11.221 10.927 9.992 9.175 6.672 5.990 6.271 4.754 4.949 4.262 3.185 2.598 2.572 1.731 0.569 0.001 0.846 2.071 3.061 3.900 4.254 6.378 6.500 6.948 8.336 10.234 10.404 11.374 11.404 10.870 11.125 10.644 13.495 13.437 15.966 16.625 16.296 15.150 12.010 10.064 9.664 8.870 10.465 11.763 13.789 14.017 15.225 17.855
23.304 21.972 19.885 20.099 17.534 16.919 17.709 16.181 16.576 15.101 13.079 12.615 12.148 10.487 9.706 11.349 11.520 10.873 10.305 7.866 7.497 7.531 6.676 5.940 5.379 4.476 3.253 2.916 2.824 1.906 0.605 0.002 0.817 1.767 2.987 3.570 5.430 6.027 6.350 7.579 9.674 9.526 10.545 10.120 10.172 10.242 10.055 12.987 12.901 16.949 17.109 16.930 14.666 12.104 9.618 9.172 8.226 9.886 11.598 13.615 13.829 15.306 17.554
22.990 21.736 20.091 19.978 17.388 16.915 17.460 15.981 16.303 15.149 13.076 12.695 12.120 10.866 10.462 11.831 11.650 10.870 9.798 8.829 8.495 8.540 7.883 7.644 6.504 5.728 5.007 4.029 3.572 3.242 1.718 0.593 0.001 0.872 1.909 3.276 4.517 4.809 5.967 7.249 9.046 9.640 10.516 10.351 10.322 10.438 10.460 13.293 13.273 17.249 17.406 17.125 14.892 12.516 9.714 9.369 8.778 10.234 11.745 13.868 14.330 16.019 17.828
23.132 21.995 20.261 20.408 18.010 17.774 18.463 16.732 17.155 15.967 13.657 13.496 13.437 11.788 11.184 12.801 13.178 12.135 12.076 9.989 10.279 9.878 9.566 8.741 7.714 6.938 6.418 5.079 3.948 3.491 3.084 1.780 0.741 0.001 0.854 2.474 3.428 3.866 4.964 6.154 7.945 8.960 10.230 10.498 10.890 11.058 11.345 14.323 14.104 18.213 17.849 17.403 15.529 13.402 10.638 10.190 9.313 10.475 11.891 14.320 14.422 15.912 17.961
23.402 22.170 20.628 20.626 18.525 18.613 19.523 18.180 18.726 17.706 15.782 15.863 15.964 14.431 14.526 15.996 16.450 16.061 15.453 13.905 13.546 13.385 12.056 11.653 10.069 9.349 8.369 7.105 6.168 4.741 4.288 3.014 1.924 0.758 0.001 1.006 1.908 2.695 3.541 4.826 6.544 7.772 9.550 10.289 11.254 11.836 12.343 15.397 15.263 18.489 18.844 18.758 16.955 14.908 12.210 11.646 10.337 11.331 12.420 14.896 14.835 16.207 18.503
23.722 22.319 20.976 21.040 18.805 18.500 19.361 17.967 18.580 17.514 15.481 14.936 15.479 14.050 13.887 14.919 15.906 14.974 14.201 13.187 12.828 12.405 11.991 10.757 10.372 9.139 8.330 7.459 6.937 5.828 4.875 3.844 3.230 1.940 0.639 0.002 0.955 1.853 3.096 4.442 6.542 7.519 9.556 10.660 11.222 12.017 12.382 15.486 15.724 19.013 18.861 18.993 17.236 14.845 12.597 11.662 10.699 11.819 12.638 14.904 15.563 16.961 18.734
23.713 22.330 20.822 20.832 18.700 18.805 19.720 18.612 19.359 18.139 15.988 16.061 16.303 14.539 14.805 16.261 17.071 16.195 15.928 13.832 14.501 13.765 12.901 11.850 11.444 10.420 9.457 8.257 7.237 6.594 5.580 4.244 3.442 2.824 1.834 0.620 0.000 0.743 1.882 3.699 5.100 6.859 8.729 9.670 10.504 11.902 12.392 15.499 15.742 18.901 18.948 19.000 17.088 15.036 12.564 11.442 10.528 11.072 12.100 15.045 15.205 16.722 18.496
23.412 22.184 20.543 20.578 18.753 18.560 19.638 18.538 19.214 18.043 16.031 16.076 16.134 14.587 14.816 16.288 16.974 16.734 16.138 14.618 15.223 14.971 14.145 12.790 12.508 11.674 10.060 9.120 8.991 8.095 6.516 5.163 5.439 4.533 2.980 1.827 0.672 0.001 0.956 2.428 4.823 6.192 7.692 9.137 10.046 11.778 12.477 15.838 16.709 19.446 19.702 19.364 17.596 15.106 13.019 11.386 10.105 10.730 11.713 14.692 15.082 16.829 18.559
23.999 22.441 20.863 20.953 19.386 18.883 20.033 19.019 19.446 18.346 16.646 16.586 16.668 15.350 15.174 17.071 17.804 17.326 16.526 15.119 16.102 15.328 14.690 13.501 12.518 12.228 10.718 9.594 9.277 8.734 7.230 5.393 6.648 5.801 3.485 3.393 2.024 0.844 0.001 1.127 2.803 4.895 6.548 8.191 9.302 11.322 11.947 15.026 15.954 18.548 19.319 19.156 17.362 15.156 12.540 11.084 9.710 10.409 11.142 13.510 14.383 16.094 18.101
24.085 22.868 21.597 21.626 20.005 20.251 21.602 20.615 21.812 20.827 18.900 18.984 19.755 18.372 18.517 20.379 21.220 20.734 20.130 18.473 19.239 18.229 17.451 15.818 15.544 15.179 12.965 11.263 10.962 10.140 8.094 7.407 8.627 8.124 5.497 5.590 4.426 2.853 0.856 0.001 1.585 3.748 5.800 8.156 8.953 12.150 13.036 16.531 17.448 19.918 20.638 20.545 18.981 16.859 14.511 12.800 11.203 11.814 11.980 14.951 16.099 17.715 19.502
23.716 22.525 20.712 20.733 18.897 19.076 20.611 19.747 21.171 19.943 18.036 18.636 18.884 17.647 18.609 20.532 21.509 21.170 20.595 19.028 20.251 20.246 19.647 17.611 16.630 16.848 15.240 12.139 12.366 12.647 10.491 8.847 10.280 10.379 8.584 6.654 6.011 6.098 3.583 1.426 0.003 1.461 3.529 5.829 7.466 9.914 11.819 16.038 17.596 20.253 20.983 20.249 18.473 15.521 13.127 10.577 9.444 9.282 10.362 13.443 14.570 16.860 18.350
24.022 22.252 20.507 20.508 18.802 18.822 20.508 19.805 20.984 19.858 18.109 18.687 19.068 17.844 18.597 20.660 21.434 21.274 20.812 19.582 20.978 20.748 20.373 18.310 17.603 18.399 16.999 14.420 15.427 15.694 13.578 11.899 14.386 14.281 11.563 9.676 7.864 7.540 5.697 2.975 1.024 0.002 1.709 4.025 6.664 9.843 12.265 16.644 18.413 21.091 21.565 20.905 19.153 15.785 13.769 10.349 9.612 9.258 9.945 12.980 14.253 16.899 18.606
23.085 21.520 19.532 19.780 17.834 17.800 19.589 18.717 20.058 18.561 16.706 17.414 17.361 15.808 16.955 19.403 20.212 19.940 19.223 17.745 19.981 20.105 20.260 17.507 16.409 17.719 16.592 13.276 14.569 16.132 14.213 12.289 15.722 16.453 13.946 11.849 11.179 9.364 6.793 6.012 3.602 1.314 0.000 1.810 4.227 6.156 9.005 12.143 14.364 17.597 17.802 16.979 14.561 11.459 9.468 7.543 7.315 7.566 8.811 12.530 13.037 15.294 17.577
22.475 21.111 19.147 19.426 18.267 18.015 19.829 19.348 20.266 18.887 16.851 17.510 17.684 16.007 17.152 19.599 20.303 20.184 19.268 17.797 19.710 19.832 19.877 17.009 16.298 17.819 16.378 13.252 14.965 16.931 14.913 13.385 16.866 18.236 16.249 14.546 14.598 12.904 9.283 9.144 5.786 3.762 1.529 0.001 1.460 3.248 5.563 7.809 10.335 12.717 14.071 12.594 11.815 8.633 7.685 6.301 6.785 7.366 8.851 11.918 12.685 15.051 16.701
22.957 21.518 19.457 19.309 18.070 17.412 19.186 18.562 19.512 17.893 15.121 16.366 16.237 13.788 14.732 18.028 18.502 17.756 16.630 14.282 16.149 16.493 15.972 13.565 13.011 14.761 13.396 10.931 13.301 15.076 14.007 13.685 16.526 17.967 16.846 15.947 16.045 14.563 11.375 12.097 9.128 6.410 3.252 1.047 0.002 1.314 2.677 4.035 5.812 7.608 7.857 7.408 6.116 5.092 4.500 4.814 5.605 7.043 8.696 11.638 11.531 14.089 15.716
22.336 21.074 18.773 19.360 17.403 16.757 18.700 17.495 18.479 17.253 14.192 15.409 15.709 13.191 13.806 16.954 17.563 16.847 15.768 13.593 15.173 15.355 15.158 12.649 11.813 14.080 12.631 9.868 12.066 14.400 12.646 12.499 15.929 17.573 16.345 15.741 16.174 14.459 10.867 11.950 9.146 6.643 4.771 2.896 0.975 0.001 0.933 2.045 3.128 4.283 5.474 5.209 4.941 4.092 4.184 4.304 5.073 6.335 8.201 10.233 10.782 13.185 14.154
22.428 21.216 19.048 19.142 17.723 17.032 18.539 17.460 18.450 16.462 13.773 14.831 14.685 12.231 12.979 16.181 16.640 15.973 15.002 12.319 14.147 14.347 13.960 11.234 11.012 12.434 11.516 9.173 11.375 12.668 12.143 11.910 15.043 16.794 16.064 15.563 16.058 14.632 11.453 12.800 10.784 7.852 6.138 3.968 2.273 0.795 0.000 0.841 1.652 2.642 3.309 3.608 3.288 3.454 3.121 3.492 4.661 5.948 7.980 9.925 9.891 12.117 13.744
22.126 20.878 18.575 19.051 16.954 16.360 17.981 17.108 17.744 16.222 13.408 14.532 14.047 12.105 12.480 15.727 16.579 15.645 14.730 11.927 13.645 14.019 13.527 11.142 10.581 12.021 11.054 8.701 10.766 12.273 11.460 10.995 15.027 16.233 15.304 15.091 15.582 14.276 10.857 12.323 10.525 7.980 6.392 4.763 3.443 1.887 0.762 0.001 0.665 1.718 2.572 3.087 3.153 3.087 3.511 4.373 4.920 6.182 7.921 9.719 10.367 12.398 13.687
22.567 21.305 19.006 19.310 17.210 16.572 18.072 16.890 17.680 16.236 13.358 14.433 14.199 12.154 12.563 15.581 16.286 15.379 15.033 12.305 13.609 14.383 13.564 11.086 11.030 12.298 11.211 8.513 11.139 12.463 12.068 11.316 14.489 15.897 15.342 14.718 15.740 14.233 10.984 12.230 10.951 8.513 7.243 5.373 3.957 2.752 1.616 0.680 0.000 0.810 1.758 2.515 2.766 2.713 2.937 4.312 4.734 6.046 7.411 9.541 9.917 11.815 13.475
22.690 21.592 19.513 19.759 18.158 17.160 18.719 17.568 18.201 16.630 13.984 15.284 14.865 12.908 13.296 16.270 17.048 16.161 15.500 12.641 14.657 14.888 14.496 11.953 11.468 12.742 11.546 9.549 11.463 13.118 12.554 12.120 15.325 16.644 16.245 15.283 16.356 15.035 12.002 13.385 12.450 10.211 9.169 7.492 6.183 4.876 3.002 2.025 0.764 0.002 0.975 2.115 3.142 3.847 4.112 5.518 6.302 7.762 8.703 10.142 10.847 12.425 13.829
23.029 21.969 19.898 20.239 18.738 17.974 19.670 18.818 19.367 17.833 14.935 16.317 16.448 14.039 14.807 17.468 18.250 17.167 16.581 14.070 15.641 15.658 15.217 13.250 12.450 13.499 13.042 10.693 12.770 14.156 13.824 13.692 16.475 17.952 17.439 16.542 17.410 16.171 13.398 15.071 14.368 12.950 11.829 10.858 8.712 7.010 5.404 3.261 2.085 0.708 0.000 1.072 2.449 4.069 6.090 7.169 8.935 11.155 12.332 13.722 13.862 15.172 16.482
22.707 21.323 19.505 19.408 17.600 16.544 18.132 17.230 17.732 16.419 13.318 14.490 14.328 12.140 12.659 15.444 16.295 15.501 15.091 12.146 14.235 14.389 14.862 11.812 11.181 13.080 12.342 9.657 12.231 14.590 13.873 13.776 16.928 18.348 17.813 17.124 17.710 16.232 13.128 14.782 14.130 12.177 11.486 9.600 8.276 5.884 4.968 3.703 2.425 1.840 0.782 0.003 0.976 2.169 3.212 4.277 5.768 6.842 9.237 10.295 11.110 12.961 14.326
22.563 21.141 18.885 19.001 16.691 15.830 17.619 16.687 17.207 15.844 12.974 14.375 14.313 12.016 12.884 15.672 16.442 15.767 14.985 12.283 14.291 14.813 14.635 11.555 10.979 12.999 12.120 9.333 11.448 13.489 12.668 12.211 15.889 17.041 16.390 15.605 16.405 14.959 11.738 13.275 11.877 9.850 8.645 7.134 5.194 4.082 3.187 2.987 2.461 2.861 1.864 0.652 0.001 0.796 1.496 2.629 3.801 5.107 6.509 8.502 9.614 11.399 12.821
22.366 20.994 18.854 19.040 16.762 15.949 17.740 16.600 17.287 15.986 12.699 13.701 13.659 11.381 12.018 14.773 15.718 15.025 14.390 11.631 13.949 14.290 14.264 11.157 10.204 12.483 11.683 9.311 11.049 13.536 12.504 11.800 15.899 17.327 16.333 15.483 16.475 14.869 11.654 12.956 12.389 9.584 8.550 6.490 5.559 4.330 3.775 3.348 3.211 3.853 2.747 1.750 0.763 0.000 0.653 1.462 2.353 3.463 5.050 6.749 8.211 10.236 11.653
23.020 21.319 19.218 18.931 16.720 16.113 17.374 16.620 17.090 15.522 12.739 13.872 13.725 11.653 12.132 14.910 15.701 15.332 14.466 11.802 13.533 14.034 14.068 11.240 10.316 12.235 11.838 8.880 11.022 13.326 12.410 11.715 15.140 17.017 16.159 15.278 16.290 14.691 11.604 12.795 11.816 9.063 7.939 6.096 4.691 3.411 3.009 3.088 3.061 3.909 3.214 2.524 1.605 0.687 0.000 0.690 1.554 2.607 4.122 5.888 7.586 9.717 11.094
21.990 20.508 18.704 18.860 16.759 16.082 17.597 16.726 17.090 16.147 12.889 13.988 13.802 11.577 12.037 14.791 15.544 15.002 14.418 11.930 14.038 14.529 14.628 11.721 10.643 12.851 12.335 9.573 11.648 14.152 13.267 12.638 16.353 18.241 17.163 16.205 17.151 15.435 12.085 13.309 11.790 9.063 7.989 5.739 5.252 3.631 3.532 3.658 3.831 4.850 4.327 3.656 2.516 1.531 0.710 0.001 0.738 1.598 3.168 4.969 6.588 8.742 10.356
22.831 21.187 19.353 19.118 16.991 16.302 17.521 16.711 17.232 15.853 12.911 13.935 13.901 11.888 12.669 15.235 16.053 15.635 15.042 12.428 14.710 15.158 15.321 12.648 11.447 13.740 13.297 9.767 11.922 14.729 13.749 12.351 16.277 17.930 17.168 15.841 17.058 15.391 12.161 13.167 11.479 9.347 7.964 5.617 5.076 3.851 4.313 4.812 5.239 7.367 6.715 5.039 3.651 2.534 1.717 0.729 0.000 0.851 2.295 4.359 6.281 8.223 9.355
22.626 21.351 19.189 19.102 17.181 16.503 17.704 16.645 17.272 16.044 12.951 13.920 14.239 12.442 13.039 16.036 16.536 16.296 15.497 13.273 15.646 16.056 16.335 13.424 11.964 14.541 13.526 10.448 12.227 15.381 14.220 13.124 17.135 19.371 18.333 17.024 18.644 16.529 12.978 14.235 12.635 9.823 8.452 6.300 6.200 5.662 5.577 6.483 7.002 9.238 8.327 7.780 5.867 4.464 3.267 2.016 0.832 0.001 0.875 2.791 4.939 7.026 7.938
22.300 20.829 19.111 19.046 16.838 16.213 17.551 16.626 17.663 16.132 13.765 15.050 15.242 13.515 14.677 17.521 18.392 18.547 17.533 15.558 18.145 17.852 18.633 15.877 14.305 16.104 15.702 11.937 13.557 16.142 15.043 13.950 17.349 19.300 18.265 16.814 17.954 16.719 12.785 14.045 12.749 10.367 8.816 7.121 7.296 7.402 8.271 9.699 11.397 13.768 13.540 12.146 10.012 7.346 6.274 4.358 3.286 0.996 0.002 1.436 3.606 5.670 6.464
23.489 21.811 20.542 20.319 18.178 18.088 19.311 18.038 19.441 18.248 15.930 16.910 17.257 15.936 16.656 18.894 19.901 20.018 19.553 18.128 20.015 19.730 20.342 17.763 15.882 17.350 17.111 13.468 14.211 16.838 15.883 13.916 17.350 19.540 18.679 16.820 18.127 16.835 13.126 14.095 13.113 10.472 10.032 9.014 8.620 9.975 10.879 14.311 16.222 18.460 18.684 17.261 16.227 12.369 10.254 7.919 5.806 3.326 1.356 0.008 1.414 4.156 5.795
23.679 22.158 20.932 20.401 18.668 18.312 19.263 18.102 19.264 18.412 16.786 17.002 17.752 16.729 17.070 19.416 20.503 20.845 20.446 19.292 20.910 20.619 21.049 19.187 16.831 18.642 18.252 15.694 15.170 18.108 17.547 15.845 18.436 20.617 19.805 18.622 19.503 18.539 15.553 15.717 14.386 11.893 10.959 10.287 11.387 12.738 14.715 17.254 18.600 20.789 21.051 21.130 18.964 16.170 13.351 10.162 7.573 5.245 3.125 0.925 0.004 1.289 3.910
24.096 22.803 21.276 20.891 18.849 18.237 19.131 18.066 18.446 17.493 15.868 16.526 16.694 16.067 16.434 18.808 19.975 20.173 19.854 18.700 20.603 20.176 20.709 18.159 16.284 17.527 17.218 15.043 14.894 17.150 16.475 15.699 18.107 20.170 19.466 18.655 19.551 18.226 15.588 16.378 15.174 12.770 12.017 10.934 11.444 12.610 14.606 17.077 18.371 21.029 21.828 20.822 18.528 15.367 12.212 9.346 7.371 5.592 4.924 3.382 1.169 0.001 1.565
25.618 24.205 22.887 22.457 20.724 20.079 20.940 19.716 20.531 19.073 17.239 17.270 17.552 16.677 16.607 19.011 20.575 20.711 20.549 19.013 20.999 20.389 21.306 18.218 16.141 17.580 17.645 14.693 14.708 17.419 16.572 15.775 17.821 20.901 19.856 18.808 20.480 19.811 16.787 17.882 18.065 15.857 15.228 14.367 14.469 15.101 15.846 18.113 19.004 21.789 22.021 21.188 19.110 16.531 13.135 12.383 8.993 8.944 7.968 6.562 4.060 1.318 0.012
