0.001 1.921 5.052 6.208 6.927 8.466 10.245 13.142 14.886 16.790 18.208 18.733 20.087 21.641 21.790 21.763 23.010 24.450 24.244 24.939 26.453 26.818 27.486 27.569 27.313 27.338 26.000 25.871 26.819 26.497 24.983 25.728 26.781 25.926 25.355 26.767 26.988 26.240 26.707 27.684 27.387 27.025 27.615 28.255 28.100 27.812 28.579 28.868 28.622 28.585 28.967 29.096 28.936 29.045 28.895 28.789 28.661 28.312 28.257 28.087 27.964 27.267 26.855 26.728 26.171 25.615 25.493 25.833 25.735 25.602 25.550 26.298 26.330 26.880 27.028 27.172 27.362 27.478 27.882 28.068 28.377 28.615 28.723 28.677 29.252
1.289 0.000 2.113 4.709 6.231 7.130 8.227 11.035 13.023 14.609 15.784 16.757 18.309 19.968 19.842 20.002 22.139 23.261 23.554 24.462 25.845 25.867 26.824 26.616 26.192 26.278 24.873 24.715 25.778 24.858 22.833 24.458 25.429 24.174 23.858 25.333 25.822 24.938 25.617 26.772 26.277 26.379 27.154 27.850 27.777 27.932 28.487 28.786 28.610 28.739 28.964 29.061 29.107 29.195 28.798 28.647 28.409 27.970 27.919 27.667 27.141 26.524 26.304 25.854 25.133 24.754 25.026 25.394 25.363 25.369 25.544 25.824 25.972 26.502 26.611 26.362 26.862 27.362 27.553 27.821 28.358 28.455 28.667 28.700 29.241
4.423 1.258 0.001 2.117 5.098 6.375 6.615 8.760 11.918 13.526 14.328 15.729 17.076 19.045 18.507 18.510 20.601 21.998 21.944 23.307 24.802 24.860 25.725 25.917 25.403 25.367 23.769 23.550 24.743 23.859 21.888 23.443 24.699 23.399 23.363 25.049 25.353 24.501 25.372 26.608 26.082 25.879 27.186 27.693 27.608 27.677 28.568 28.752 28.611 28.735 29.059 29.174 29.105 29.162 28.865 28.895 28.783 28.297 28.175 28.106 27.647 26.865 26.601 26.233 25.606 25.043 25.039 25.674 25.824 25.024 25.624 26.192 26.029 26.422 26.851 26.670 26.778 27.207 27.595 27.802 28.118 28.360 28.556 28.689 29.094
6.319 4.526 1.222 0.000 2.221 5.159 6.448 7.803 9.397 12.398 13.282 14.719 15.783 17.607 18.021 17.861 19.978 21.819 21.963 22.913 24.917 24.934 26.127 26.217 25.788 25.882 24.115 24.016 25.291 24.576 22.544 24.457 25.396 24.400 23.973 26.014 26.175 25.276 26.140 27.202 26.744 26.530 27.642 28.051 27.806 27.804 28.745 28.732 28.625 28.762 29.078 29.098 29.034 29.093 28.729 28.641 28.383 27.847 27.725 27.455 27.043 26.375 26.129 25.798 24.989 24.426 24.693 25.176 25.287 25.348 25.544 25.992 25.979 26.460 26.564 26.460 26.765 27.211 27.538 27.692 28.223 28.424 28.538 28.642 29.149
7.192 6.092 4.501 1.202 0.000 1.860 4.763 6.635 7.226 9.463 11.773 13.451 15.050 17.365 16.689 17.367 19.810 21.095 21.357 22.854 24.510 24.664 25.587 25.696 25.285 25.066 23.486 23.411 24.725 23.716 21.979 23.914 24.888 23.618 23.552 25.242 25.498 24.750 25.262 26.682 26.257 26.218 27.141 27.854 27.704 27.794 28.532 28.696 28.627 28.706 28.979 29.027 29.182 29.086 28.738 28.676 28.324 27.760 27.698 27.421 26.948 26.356 26.107 25.606 24.922 24.480 24.786 24.788 24.896 24.860 24.875 25.569 25.527 26.131 26.264 26.385 26.748 27.073 27.389 27.707 28.218 28.621 28.836 28.776 29.281
8.676 7.012 6.456 4.337 1.103 0.000 1.862 5.092 6.332 7.534 9.042 11.232 13.049 15.120 14.709 15.661 18.150 19.116 19.576 21.459 23.143 23.321 24.558 24.510 24.199 23.806 21.701 21.988 23.488 22.245 20.401 22.586 23.686 22.258 22.737 24.374 24.530 24.080 24.796 26.002 25.282 25.458 26.805 27.336 26.741 27.433 28.227 28.345 28.207 28.433 28.827 28.910 28.916 28.868 28.603 28.558 28.108 27.602 27.569 27.156 26.753 25.969 25.919 25.453 24.646 24.600 24.714 24.927 25.015 25.003 24.705 25.492 25.937 26.108 26.313 26.205 26.680 27.056 27.233 27.564 28.192 28.623 28.744 28.734 29.318
11.381 8.622 7.276 6.074 4.301 1.068 0.000 1.947 4.398 6.131 7.065 8.599 10.411 13.006 12.571 13.173 16.008 17.682 18.393 20.121 21.982 22.314 24.100 24.429 23.184 23.286 20.802 20.840 22.619 21.710 19.410 21.930 23.150 22.110 22.293 24.381 24.675 23.879 24.978 26.169 25.415 25.560 27.036 27.659 27.249 27.389 28.374 28.584 28.291 28.470 28.993 29.003 29.011 28.915 28.693 28.554 28.244 27.685 27.751 27.555 26.749 26.060 25.745 25.393 24.629 24.376 24.392 24.662 24.729 24.302 24.142 25.006 25.303 25.799 26.163 25.958 26.470 26.858 27.274 27.553 28.147 28.523 28.718 28.751 29.232
13.164 11.850 8.432 6.182 5.846 4.403 1.123 0.000 2.033 4.631 6.457 7.655 9.575 12.100 12.016 12.998 15.999 17.936 18.926 20.778 22.524 22.762 24.096 24.397 23.600 23.732 21.809 21.528 23.077 22.537 20.592 22.681 23.942 23.073 23.049 24.911 25.199 24.632 25.294 26.569 26.194 25.897 27.199 27.789 27.609 27.852 28.547 28.648 28.491 28.685 29.140 29.141 29.137 29.088 28.821 28.810 28.464 28.026 27.834 27.509 26.986 26.145 25.739 25.297 24.607 24.123 24.271 24.539 24.652 24.586 24.977 25.161 25.310 26.023 26.109 25.941 26.528 27.011 27.257 27.684 28.046 28.586 28.813 28.899 29.253
14.869 13.474 11.840 8.092 7.415 6.604 4.850 1.200 0.000 2.089 4.954 6.992 8.912 10.699 10.976 12.224 15.047 16.628 17.845 19.530 21.029 21.345 22.887 22.988 22.285 22.462 20.693 20.657 22.402 21.513 19.650 22.098 23.229 21.960 22.403 24.397 24.601 23.954 24.941 26.233 25.912 25.897 26.926 27.601 27.576 27.722 28.333 28.556 28.512 28.622 28.851 28.944 29.013 29.088 28.740 28.677 28.518 28.015 27.998 27.595 27.203 26.708 26.391 25.829 25.291 24.680 24.669 24.849 24.993 24.839 24.981 25.594 25.817 26.461 26.577 26.550 26.760 27.336 27.624 27.892 28.490 28.759 28.777 28.839 29.339
17.072 15.044 13.751 12.041 8.878 7.503 7.187 4.369 1.558 0.000 1.857 4.599 7.123 8.289 7.747 9.523 12.395 13.182 14.923 17.168 19.259 19.889 21.895 22.105 21.338 21.601 19.313 19.373 21.636 20.548 19.041 21.646 22.873 21.660 22.262 24.435 24.768 23.951 25.247 26.395 25.969 26.022 27.126 27.763 27.448 27.729 28.397 28.746 28.417 28.676 28.904 29.012 29.072 28.885 28.787 28.626 28.289 27.925 27.917 27.640 27.076 26.719 26.222 25.754 25.217 24.995 25.028 25.152 25.420 24.937 25.403 25.659 25.808 26.437 26.547 26.657 26.850 27.486 27.708 27.875 28.420 28.772 28.844 28.943 29.341
19.841 17.704 15.594 14.239 12.500 9.428 8.367 6.907 4.246 1.463 0.000 1.997 4.739 6.203 6.387 8.250 10.984 12.219 13.546 15.922 17.424 18.940 21.184 21.570 21.117 21.475 19.756 19.540 21.535 20.883 19.150 21.414 22.868 21.718 22.003 24.207 24.512 23.768 24.689 26.048 25.572 25.409 26.823 27.294 27.134 27.431 28.259 28.279 28.035 28.314 28.722 28.629 28.536 28.225 28.188 28.113 27.532 27.367 27.251 26.987 26.527 26.017 25.720 25.158 24.641 24.573 24.284 24.501 24.619 24.719 25.183 25.176 25.204 25.697 26.066 26.084 26.469 27.040 27.368 27.446 28.270 28.548 28.835 28.779 29.255
23.468 22.079 19.917 17.611 15.694 13.236 10.629 8.916 7.360 4.499 1.612 0.001 1.969 4.448 5.381 5.767 5.939 9.258 11.135 11.072 12.557 14.537 17.390 18.200 17.468 18.788 17.223 16.470 19.681 19.402 18.066 20.148 21.894 21.078 21.575 23.465 24.113 23.459 24.326 25.629 25.226 25.664 26.479 26.922 26.798 27.236 27.922 27.998 27.836 28.087 28.550 28.615 28.732 28.575 28.414 28.392 27.921 27.569 27.621 27.405 26.672 26.337 26.224 25.613 25.046 24.854 24.991 24.933 25.034 24.823 25.206 25.406 25.659 26.109 26.363 26.302 26.720 27.239 27.633 27.697 28.190 28.725 28.871 28.905 29.310
22.736 22.045 19.672 18.119 16.472 14.352 12.256 9.947 7.622 6.213 4.138 1.061 0.000 1.050 2.051 3.382 3.153 3.527 5.957 6.898 8.141 9.664 11.907 13.317 13.128 14.605 13.374 13.544 16.708 17.073 16.326 18.632 20.518 20.448 20.573 23.061 23.481 23.130 24.334 25.413 25.018 25.260 26.333 26.961 26.910 27.350 28.146 28.351 28.008 28.245 28.802 28.912 28.917 28.798 28.542 28.557 28.167 27.849 27.775 27.658 27.213 26.713 26.233 25.740 25.466 24.830 24.843 24.946 25.137 24.971 25.218 25.599 25.706 26.093 26.478 26.301 26.802 27.556 27.802 27.723 28.403 28.675 28.779 28.823 29.172
23.033 22.331 20.487 18.543 16.618 14.577 12.724 10.595 8.045 7.006 5.476 2.664 0.735 0.000 0.915 1.953 2.956 2.993 4.564 6.338 7.177 8.749 11.126 11.793 11.570 13.179 12.185 12.558 15.269 15.870 15.587 17.360 19.492 19.250 19.858 21.821 22.696 22.587 23.411 24.585 24.535 25.066 26.049 26.417 26.575 27.135 27.609 27.761 27.480 27.911 28.423 28.395 28.581 28.425 28.343 28.351 27.733 27.423 27.622 27.313 26.873 26.413 26.108 25.669 25.287 24.856 24.954 24.912 24.907 24.751 24.870 25.407 25.545 26.149 26.268 26.115 26.590 27.325 27.446 27.570 28.151 28.693 28.720 28.684 29.172
23.217 22.082 20.478 18.923 17.442 15.785 13.968 11.231 9.382 7.980 5.713 3.345 1.995 0.709 0.001 1.306 2.114 3.379 3.638 5.070 6.801 8.233 10.980 12.018 11.306 13.502 12.073 12.152 15.391 16.156 15.909 17.604 19.539 19.738 20.240 22.198 22.928 22.931 23.693 24.760 24.849 25.006 26.014 26.639 26.516 27.220 27.915 28.044 27.705 28.132 28.617 28.614 28.676 28.563 28.739 28.539 28.045 27.814 27.861 27.619 26.897 26.443 26.477 25.923 25.355 24.846 25.049 25.327 25.442 25.194 25.394 25.887 25.825 26.282 26.300 26.361 26.741 27.095 27.464 27.725 28.202 28.599 28.800 28.768 29.273
22.764 21.749 20.406 18.599 16.913 15.341 13.706 10.780 9.207 8.098 6.130 3.687 3.034 2.238 0.660 0.000 0.984 2.251 3.541 3.764 5.138 6.840 9.338 10.619 10.543 12.490 11.788 11.401 14.556 15.765 15.562 17.296 18.999 19.561 19.587 21.779 22.459 22.559 23.329 24.518 24.388 24.283 25.536 26.331 26.346 26.703 27.528 27.940 27.467 27.968 28.462 28.601 28.713 28.464 28.462 28.581 27.899 27.546 27.732 27.480 26.832 26.242 26.102 25.530 24.752 24.434 24.603 24.802 24.861 24.874 25.128 25.495 25.403 25.855 26.129 26.072 26.522 27.190 27.394 27.460 28.105 28.357 28.567 28.613 29.075
22.936 21.967 20.345 18.816 17.073 15.214 13.821 10.997 9.415 8.596 6.505 3.850 3.125 2.906 1.767 0.652 0.000 0.898 2.390 3.628 4.170 5.759 8.213 9.496 9.948 11.658 11.040 11.429 14.493 15.378 15.089 17.148 18.824 19.137 19.264 21.433 22.273 22.108 22.911 24.192 24.024 24.362 25.472 26.240 26.155 26.893 27.433 27.773 27.357 27.858 28.358 28.466 28.551 28.558 28.376 28.382 27.819 27.777 27.714 27.319 26.914 26.392 26.161 25.517 25.251 24.781 24.916 25.088 25.087 24.969 25.133 25.467 25.778 26.175 26.534 26.377 26.761 27.433 27.725 27.796 28.392 28.630 28.739 28.765 29.108
23.643 23.006 21.106 19.596 17.981 16.210 14.725 12.099 10.563 9.660 7.801 5.371 3.786 3.381 3.027 2.126 0.699 0.000 1.104 2.744 4.046 4.982 7.374 8.646 8.913 10.841 10.296 10.921 13.622 14.700 14.869 16.899 18.380 18.828 19.644 21.400 21.971 22.173 23.139 24.214 23.975 24.661 25.682 26.296 26.099 27.058 27.508 27.581 27.303 27.933 28.401 28.376 28.695 28.379 28.650 28.526 28.002 27.808 28.040 27.690 27.124 26.798 26.538 25.810 25.394 25.292 25.286 25.196 25.222 25.119 25.153 25.604 25.735 26.494 26.446 26.361 26.984 27.564 27.692 27.775 28.479 28.787 28.766 28.759 29.279
23.776 23.091 21.655 20.031 18.505 17.001 15.507 12.910 11.984 11.202 8.555 6.831 5.995 4.064 3.667 3.733 2.134 0.717 0.000 1.239 3.049 4.605 7.107 8.263 8.628 10.212 10.253 10.489 13.452 14.538 14.734 16.951 18.767 19.022 19.714 21.433 22.247 22.448 23.344 24.297 24.172 24.427 25.569 26.100 26.226 26.700 27.362 27.764 27.398 27.753 28.420 28.464 28.621 28.603 28.636 28.503 27.955 27.682 27.854 27.607 26.647 26.447 26.395 25.631 24.926 25.099 25.129 25.095 25.059 25.107 25.264 25.435 25.720 26.143 26.271 26.211 26.916 27.486 27.664 27.716 28.439 28.610 28.760 28.784 29.248
24.152 23.797 22.514 20.874 19.659 18.544 16.717 14.767 14.096 12.901 10.660 9.415 8.246 7.013 5.056 5.242 4.395 2.930 0.881 0.000 1.203 3.078 5.834 7.882 8.209 9.750 9.777 10.417 13.308 14.497 14.577 16.964 18.967 19.269 20.245 22.111 22.624 22.710 23.897 24.748 24.858 25.064 26.003 26.608 26.725 26.997 27.649 28.135 27.847 28.203 28.515 28.717 28.821 28.811 28.695 28.666 28.235 27.947 28.033 27.812 27.453 26.856 26.663 26.100 25.580 25.488 25.538 25.270 25.168 25.360 25.319 25.821 26.135 26.410 26.852 26.903 27.275 27.724 28.076 28.179 28.631 28.800 28.934 28.911 29.277
24.406 24.225 22.789 21.488 19.983 19.504 17.762 15.939 15.844 15.627 13.399 12.025 10.124 8.868 8.159 6.251 5.182 4.844 2.983 1.054 0.000 1.584 4.389 5.831 7.049 8.307 8.706 9.419 11.693 13.230 14.082 16.084 17.952 18.919 19.907 21.406 22.064 22.777 23.350 24.356 24.866 25.246 26.128 26.656 26.864 27.190 27.951 27.868 27.846 28.278 28.607 28.755 28.997 29.127 28.879 28.825 28.618 28.341 28.594 28.362 28.008 27.619 27.498 26.872 26.405 26.147 26.339 25.733 25.734 25.880 25.798 26.219 26.677 27.106 27.246 27.250 27.801 28.063 28.345 28.363 28.900 29.037 29.024 29.176 29.499
26.468 26.274 25.403 24.334 23.418 23.132 22.011 20.332 20.313 19.774 17.867 16.185 13.736 12.259 12.035 10.973 7.360 6.471 5.882 3.675 1.392 0.001 1.446 3.373 5.193 7.077 8.181 8.920 10.840 12.653 14.085 16.025 17.455 18.933 19.629 20.857 21.589 22.552 23.307 23.930 24.194 25.027 25.684 26.129 26.361 26.963 27.499 27.566 27.689 27.956 28.533 28.733 28.895 28.948 29.161 28.963 28.695 28.645 28.834 28.676 28.147 28.072 28.042 27.353 26.834 27.031 26.991 26.532 26.456 26.548 26.293 26.736 27.084 27.498 27.588 27.426 28.124 28.428 28.543 28.576 28.995 29.193 29.154 29.149 29.542
26.860 26.521 25.720 24.855 24.313 23.997 22.422 21.120 21.398 20.637 18.748 17.515 15.686 13.398 12.576 11.244 9.304 7.050 6.434 5.564 3.334 1.082 0.001 1.574 3.133 6.312 7.703 7.487 9.000 12.145 13.226 13.825 15.841 18.148 19.155 20.199 21.262 22.499 23.115 23.760 24.380 25.148 25.491 25.885 26.482 27.025 27.428 27.795 27.778 28.012 28.508 28.747 28.902 28.887 29.090 29.103 28.673 28.574 28.877 28.703 28.248 28.097 28.091 27.316 27.018 27.011 26.861 26.305 26.334 26.730 26.375 26.787 27.271 27.624 27.620 27.625 28.123 28.501 28.493 28.509 29.050 29.260 29.229 29.174 29.670
27.147 26.965 26.213 25.256 25.048 24.809 23.553 22.565 22.816 22.122 20.092 19.457 17.686 16.117 15.010 13.527 11.690 9.386 8.108 7.214 5.078 3.043 1.447 0.000 1.550 4.610 5.995 5.603 5.585 9.002 10.440 10.727 11.408 14.170 15.320 15.294 17.048 18.767 19.533 20.034 20.967 22.417 22.963 23.656 24.139 25.191 25.691 26.218 26.289 26.894 27.339 27.679 28.013 28.037 28.242 28.338 27.837 27.711 28.170 27.943 27.072 26.974 27.125 26.337 25.589 25.875 26.030 25.274 25.272 25.740 25.134 25.522 26.208 26.609 26.430 26.558 27.299 27.706 27.568 27.909 28.418 28.635 28.622 28.744 29.228
27.210 27.291 26.567 25.729 25.966 25.659 24.722 23.975 24.488 23.904 22.658 22.433 21.637 20.538 18.098 16.540 15.468 13.447 11.111 10.297 8.845 5.263 3.562 1.762 0.000 1.468 3.639 4.364 3.585 3.915 7.095 8.049 7.945 9.125 11.877 12.676 12.262 14.350 16.094 16.990 16.739 18.441 19.626 20.460 20.889 21.977 23.609 23.879 23.376 24.436 25.730 25.922 26.103 26.282 26.798 26.858 26.362 26.009 26.887 26.689 25.362 25.425 25.655 24.506 23.707 24.293 24.647 23.806 23.579 24.391 24.174 24.136 24.783 25.798 25.591 25.376 26.272 27.098 26.721 26.955 27.905 28.127 28.047 27.999 28.782
25.706 25.398 24.420 23.669 23.205 22.839 21.809 21.142 21.458 20.929 19.535 19.538 18.888 18.121 16.038 14.508 13.549 11.729 9.502 9.113 8.249 5.497 4.998 3.504 0.794 0.000 0.739 1.766 2.201 2.012 2.551 3.835 4.228 4.975 6.415 7.381 8.050 8.427 10.033 10.908 11.718 12.848 13.682 14.605 15.584 16.671 18.307 18.499 18.765 20.178 21.518 21.717 23.239 22.740 24.203 24.212 22.539 22.524 23.989 23.603 21.496 21.750 22.299 20.952 19.766 20.483 20.939 20.468 20.897 21.375 21.556 21.479 21.757 23.006 23.075 22.399 23.490 24.747 24.273 24.596 25.947 26.520 26.433 26.573 27.618
25.235 25.173 24.203 23.577 23.245 22.905 21.599 20.930 21.520 20.717 19.258 19.244 18.462 17.700 16.000 14.342 13.776 12.201 9.577 9.659 9.085 6.091 6.019 4.320 2.169 0.634 0.000 0.871 1.282 1.952 2.439 2.830 3.884 4.860 5.720 6.226 7.531 7.311 8.933 9.618 10.183 11.489 12.526 13.499 14.099 15.661 17.150 17.450 17.430 18.883 20.672 20.877 22.122 21.877 23.452 23.491 21.680 21.654 23.251 23.173 21.117 21.119 21.900 20.546 19.577 20.283 21.077 20.693 21.041 21.612 22.089 21.526 22.018 23.075 23.244 22.124 23.316 24.670 24.036 24.229 25.978 26.420 26.188 26.309 27.490
25.455 25.362 24.139 23.481 23.281 22.795 21.542 20.870 21.474 20.666 19.386 19.193 18.360 17.718 15.751 14.014 13.597 11.604 9.618 9.730 8.905 6.389 6.040 4.953 2.661 1.359 0.587 0.000 0.715 1.342 2.162 2.138 2.833 4.132 5.390 5.368 6.317 7.042 8.629 9.514 9.768 11.242 12.157 13.285 13.931 14.885 16.357 17.336 17.517 18.172 19.894 20.652 21.367 21.494 22.942 23.279 22.235 21.788 23.457 23.386 21.647 21.313 22.045 20.887 19.807 20.362 21.233 20.804 20.924 21.868 21.900 21.641 22.070 23.281 23.085 22.288 23.519 24.814 24.159 24.181 26.000 26.297 26.080 26.187 27.148
25.520 25.484 24.235 23.671 23.237 23.192 21.630 20.840 21.819 20.992 19.168 19.342 18.616 18.054 15.798 14.052 13.641 11.804 9.604 9.387 8.590 5.980 6.080 4.528 2.586 2.056 1.367 0.555 0.000 0.679 1.402 1.950 1.876 3.030 4.749 4.556 5.016 6.155 7.284 8.005 8.480 10.091 10.482 11.636 13.167 13.567 14.993 15.737 16.471 17.029 18.095 19.336 20.296 20.559 22.047 22.543 20.762 20.445 22.314 22.179 20.343 20.600 21.262 20.110 19.084 19.746 20.455 20.098 20.380 21.094 21.184 20.903 21.369 22.791 22.744 21.794 22.781 24.068 23.699 23.951 25.409 25.843 25.862 25.863 27.002
25.556 25.218 24.247 23.566 23.197 22.898 21.645 20.892 21.783 21.111 19.154 19.539 18.683 18.391 16.205 14.584 14.336 12.662 10.340 10.276 9.276 6.728 6.772 4.802 2.704 2.151 2.285 1.305 0.560 0.000 0.681 1.299 1.873 2.167 3.672 4.356 4.649 5.439 6.663 7.853 8.476 9.154 10.484 10.913 12.043 13.623 14.668 15.337 15.655 17.191 18.353 18.551 19.930 19.755 21.436 21.523 19.994 19.794 21.650 21.698 19.629 19.965 20.749 19.838 18.884 19.345 20.224 20.137 20.299 21.060 21.277 21.152 21.501 22.427 22.626 21.587 22.759 23.933 23.440 23.543 25.478 25.485 25.229 25.631 26.689
25.379 25.270 24.129 23.325 23.265 22.954 21.489 20.738 21.685 21.060 19.101 19.468 18.602 18.252 16.106 14.565 14.506 13.022 10.270 10.477 9.689 7.276 6.987 5.559 3.615 2.369 2.382 2.370 1.229 0.547 0.000 0.911 1.498 2.417 3.344 3.773 4.831 5.723 6.467 7.635 8.436 9.592 10.651 11.013 12.090 13.191 14.821 15.400 15.751 17.046 18.972 19.304 20.300 20.258 21.580 21.880 20.211 19.977 21.726 21.946 19.912 19.938 20.858 19.674 18.819 19.620 20.436 19.915 20.552 21.497 21.428 21.046 21.322 22.720 22.698 21.548 22.631 24.052 23.568 23.692 25.327 25.581 25.424 25.556 26.766
25.601 25.243 24.218 23.391 23.017 22.762 21.624 20.899 21.551 21.007 19.221 19.308 18.515 17.998 16.258 14.349 14.236 12.851 10.284 10.233 9.632 7.298 7.306 5.890 3.952 3.275 2.221 2.294 2.134 1.365 0.551 0.000 0.802 1.827 3.225 3.127 3.805 5.638 6.043 7.007 7.832 9.246 10.041 11.331 12.106 12.977 14.834 15.963 16.331 17.289 18.560 19.610 20.320 20.681 21.714 22.258 20.991 20.392 22.114 22.281 20.230 19.914 21.190 20.195 18.959 19.895 20.648 20.164 20.536 21.220 21.496 21.031 21.538 22.591 22.497 21.592 22.893 24.276 23.560 23.860 25.282 25.681 25.296 25.625 26.785
25.631 25.627 24.369 23.780 23.489 23.103 21.723 21.053 21.812 21.007 19.459 19.704 19.006 18.500 16.723 14.936 14.703 13.239 10.690 10.903 10.124 7.924 7.735 6.990 4.613 4.320 4.202 2.635 2.263 2.364 1.580 0.608 0.000 1.035 2.693 3.140 3.400 4.244 6.103 6.352 6.978 8.178 8.952 9.998 11.097 11.991 13.442 14.694 15.829 16.341 17.414 18.180 19.022 19.560 20.859 21.292 19.581 19.264 21.159 20.845 19.044 19.479 20.240 19.296 18.339 18.940 19.652 19.425 19.960 20.450 21.117 20.606 20.720 22.338 22.016 21.112 22.128 23.536 22.923 23.168 24.926 25.194 24.950 25.347 26.480
25.536 25.267 24.409 23.720 23.663 23.606 22.197 21.664 22.644 21.869 20.022 20.725 19.877 19.708 17.279 16.200 15.975 14.394 12.658 12.488 12.241 10.079 9.456 9.126 6.947 5.644 6.100 5.517 3.322 2.846 3.133 2.011 0.632 0.000 1.452 2.461 3.009 3.369 4.546 6.075 6.141 7.117 8.234 9.231 10.081 11.084 12.487 13.433 14.811 15.785 17.201 18.374 18.801 19.012 19.966 20.964 18.833 18.603 20.492 20.877 18.691 19.231 20.266 19.252 18.188 19.021 19.835 19.691 20.287 21.156 21.143 20.945 21.159 22.377 22.322 21.211 22.196 23.498 22.927 23.050 24.779 25.203 24.743 24.987 26.261
26.000 25.642 24.781 23.829 23.880 23.667 22.210 21.737 22.718 22.231 20.209 21.076 20.053 20.101 17.861 16.462 16.750 15.000 13.980 14.245 14.116 11.721 12.284 11.403 8.758 8.142 6.986 6.996 6.430 3.841 3.918 3.797 2.076 0.595 0.000 1.100 2.205 3.410 3.829 4.409 5.700 7.646 7.922 8.861 9.449 10.575 12.051 12.950 14.446 15.614 16.882 17.453 18.501 18.886 19.885 20.879 19.263 18.691 20.395 20.907 18.762 19.327 20.520 19.513 18.464 19.412 20.243 20.139 20.151 21.314 21.487 21.000 21.175 22.444 22.276 20.949 22.081 23.668 22.559 22.714 24.349 24.938 24.593 24.563 26.038
25.636 25.591 24.535 23.921 23.888 23.669 22.341 21.602 22.681 21.952 20.262 20.898 19.913 19.840 17.789 16.282 16.461 14.850 13.460 13.581 13.638 12.538 12.277 11.583 9.253 8.910 7.933 6.917 6.016 5.158 3.771 3.341 3.078 2.047 0.635 0.000 1.096 2.443 3.449 3.211 4.165 6.005 6.761 7.285 7.689 9.038 10.506 11.237 12.563 13.482 15.054 16.387 17.138 17.672 18.639 20.060 18.241 17.587 19.748 20.048 17.869 18.710 19.870 19.108 18.094 18.952 19.889 19.766 20.408 20.833 21.403 20.913 20.809 22.345 22.350 20.780 21.682 23.278 22.369 22.475 24.388 24.775 24.103 24.565 25.915
26.056 25.893 24.888 24.492 24.302 23.866 22.776 22.193 23.021 22.361 20.899 21.631 20.763 20.465 18.567 17.052 17.715 16.315 15.152 14.782 15.226 13.650 13.052 13.091 11.114 10.402 9.810 8.685 6.959 6.531 5.930 4.105 3.176 2.943 2.191 0.695 0.000 1.216 2.754 3.239 3.236 4.247 6.075 6.301 6.674 7.722 9.152 10.247 11.432 12.355 13.579 14.474 15.744 16.116 16.868 18.041 16.626 16.600 18.378 18.718 17.260 18.013 19.053 18.257 17.501 18.054 19.132 19.477 19.759 19.983 20.903 20.472 20.208 21.991 21.927 20.486 21.254 22.673 22.153 22.079 23.800 24.268 23.922 24.047 25.458
26.151 25.907 25.262 24.588 24.647 24.485 23.243 23.022 23.884 23.307 21.381 22.314 21.833 21.461 19.594 18.520 19.346 17.838 17.188 17.175 17.727 16.006 15.898 15.083 13.621 12.033 11.618 10.626 9.114 7.689 7.679 6.434 4.375 3.673 3.429 2.453 0.629 0.000 1.171 2.132 3.021 3.263 3.513 5.079 6.192 6.108 7.209 8.331 9.822 10.871 12.366 13.458 14.935 15.333 16.364 17.884 16.453 16.551 18.476 19.229 17.262 18.003 19.258 18.583 17.675 18.563 19.732 19.205 19.704 20.755 21.065 20.661 20.902 22.204 22.191 20.575 21.399 22.948 22.198 22.088 23.606 24.340 23.838 23.906 25.261
25.940 25.914 24.694 24.243 24.468 23.960 22.918 22.237 23.335 22.727 21.497 22.115 21.488 21.937 19.790 18.448 19.402 18.410 17.509 17.716 18.789 16.890 16.993 16.252 14.578 13.546 12.572 11.801 10.332 9.189 7.809 7.321 6.366 4.145 3.800 3.397 2.102 0.607 0.000 1.006 1.946 2.655 2.630 3.198 4.548 5.373 6.457 7.183 8.855 9.890 11.004 12.346 13.997 14.563 15.645 17.240 16.118 15.689 18.009 18.597 16.953 17.707 19.031 18.310 17.503 18.243 19.426 19.408 19.867 20.303 21.261 20.579 20.582 22.042 22.290 20.680 21.229 22.799 21.954 21.693 23.578 24.438 23.400 23.649 25.399
25.909 25.926 24.862 24.383 24.595 23.969 22.711 22.474 23.301 22.490 21.390 22.159 21.837 22.014 19.903 18.401 20.107 18.700 17.568 17.820 18.868 16.939 16.943 16.186 14.407 13.137 13.211 12.192 11.502 9.693 8.259 7.480 6.041 5.224 3.897 3.217 2.731 1.879 0.585 0.000 0.830 1.761 2.146 2.073 2.529 3.923 5.096 5.744 7.274 8.142 9.690 10.471 12.171 13.268 14.207 15.792 14.852 14.809 17.006 17.582 16.034 17.013 18.301 17.523 17.022 17.932 18.822 19.257 19.653 20.009 21.172 20.492 19.971 21.726 21.822 19.929 20.824 22.259 21.760 21.145 22.960 23.812 23.007 23.348 24.926
26.239 26.051 24.911 24.706 24.892 24.204 22.844 22.838 23.580 22.869 21.418 22.291 22.103 22.209 20.074 18.855 20.063 18.840 17.136 18.605 19.151 16.925 17.130 16.671 15.040 12.640 12.107 12.307 10.857 9.345 8.466 8.007 6.652 5.125 4.885 3.433 2.497 2.607 1.667 0.597 0.000 0.858 1.499 2.226 2.204 2.625 4.044 4.746 6.324 7.831 8.941 10.413 11.562 12.842 13.926 15.593 14.748 15.205 16.973 17.725 16.365 17.137 18.256 17.606 17.279 17.686 19.074 18.972 19.503 20.008 21.081 20.031 20.124 21.450 21.630 20.032 20.701 22.126 21.747 21.570 23.162 23.857 23.257 23.303 24.895
26.149 25.918 24.734 24.281 24.541 23.812 22.510 22.443 23.315 22.620 21.465 22.232 21.789 21.998 20.129 18.691 20.060 18.884 17.652 18.557 19.291 17.140 17.718 16.685 15.218 13.944 12.619 12.314 11.752 9.962 9.167 8.485 7.346 5.690 5.102 4.746 3.081 2.431 2.526 1.773 0.551 0.000 0.812 1.519 2.171 2.562 3.328 4.690 6.093 7.319 9.189 10.174 11.728 12.836 14.058 15.780 15.031 14.894 17.324 17.809 16.109 16.956 18.314 17.771 17.021 17.725 19.026 18.904 19.055 20.340 21.118 20.091 20.236 21.695 21.804 19.997 20.899 22.402 21.578 21.385 23.053 23.761 23.128 23.145 24.672
26.129 26.124 24.974 24.542 24.711 24.162 23.096 22.951 23.841 23.112 22.151 23.122 22.403 23.086 21.278 19.613 21.194 19.927 18.499 19.168 19.655 18.344 18.185 17.030 16.160 15.140 14.366 13.790 12.682 11.575 10.374 9.534 8.357 6.799 5.736 5.117 4.336 2.990 2.762 2.156 1.667 0.572 0.000 0.794 1.654 2.472 2.605 3.498 5.645 7.297 8.560 10.071 11.187 13.034 14.115 15.905 14.996 14.856 17.252 17.756 16.499 17.054 18.121 17.703 17.131 17.824 18.972 19.210 19.668 20.048 20.847 20.190 19.814 21.380 21.600 20.206 20.334 22.137 21.623 21.360 22.905 23.906 23.339 22.993 24.859
26.390 26.199 24.966 25.059 25.083 24.481 23.206 23.117 24.049 23.249 22.280 23.056 22.825 23.019 21.278 20.127 21.769 20.409 18.673 19.744 20.402 18.214 18.506 17.890 16.525 15.221 14.925 14.398 12.392 11.600 11.258 10.124 8.660 7.391 6.307 5.566 4.151 3.875 2.939 2.230 2.145 1.461 0.581 0.000 0.828 1.771 2.647 2.809 4.219 6.413 7.958 9.443 10.473 12.445 14.057 15.554 14.668 14.844 17.136 17.560 16.294 17.160 18.293 17.879 17.004 18.050 19.098 19.490 19.842 20.278 21.631 20.285 20.112 22.112 21.674 19.979 20.740 22.179 21.471 20.936 22.841 23.509 22.774 22.946 24.704
26.583 26.198 25.335 25.189 25.196 24.422 23.335 23.133 24.063 23.386 22.402 23.416 23.081 23.398 21.427 20.301 21.602 20.280 18.736 20.127 21.267 19.348 19.091 18.185 17.169 15.508 14.883 14.602 13.082 11.733 11.514 10.517 8.973 7.794 6.569 5.891 4.685 4.692 3.926 2.524 2.368 2.271 1.459 0.589 0.000 0.901 1.980 2.927 3.637 5.469 7.478 8.646 10.276 11.989 13.922 15.184 14.112 14.718 16.613 17.562 15.809 17.043 18.167 17.781 17.396 18.280 19.320 19.043 19.814 20.568 21.699 20.447 20.291 21.823 22.012 20.103 20.589 22.003 21.568 20.953 22.812 23.469 22.802 22.966 24.495
26.805 26.604 25.425 25.276 25.327 24.693 23.907 23.795 24.375 23.897 23.126 24.037 23.654 24.275 22.553 21.521 22.762 21.766 20.222 21.085 21.755 20.125 20.358 19.089 18.458 17.548 16.207 15.924 15.418 13.972 13.288 12.978 11.458 9.932 9.063 8.754 6.825 5.707 5.455 4.229 2.693 2.959 2.491 1.998 0.615 0.000 1.011 2.128 3.614 4.579 5.806 8.389 10.101 11.768 13.917 15.361 14.751 14.789 17.466 17.728 16.853 17.510 18.468 18.081 17.857 18.639 19.697 19.487 20.310 21.229 21.992 20.937 20.821 22.222 21.944 20.308 20.847 22.316 21.384 21.066 22.845 23.459 22.710 22.596 24.563
26.488 26.445 25.276 25.192 25.394 25.018 23.820 23.659 24.849 24.058 23.193 24.465 23.927 24.670 23.244 22.014 23.393 22.735 20.566 21.776 22.727 20.735 20.895 20.100 18.904 18.672 17.601 16.194 15.892 14.680 13.380 12.638 12.021 10.761 9.900 9.227 7.993 7.032 5.951 5.038 4.291 3.565 2.856 2.828 1.888 0.636 0.000 1.038 2.517 3.996 4.800 6.745 8.946 10.626 12.714 14.067 13.580 14.048 16.864 17.446 16.316 17.281 18.459 18.055 17.462 18.729 19.662 19.811 20.245 20.781 21.682 20.555 20.633 22.061 21.720 20.484 20.916 22.037 21.422 21.289 22.712 23.478 22.863 22.870 24.547
26.966 26.727 25.827 25.861 25.937 25.246 24.280 24.414 24.953 24.339 23.779 24.834 24.667 24.917 23.789 22.795 24.062 23.018 21.298 22.742 23.059 21.563 21.639 20.849 19.738 18.771 18.530 18.300 16.355 15.654 14.496 13.501 12.638 11.878 10.777 10.476 8.981 8.597 6.944 5.901 5.860 4.660 3.069 3.228 2.862 2.279 0.694 0.000 1.077 2.961 4.294 5.432 7.384 9.285 11.927 12.800 12.594 13.573 15.957 17.200 16.220 16.973 18.715 18.623 17.879 19.209 20.477 20.155 20.744 21.636 22.509 20.915 21.150 22.526 22.118 20.115 21.000 22.340 21.161 20.684 22.644 23.357 22.379 22.428 24.470
27.509 27.429 26.478 26.573 26.647 26.156 25.354 25.173 26.038 25.546 24.732 25.928 25.781 26.112 25.278 24.590 25.354 24.598 23.273 24.230 25.239 23.245 23.747 23.238 22.321 20.929 21.102 20.627 19.479 17.949 17.467 17.192 15.669 14.741 14.919 13.749 11.836 12.165 11.104 8.958 7.888 8.464 6.284 4.555 4.237 4.813 3.603 0.850 0.000 1.378 3.482 5.206 6.969 8.859 11.619 12.945 12.654 13.246 16.060 17.475 16.789 17.994 19.629 19.636 19.127 20.314 21.590 21.244 22.116 22.694 23.283 22.020 21.870 22.952 22.704 20.705 21.435 22.333 21.577 20.896 22.688 23.248 22.112 22.444 24.380
27.401 27.346 26.512 26.349 26.607 26.237 25.443 25.458 26.161 25.752 25.341 26.304 26.300 26.776 25.776 24.994 26.147 25.876 24.339 25.286 25.972 24.569 24.853 23.980 22.967 22.667 22.080 21.528 20.881 19.863 18.917 18.284 17.739 16.343 15.824 15.606 13.949 13.207 12.177 10.957 9.818 8.666 7.266 6.607 4.411 4.324 4.774 3.411 0.846 0.000 1.366 3.291 5.766 8.179 10.875 12.872 12.594 13.116 16.013 17.191 16.648 17.648 19.625 19.604 19.034 20.813 22.090 21.838 22.358 23.169 23.623 22.172 22.140 23.034 22.749 20.774 21.518 22.631 21.558 21.175 22.772 23.521 22.312 22.629 24.799
27.529 27.551 26.712 26.684 26.936 26.695 26.112 26.082 26.646 26.083 25.888 26.697 26.711 26.916 26.291 25.591 26.698 26.251 24.841 26.037 26.242 25.012 25.332 24.745 23.811 23.280 23.099 22.627 21.652 20.783 20.037 19.288 18.567 17.817 16.595 16.420 15.493 14.810 13.775 12.578 11.917 10.163 8.586 8.395 6.662 5.208 5.018 5.218 2.876 0.847 0.000 1.334 3.941 6.798 9.386 11.509 11.463 12.609 15.175 16.888 16.903 17.993 19.829 19.993 19.578 20.646 22.301 21.952 22.555 23.115 23.717 22.272 22.437 23.023 22.728 21.075 21.819 22.611 21.383 20.867 22.690 23.383 22.062 22.504 24.433
28.284 28.234 27.714 27.902 28.022 27.838 27.277 27.491 27.710 27.364 27.265 27.848 27.831 27.993 27.628 27.148 27.860 27.598 26.633 27.553 27.825 26.695 26.957 26.572 26.135 25.701 25.219 25.167 24.262 23.577 23.108 22.793 21.957 21.415 20.584 19.886 19.128 18.415 17.518 15.801 14.835 13.748 11.631 10.587 9.929 8.131 6.493 6.165 6.006 3.496 1.126 0.000 1.924 4.817 7.586 9.694 10.869 12.110 14.282 16.296 16.829 17.976 20.093 21.015 21.174 22.283 23.747 23.831 24.348 24.706 25.145 23.930 23.774 24.341 23.848 21.877 22.438 23.382 22.231 20.725 23.117 23.703 22.092 22.522 24.605
28.893 28.980 28.546 28.705 28.827 28.652 28.319 28.558 28.782 28.498 28.490 29.045 29.121 29.265 28.900 28.622 29.289 29.225 28.523 29.172 29.385 29.022 28.958 28.925 28.813 28.428 28.023 28.209 28.060 27.372 26.889 27.028 26.567 25.873 25.552 25.475 24.563 23.488 23.218 21.950 20.350 19.475 18.455 15.842 13.718 13.228 11.063 8.715 7.717 7.100 3.757 1.761 0.002 1.751 4.395 6.949 8.461 9.941 12.101 14.010 15.279 16.798 18.268 20.776 21.753 22.569 24.035 24.762 25.249 25.522 25.904 25.103 24.404 24.969 24.664 22.781 22.697 23.747 22.715 20.366 22.785 23.449 21.656 21.596 24.095
28.625 28.517 28.089 28.267 28.355 27.975 27.896 28.049 28.178 27.929 27.952 28.660 28.779 28.967 28.680 28.610 29.190 29.099 28.539 29.174 29.316 28.962 29.075 28.957 28.892 28.568 28.253 28.222 28.100 27.549 26.772 26.935 26.505 25.901 25.302 25.330 24.580 23.651 23.315 22.310 20.716 19.626 18.993 17.851 15.132 14.388 13.305 10.925 8.667 7.460 5.863 4.025 1.487 0.000 1.753 4.022 5.092 6.313 6.947 9.383 11.607 11.810 13.499 15.144 16.616 17.579 19.349 20.638 21.577 22.011 22.716 21.754 21.091 22.158 22.116 20.000 20.164 22.031 21.257 19.099 21.639 22.663 21.598 21.137 23.907
28.220 28.061 27.470 27.615 27.685 27.445 27.351 27.513 27.640 27.402 27.456 28.220 28.299 28.606 28.264 28.072 28.659 28.769 28.423 28.574 28.979 28.804 28.900 28.690 28.512 28.264 27.697 27.487 27.513 26.586 25.748 25.834 25.759 24.742 23.800 24.296 23.639 22.012 21.710 21.875 20.022 18.632 18.852 18.406 15.783 14.847 14.383 12.793 9.800 8.813 8.302 5.750 3.945 1.202 0.001 1.432 2.972 4.704 4.153 5.002 7.629 8.969 9.511 10.859 12.486 13.368 15.099 16.065 17.222 17.793 19.187 17.895 18.055 19.980 19.870 18.174 18.440 20.769 19.863 18.493 20.881 22.299 21.600 21.323 23.948
28.136 27.818 27.145 27.294 27.318 26.978 26.775 26.822 27.120 26.815 26.791 27.658 27.769 28.091 27.626 27.377 28.237 28.263 27.801 28.375 28.569 28.350 28.347 28.136 28.001 27.483 26.804 26.710 26.999 25.589 24.874 25.487 25.205 23.795 23.123 23.856 23.136 21.186 21.549 21.736 19.957 18.641 19.521 19.031 16.394 15.961 16.041 14.341 11.120 10.966 10.770 8.057 5.763 3.225 0.823 0.000 1.175 3.141 3.850 3.616 4.470 6.930 8.327 8.527 10.096 11.176 12.899 13.495 14.720 15.551 16.697 15.943 16.046 18.021 18.262 16.150 17.370 19.585 18.703 17.404 20.157 21.600 21.275 21.055 23.566
27.968 27.444 26.933 26.925 26.999 26.532 26.372 26.172 26.824 26.506 26.602 27.403 27.390 27.888 27.237 26.758 27.928 27.874 27.323 28.018 28.438 27.813 28.284 28.013 27.819 27.480 26.732 26.820 26.785 25.974 24.780 25.372 25.197 23.862 23.283 24.262 23.392 21.575 22.210 22.527 20.827 19.549 20.567 20.322 17.293 17.299 17.573 15.870 12.045 12.765 12.864 10.330 7.622 4.297 2.883 0.770 0.000 1.264 2.770 3.538 3.805 4.992 6.865 7.857 9.019 10.345 12.159 13.574 14.093 15.036 16.170 15.119 15.442 17.610 17.787 16.073 17.240 18.697 18.525 17.441 19.877 21.110 21.116 21.658 23.596
27.636 27.225 26.675 26.573 26.653 26.214 26.248 26.069 26.654 26.477 26.408 27.232 27.280 27.765 27.227 26.899 27.771 27.862 27.394 27.872 28.430 27.798 28.301 28.038 27.773 27.465 26.693 26.593 26.621 26.063 24.964 24.940 24.979 24.022 23.257 23.916 23.196 21.831 21.912 22.420 20.783 19.392 20.128 20.039 17.458 17.037 17.791 15.842 12.340 12.822 12.783 9.970 7.831 5.145 4.619 2.573 0.726 0.000 1.234 2.660 3.898 3.896 4.703 6.969 8.592 9.145 10.442 12.660 13.092 14.464 15.804 14.962 15.233 17.505 18.001 15.673 16.344 18.663 18.190 17.071 19.813 21.097 21.045 20.933 23.534
27.810 27.437 26.629 26.790 26.904 26.345 26.241 26.147 26.576 26.244 26.430 27.369 27.483 27.986 27.375 27.005 27.996 27.983 27.648 28.273 28.565 28.142 28.530 28.408 28.108 27.627 26.765 26.740 26.958 25.942 24.639 25.197 25.428 23.754 23.004 23.959 23.374 21.286 21.775 22.699 20.898 19.288 20.170 20.445 17.447 17.212 17.667 16.227 12.576 13.045 12.918 10.663 9.018 6.146 4.633 3.650 2.747 0.748 0.000 1.250 2.425 3.516 3.433 4.892 7.238 8.629 9.782 11.510 11.539 13.861 14.190 14.254 14.758 17.070 17.365 15.611 16.749 19.133 18.306 17.253 20.180 21.335 21.094 21.197 23.450
27.564 27.103 26.435 26.591 26.610 25.995 26.121 25.938 26.499 26.142 26.182 27.096 27.171 27.728 26.981 26.526 27.599 27.713 27.205 27.961 28.271 27.777 28.415 28.085 27.835 27.426 26.647 26.405 26.687 25.659 24.503 25.153 24.997 23.328 22.868 23.809 22.842 21.284 21.577 22.064 20.469 19.310 20.326 20.206 17.793 17.774 18.369 17.198 13.815 14.011 13.958 11.648 9.936 6.975 5.562 3.796 3.825 2.352 0.661 0.000 1.165 2.532 4.025 4.085 5.489 7.557 9.154 11.025 11.142 12.403 13.727 13.871 14.192 16.648 17.001 15.192 16.181 18.786 18.086 17.135 20.048 21.055 20.995 21.072 23.166
27.563 27.159 26.461 26.457 26.515 25.809 25.819 25.758 26.217 25.968 26.019 26.828 26.850 27.435 26.664 26.385 27.496 27.489 27.199 27.824 28.251 27.779 28.086 27.868 27.490 27.225 26.542 26.432 26.581 25.704 24.374 24.626 24.837 23.501 23.251 23.855 23.181 21.715 22.252 22.540 20.900 19.437 20.974 20.917 17.800 18.312 19.219 18.005 14.767 15.319 15.346 13.027 10.988 8.271 7.387 4.618 4.246 4.061 2.613 0.651 0.000 1.072 2.870 3.808 4.592 5.981 7.423 9.825 10.093 11.720 13.274 13.235 13.926 16.157 16.819 14.709 15.956 18.282 18.265 17.089 19.630 21.090 21.172 21.464 23.322
27.498 27.212 26.372 26.363 26.450 25.703 25.587 25.536 26.107 25.830 25.800 26.689 26.696 27.444 26.673 26.411 27.247 27.541 27.320 27.662 28.226 27.698 28.143 27.876 27.539 27.182 26.431 26.241 26.258 25.753 24.325 24.703 24.674 23.322 22.870 23.636 22.960 21.467 21.748 22.162 20.852 19.321 20.349 20.421 17.842 18.012 18.775 17.696 14.610 15.066 15.504 13.080 11.698 9.116 7.708 6.643 4.415 4.050 3.768 2.584 0.634 0.000 1.013 2.598 3.768 4.044 5.084 8.189 8.742 10.383 12.496 12.672 13.269 15.987 16.757 14.469 15.411 18.624 18.242 16.370 19.904 21.607 21.183 21.298 23.169
27.577 27.126 26.436 26.390 26.284 25.838 25.744 25.634 26.157 25.841 25.886 26.609 26.829 27.293 26.538 26.294 27.266 27.394 27.065 27.830 28.173 27.657 28.295 27.982 27.766 27.380 26.537 26.436 26.585 25.471 24.286 24.844 24.984 23.117 22.810 23.806 22.778 21.112 21.571 22.290 20.922 19.630 20.800 20.592 18.536 18.394 19.361 18.270 15.190 15.686 16.422 14.332 12.631 10.230 8.779 6.814 6.047 4.843 3.683 3.702 2.772 0.606 0.000 1.252 2.663 3.897 3.824 5.781 7.584 10.269 12.126 12.329 13.018 15.914 16.189 14.278 15.364 18.174 17.931 17.265 19.865 21.446 21.235 21.315 23.209
27.559 27.051 26.283 26.273 26.318 25.732 26.142 25.471 26.066 25.604 25.762 26.463 26.624 27.190 26.508 26.029 27.037 27.189 26.864 27.455 27.954 27.302 28.023 27.715 27.287 27.166 26.396 26.009 26.364 25.441 24.170 24.668 24.747 23.012 22.827 23.739 23.097 21.314 21.675 22.360 20.878 19.651 20.748 21.015 18.780 18.920 19.636 18.566 16.032 16.630 17.012 15.313 13.660 11.155 9.769 7.743 6.833 6.821 4.734 3.686 4.071 2.627 0.647 0.000 1.263 3.125 3.720 4.526 6.029 8.787 11.768 10.932 12.550 15.328 15.903 14.667 15.620 18.045 18.366 17.967 20.259 21.607 21.717 21.787 23.524
27.499 27.038 26.276 26.129 26.306 25.514 25.848 25.042 25.914 25.468 25.421 26.221 26.353 27.024 26.387 26.167 26.953 27.275 26.918 27.436 27.997 27.612 28.007 27.741 27.465 27.114 26.463 26.075 26.176 25.412 24.307 24.731 24.644 23.014 22.962 23.631 23.203 21.247 21.969 22.542 20.471 19.022 20.943 20.825 18.299 18.562 19.493 18.246 15.871 16.674 17.266 15.415 14.510 11.876 11.034 9.361 7.909 7.550 7.453 4.617 4.397 4.464 3.156 0.672 0.000 1.436 2.608 4.173 5.174 7.605 10.188 10.145 11.614 13.966 14.832 13.608 15.198 17.512 17.964 17.539 19.958 21.277 21.377 21.863 23.482
27.384 26.932 26.199 26.196 26.248 25.349 25.380 25.201 25.596 25.321 25.481 26.117 26.337 26.959 26.201 26.143 27.058 27.279 26.977 27.525 28.082 27.606 28.045 27.872 27.645 27.152 26.711 26.273 26.519 25.231 23.990 24.946 24.829 23.161 22.567 23.575 22.656 21.138 21.348 22.181 20.974 19.368 20.530 20.808 18.477 18.686 20.013 18.553 16.194 16.962 17.869 16.285 15.578 14.061 12.379 10.935 9.748 9.071 8.343 6.965 5.694 4.455 4.455 3.161 0.729 0.000 1.325 3.285 5.200 7.566 10.622 10.340 11.242 14.356 14.666 13.387 14.690 17.522 17.735 17.433 19.874 21.337 21.425 21.479 23.642
27.428 26.881 26.277 26.286 26.172 25.628 25.548 25.297 25.822 25.418 25.740 26.398 26.272 27.006 26.423 26.150 26.995 27.057 26.867 27.622 27.898 27.307 27.994 27.909 27.518 27.196 26.567 26.297 26.572 25.685 24.038 24.758 24.933 23.170 22.320 23.616 23.036 21.138 21.350 22.862 21.186 19.839 21.229 21.866 19.497 19.318 21.007 20.175 17.624 17.999 19.152 17.682 16.734 15.190 13.763 12.753 11.967 10.461 9.551 8.748 7.755 5.533 5.136 4.591 3.239 0.850 0.000 1.271 3.304 6.264 8.863 8.845 10.589 13.147 14.101 12.903 14.531 17.104 17.502 17.181 19.516 21.441 21.407 21.651 23.508
27.343 26.948 26.222 26.279 26.356 25.619 25.684 25.458 25.903 25.256 25.939 26.361 26.335 26.952 26.403 26.452 26.815 27.201 27.043 27.448 27.906 27.138 27.831 27.623 27.395 27.126 26.499 26.299 26.180 25.534 23.929 24.690 24.698 23.035 22.474 23.679 23.411 21.003 22.114 23.342 21.120 20.477 22.182 23.063 20.649 20.688 22.026 21.428 19.567 19.588 20.482 19.616 18.897 17.871 16.569 15.658 15.151 13.475 12.250 11.553 10.503 9.357 6.350 5.514 5.097 3.638 0.887 0.000 1.482 4.518 6.462 7.009 9.612 12.331 13.030 12.970 15.205 17.366 18.180 18.273 20.544 21.980 22.237 22.579 24.091
27.282 27.228 26.487 26.199 26.456 26.092 25.598 25.496 26.332 25.687 25.938 26.681 26.441 27.363 26.817 26.796 27.280 27.812 27.389 27.750 28.348 27.965 28.330 28.011 27.863 27.434 26.900 26.720 26.713 25.829 23.825 24.781 24.886 23.186 22.492 23.659 23.029 20.512 21.998 22.854 21.069 20.286 22.286 22.685 21.134 21.551 23.184 22.592 21.180 22.349 23.487 22.880 22.397 21.784 20.838 20.025 18.853 17.493 16.955 15.072 13.387 12.892 10.615 7.639 6.867 6.392 3.692 1.400 0.000 1.699 4.127 5.169 6.841 8.478 9.934 11.169 12.690 14.565 16.223 16.882 19.055 20.298 21.209 21.877 23.700
27.643 27.221 26.576 26.604 26.426 26.081 25.711 25.947 26.138 25.726 25.914 26.578 26.497 27.290 26.704 26.741 27.141 27.380 27.348 27.414 27.955 27.834 27.993 27.739 27.480 27.117 26.539 26.435 26.401 25.427 23.957 24.477 24.239 23.076 22.620 23.037 22.574 21.328 21.940 22.834 21.407 20.761 22.186 23.059 21.082 21.336 23.308 22.869 21.367 22.254 23.606 22.932 22.626 21.568 20.588 20.339 18.555 17.502 17.132 15.865 14.395 13.338 11.859 9.744 7.803 7.183 5.581 3.344 1.093 0.000 1.669 3.160 5.697 6.890 8.037 9.745 11.138 12.658 14.277 15.036 17.619 18.844 19.657 20.383 22.397
27.064 26.557 26.057 25.812 25.707 25.221 25.379 24.971 25.364 25.111 25.440 26.172 26.022 26.993 26.402 26.236 26.925 27.183 27.062 27.492 27.891 27.855 28.044 27.859 27.466 27.308 26.703 26.476 26.548 25.591 23.781 24.466 24.431 22.786 22.376 23.397 22.710 21.236 22.037 22.870 21.526 20.631 22.413 23.124 21.642 22.001 23.642 23.453 22.331 23.068 24.079 23.341 23.111 22.464 21.500 21.105 19.882 18.604 18.342 17.607 15.739 13.998 12.791 11.293 9.021 7.687 6.553 5.044 2.846 0.930 0.000 1.556 4.006 5.532 6.590 8.020 10.076 12.084 13.271 14.518 16.628 18.014 18.902 19.871 21.424
27.059 26.690 26.157 25.913 25.945 25.485 25.643 25.363 26.073 25.547 25.828 26.156 26.273 27.128 26.466 26.569 27.106 27.436 27.069 27.421 28.174 27.729 28.012 27.835 27.729 27.380 26.811 26.473 26.582 25.840 24.282 24.676 24.880 23.249 22.704 24.088 23.532 21.151 22.698 23.728 22.127 20.640 23.024 23.620 21.973 22.005 23.743 23.299 21.865 22.653 23.661 23.017 22.472 21.788 20.898 21.036 20.097 18.848 18.462 17.846 16.284 14.867 14.337 12.913 10.135 9.639 9.612 7.545 4.291 3.334 1.035 0.000 1.851 4.820 6.030 6.022 7.491 10.369 12.156 12.021 13.982 15.769 16.438 17.330 18.398
27.520 27.093 26.580 26.550 26.500 26.034 25.831 25.787 26.456 26.084 26.206 26.952 26.692 27.566 26.910 26.764 27.435 27.450 27.173 27.577 28.229 27.752 28.094 28.071 27.640 27.358 26.728 26.477 26.659 25.770 24.405 24.734 24.843 23.115 22.535 23.636 23.122 21.201 22.292 23.232 21.866 20.519 22.456 23.434 21.573 21.336 23.597 23.477 21.606 22.432 24.035 23.220 22.767 22.091 21.353 21.291 20.262 18.854 18.238 17.981 16.463 14.979 15.012 13.673 11.168 10.439 11.295 9.388 6.078 6.442 4.543 1.035 0.000 1.597 3.780 5.428 5.983 7.069 9.218 10.520 11.733 13.483 14.175 15.151 16.702
27.568 27.236 26.537 26.609 26.630 26.104 25.869 26.043 26.436 25.878 26.097 27.025 26.876 27.700 27.055 26.921 27.529 27.732 27.435 27.691 28.319 28.128 28.408 28.275 27.679 27.521 27.059 26.792 26.869 25.838 24.549 25.112 24.720 23.248 22.839 23.553 22.912 21.563 22.145 22.863 21.375 20.344 21.763 22.676 20.838 21.011 22.448 22.342 20.915 21.540 22.611 22.017 21.702 21.140 20.317 20.193 19.131 17.834 17.768 17.229 15.650 14.201 14.155 12.813 10.673 10.367 10.890 9.253 6.959 6.767 6.136 3.641 1.339 0.000 1.737 3.503 6.064 5.341 6.505 9.052 9.570 11.176 12.501 13.410 15.550
27.515 27.170 26.606 26.649 26.563 26.114 26.080 25.757 26.664 26.229 26.399 27.177 26.834 27.804 27.252 26.830 27.413 27.896 27.597 27.687 28.460 28.197 28.397 28.184 27.849 27.666 27.132 26.684 26.827 26.175 24.933 24.995 25.098 23.680 22.955 24.059 23.520 21.735 22.612 23.146 21.554 20.421 22.209 22.601 21.138 20.960 22.280 21.796 20.624 20.771 21.821 20.838 20.498 19.642 19.188 19.112 18.207 16.995 17.340 17.359 16.012 14.197 14.942 14.322 11.612 11.156 12.481 11.391 8.631 7.939 6.521 5.159 3.296 0.777 0.000 1.317 3.194 4.827 4.947 5.766 8.481 9.697 10.458 11.912 13.776
27.418 27.057 26.552 26.426 26.623 26.074 25.991 26.034 26.540 26.300 26.254 27.046 26.989 27.853 27.295 27.122 27.795 27.934 27.592 28.029 28.581 28.213 28.440 28.372 27.889 27.723 27.424 26.816 26.720 26.168 25.265 25.097 24.989 23.605 22.937 23.865 23.297 21.734 22.377 23.067 21.747 20.256 22.427 22.770 21.015 21.078 22.481 22.112 20.405 20.914 22.422 21.432 20.901 20.079 19.038 18.996 18.406 16.587 16.802 16.905 15.408 13.558 14.416 14.150 11.629 11.564 13.202 11.820 9.236 9.472 7.771 5.214 5.174 3.047 0.699 0.000 1.162 3.201 4.548 4.089 6.019 8.047 8.932 9.825 12.973
27.525 27.207 26.454 26.629 26.765 26.021 25.697 25.759 26.378 26.214 26.318 27.150 26.906 27.915 27.184 26.939 27.746 27.976 27.505 28.010 28.680 28.275 28.600 28.510 28.143 27.909 27.247 26.836 27.138 26.263 24.705 24.969 25.206 23.504 22.833 24.046 23.430 21.564 22.270 23.099 21.378 20.402 21.867 22.506 20.885 20.880 22.191 22.099 20.441 20.612 22.208 21.311 20.703 19.945 18.828 18.976 18.081 16.504 16.870 16.716 15.428 13.865 14.612 13.694 11.673 11.789 13.200 12.296 9.935 9.998 9.308 6.101 5.669 4.420 2.835 0.708 0.000 1.423 2.948 4.003 4.414 6.000 8.032 8.490 11.397
27.475 27.129 26.319 26.615 26.621 25.940 25.935 25.777 26.462 26.183 26.432 27.202 27.141 27.981 27.358 26.993 27.714 28.042 27.765 27.967 28.601 28.483 28.616 28.422 28.008 27.935 27.197 26.842 27.081 25.995 24.743 25.156 25.189 23.592 22.953 23.886 23.127 21.556 21.965 22.659 21.160 20.221 21.572 21.983 20.384 20.427 21.417 21.238 20.114 20.134 21.253 20.474 19.899 19.316 18.715 18.702 17.947 16.512 16.902 16.638 15.111 13.898 14.401 13.930 11.926 12.107 13.690 13.330 11.314 11.447 10.251 8.224 6.809 5.286 4.884 2.887 0.719 0.000 1.300 2.923 4.763 5.513 6.229 8.437 10.254
27.391 27.151 26.409 26.283 26.603 26.219 25.914 26.042 26.692 26.559 26.516 27.526 27.197 28.028 27.476 26.966 27.790 28.029 27.617 27.920 28.619 28.305 28.439 28.198 27.755 27.609 27.171 26.475 26.474 25.914 24.920 24.518 24.713 23.483 22.799 23.546 23.032 21.685 22.010 22.566 21.286 20.412 21.737 21.903 20.592 20.433 21.587 21.295 20.253 20.185 21.498 20.477 20.456 19.432 18.884 19.087 18.360 16.815 17.506 17.372 15.825 14.724 15.214 15.216 13.154 13.110 14.971 14.169 12.075 12.145 11.159 8.795 8.961 5.637 4.558 3.819 2.671 0.725 0.001 1.134 2.907 4.662 5.299 6.436 9.618
27.429 27.019 26.491 26.427 26.709 26.237 26.061 26.252 26.744 26.469 26.491 27.573 27.243 28.204 27.567 27.372 28.235 28.295 27.815 28.496 28.983 28.638 28.800 28.591 28.054 27.879 27.468 26.673 26.801 25.885 24.993 24.895 24.958 23.887 23.154 23.602 23.048 21.918 22.015 22.559 21.591 20.603 21.774 22.209 21.039 20.580 21.818 21.912 20.363 20.554 21.950 20.741 20.383 19.675 18.855 18.837 18.236 16.544 17.224 17.044 16.006 14.487 15.616 15.332 13.319 13.662 15.561 14.589 12.672 12.522 11.962 9.981 9.572 7.994 5.294 4.327 4.054 2.800 0.831 0.000 1.501 3.862 4.819 5.061 7.288
27.623 27.161 26.726 26.683 26.798 26.287 26.391 26.539 26.767 26.684 26.992 27.559 27.549 28.136 27.715 27.626 28.010 28.325 28.149 28.117 28.783 28.696 28.848 28.581 28.319 28.150 27.604 27.299 27.545 26.575 25.497 25.406 25.705 24.258 23.153 24.281 23.932 22.087 22.396 23.386 21.949 20.769 21.951 22.911 21.122 20.622 22.101 21.778 20.658 20.634 21.881 20.825 20.645 19.683 18.797 18.929 18.391 16.577 17.204 17.114 15.987 14.803 15.444 15.333 13.478 13.839 15.741 15.119 13.889 13.848 13.357 11.622 11.229 9.245 8.303 6.096 5.283 4.962 3.674 0.844 0.000 1.592 3.363 4.573 5.870
27.454 27.240 26.887 26.769 26.881 26.629 26.608 26.653 27.226 27.246 27.164 27.993 27.723 28.617 28.165 27.720 28.390 28.817 28.346 28.425 29.051 28.925 29.002 28.719 28.411 28.371 27.777 27.397 27.611 26.874 25.769 25.960 26.167 24.990 24.096 24.973 24.544 22.840 23.263 23.895 22.593 21.422 22.749 23.111 21.490 21.302 22.715 22.250 20.888 21.079 22.476 21.534 21.101 20.029 19.474 19.605 18.664 17.464 17.949 17.923 16.912 15.578 16.542 16.789 15.523 15.107 17.130 16.995 15.799 15.057 14.832 12.957 12.223 11.308 9.720 8.534 5.957 5.209 5.857 3.278 0.788 0.002 1.651 3.712 5.303
27.944 27.803 27.308 27.318 27.738 27.298 27.328 27.407 27.704 27.485 27.506 28.323 28.163 28.872 28.476 28.081 28.754 28.944 28.634 28.688 29.144 29.056 29.061 28.822 28.486 28.547 28.164 27.679 27.774 27.191 26.587 26.480 26.574 25.699 24.939 25.501 25.455 24.230 24.019 24.795 23.811 22.722 23.719 24.135 22.590 21.979 23.415 23.108 21.268 21.292 22.699 21.826 21.114 20.274 19.584 19.828 19.609 18.118 18.699 19.481 18.217 17.689 18.476 18.845 17.630 17.989 19.384 19.573 18.227 17.609 16.950 15.128 14.300 13.170 11.754 10.492 8.670 6.297 6.172 5.588 3.570 0.875 0.003 1.693 4.192
27.873 27.624 26.923 27.194 27.368 26.971 26.896 27.063 27.347 27.289 27.586 28.154 28.143 28.645 28.199 27.973 28.541 28.680 28.397 28.764 29.251 28.938 28.988 28.968 28.718 28.404 28.008 27.593 27.835 27.011 26.038 26.002 26.391 25.238 24.585 25.235 24.628 23.553 23.495 24.190 22.980 21.690 22.989 23.176 21.797 21.093 22.554 22.077 20.882 21.023 22.208 21.283 20.804 19.732 18.894 18.969 18.406 17.127 17.738 17.894 16.694 16.259 16.830 17.147 15.983 16.770 18.371 18.128 17.450 16.903 16.705 15.068 13.771 12.733 11.818 10.137 8.934 8.118 6.520 4.876 4.934 3.593 1.068 0.001 1.864
28.206 28.175 27.662 27.814 27.973 27.669 27.513 27.663 28.062 27.858 27.971 28.445 28.381 28.826 28.553 28.366 28.763 28.925 28.681 28.812 29.261 29.159 29.168 28.971 28.828 28.593 28.346 27.868 28.057 27.564 26.694 26.598 26.896 25.857 25.200 25.880 25.410 24.148 24.056 24.981 23.399 22.052 23.046 23.694 21.770 21.240 22.740 21.976 20.450 20.528 21.994 21.071 19.986 18.888 18.164 18.606 18.204 17.131 17.373 17.920 17.502 16.701 17.454 18.273 17.499 17.869 20.346 20.441 20.208 19.731 19.560 18.357 16.518 15.518 15.021 12.445 11.773 11.496 9.664 6.361 6.736 6.254 3.630 1.279 0.003
