0.006 1.850 4.324 5.822 7.567 10.615 11.431 12.701 14.435 16.116 17.151 18.711 20.027 21.513 21.836 23.137 24.458 25.259 25.492 25.751 26.616 26.894 27.059 27.385 28.110 28.147 28.269 28.573 28.849 28.904 28.990 29.067 29.143 29.368 29.157 28.980 28.318 28.136 27.233 27.167 26.591 26.181 26.283 26.120 25.945 25.963 26.087 26.712 26.976 27.642 28.093 28.581 28.584 28.853 28.739 28.725 28.424 27.945 27.995 28.113 28.151 28.253 28.314 28.408 28.578 28.140 27.778 27.820 27.658 27.225 27.054 27.494 27.143 26.716 27.003
1.312 0.001 1.891 4.067 5.623 7.311 9.257 10.799 12.355 14.216 15.681 17.152 18.033 19.760 20.896 22.323 23.383 24.504 25.048 25.747 26.268 26.924 27.374 27.468 28.127 28.527 28.502 28.936 29.161 29.162 29.063 29.227 29.447 29.327 29.028 29.207 28.175 28.194 27.328 27.143 26.289 26.060 25.867 25.783 25.616 25.621 26.110 26.685 26.991 27.681 27.913 28.533 28.597 28.723 28.901 28.746 28.488 28.209 28.207 28.335 28.234 28.278 28.673 28.606 28.823 28.458 28.093 28.332 28.195 27.736 27.183 27.859 27.576 26.920 27.485
3.737 1.520 0.003 1.879 4.330 5.771 6.902 8.685 10.231 11.779 13.125 14.589 15.701 17.228 18.322 19.796 21.129 22.356 23.033 23.581 24.475 25.153 25.694 25.885 26.735 27.075 27.179 27.691 27.978 28.110 28.237 28.501 28.806 28.776 28.493 28.508 27.397 27.069 26.230 25.655 25.151 24.813 25.140 24.913 24.490 24.400 24.692 25.152 25.655 26.556 27.066 27.793 28.107 28.206 28.449 28.380 27.970 27.263 27.450 27.271 27.287 27.296 27.799 27.950 28.109 27.700 27.349 27.383 27.379 26.922 26.565 27.094 26.950 26.524 26.766
5.293 3.992 1.471 0.003 1.907 4.025 5.386 7.400 9.041 10.602 12.717 14.273 15.415 17.372 18.343 19.665 21.094 22.059 22.640 23.109 24.388 24.463 24.744 25.703 26.437 26.851 27.083 28.061 28.064 28.393 28.563 28.737 28.813 29.046 28.616 28.359 27.802 27.160 26.116 25.260 24.763 24.340 24.481 24.269 23.753 23.746 23.862 24.766 25.018 26.069 26.806 27.367 28.002 28.287 28.204 28.430 28.006 27.256 26.949 27.400 27.381 27.141 27.738 27.594 28.044 27.548 26.703 27.153 26.973 26.411 25.842 26.814 26.548 26.225 26.514
7.153 5.359 3.840 1.691 0.001 2.043 4.053 6.630 7.944 8.821 11.559 13.586 14.440 16.086 17.992 19.504 20.404 21.703 22.522 23.270 24.360 25.017 25.622 26.096 26.820 27.363 27.673 27.984 28.558 28.663 28.693 28.981 29.122 29.133 28.725 28.810 27.821 27.624 26.668 26.197 25.330 25.205 25.189 24.981 24.768 24.607 25.175 25.699 25.889 26.536 26.841 27.766 28.085 28.335 28.569 28.320 28.097 27.490 27.361 27.445 27.600 27.468 28.080 27.948 28.289 27.777 27.254 27.534 27.562 27.005 26.429 27.097 26.985 26.491 27.017
10.160 7.471 5.813 4.346 1.578 0.001 2.035 5.007 6.559 7.351 9.437 11.660 13.310 14.618 16.207 18.057 19.716 20.665 21.074 21.989 23.570 23.582 23.925 24.915 25.804 26.035 26.539 27.165 27.800 27.860 28.110 28.572 28.775 28.692 28.680 28.468 27.520 27.249 26.308 25.890 25.072 24.545 24.850 24.724 24.263 23.904 24.458 24.664 25.034 25.701 26.464 27.382 27.806 28.181 28.254 28.195 27.767 26.997 26.923 27.309 27.065 27.158 27.660 27.574 28.007 27.357 26.866 27.064 27.060 26.350 26.047 26.817 26.632 26.000 26.411
14.312 12.033 8.418 7.408 4.610 1.303 0.001 2.018 5.502 7.304 7.998 9.904 12.660 14.524 15.221 17.380 19.192 20.512 20.740 21.315 23.351 23.459 23.508 24.905 25.459 25.795 26.206 27.084 27.631 27.805 28.034 28.468 28.652 28.628 28.563 28.343 27.534 26.778 26.078 25.539 24.712 24.525 24.584 24.329 24.085 23.453 23.848 24.404 24.722 25.550 25.958 27.114 27.613 28.054 28.267 28.072 27.800 26.893 26.878 26.990 26.729 26.672 27.300 27.078 27.488 26.946 26.422 26.655 26.689 26.076 25.702 26.597 26.686 26.094 26.694
17.945 15.693 12.859 10.345 6.943 4.839 1.254 0.002 1.917 5.414 7.220 7.260 9.244 11.874 13.284 14.280 16.088 17.836 18.766 19.067 20.171 20.692 21.375 22.387 23.389 23.635 24.083 25.412 26.026 26.248 26.619 27.504 27.866 27.903 28.059 27.465 26.628 25.395 24.963 23.917 23.936 23.526 24.102 24.003 23.511 22.570 22.720 22.805 23.611 24.301 25.111 26.354 26.924 27.662 27.546 27.663 27.149 26.365 26.039 26.447 26.348 26.187 27.152 26.947 27.465 26.930 26.195 26.718 26.781 26.010 25.944 26.812 26.491 26.305 26.962
18.959 16.867 14.489 11.893 8.700 7.463 4.369 1.159 0.002 1.853 4.866 6.455 6.564 8.382 10.624 13.194 13.601 15.300 17.193 17.669 19.251 19.091 20.036 21.464 22.529 22.540 23.601 24.858 25.437 25.551 26.215 27.207 27.490 27.452 27.782 26.964 26.484 25.140 24.653 23.631 23.316 23.121 23.548 23.738 22.988 22.029 22.285 22.220 23.289 24.001 25.256 26.093 26.925 27.337 27.360 27.850 26.970 26.012 25.818 26.361 26.143 26.060 26.961 26.886 27.342 26.600 25.985 26.295 26.300 25.568 25.346 26.345 26.146 25.621 26.480
20.302 18.312 15.705 13.036 10.046 8.377 6.648 4.442 1.082 0.003 1.915 4.849 6.522 6.254 8.138 11.192 12.811 13.327 13.485 16.056 17.897 16.827 17.727 19.770 20.746 20.828 22.270 23.821 24.216 24.665 24.900 25.737 26.320 26.457 26.899 26.018 25.494 24.535 23.750 22.939 22.260 22.269 22.941 22.893 21.962 21.069 21.079 21.101 22.024 23.035 24.181 25.520 26.146 26.725 26.627 26.657 26.194 25.332 25.043 25.109 24.979 25.131 25.980 26.151 26.714 25.644 25.093 25.593 25.536 24.750 24.574 25.642 25.573 25.064 25.750
20.992 19.240 16.991 14.597 11.672 9.048 7.461 6.728 4.458 0.963 0.002 1.794 4.538 5.790 5.924 7.878 10.218 12.173 11.965 13.537 16.483 15.730 16.139 17.994 19.252 19.254 20.785 23.164 23.087 23.891 25.176 25.477 25.737 26.437 27.165 25.668 25.261 23.889 23.263 21.701 21.619 21.553 22.146 21.967 21.253 20.330 20.197 20.147 21.643 22.075 23.811 24.897 25.677 26.402 26.112 26.474 25.896 24.861 24.433 25.178 25.053 24.855 26.065 25.893 26.344 25.691 24.706 25.603 25.527 24.507 24.554 25.610 25.621 24.952 25.818
22.113 20.462 18.336 15.938 13.317 11.492 8.689 7.808 6.864 4.710 0.873 0.000 1.685 4.445 5.728 5.763 8.068 10.184 11.382 11.494 14.081 14.782 15.738 17.122 17.719 18.118 19.826 21.967 22.132 23.118 23.994 24.904 24.989 25.514 26.337 24.769 24.308 22.089 22.245 20.728 21.335 21.000 22.099 22.070 21.116 20.033 19.955 19.723 21.274 21.643 23.583 24.245 25.235 25.966 25.950 26.182 25.500 24.522 24.173 24.766 24.820 24.373 25.718 25.551 26.153 25.414 24.289 25.365 25.234 24.416 24.240 25.563 25.322 24.936 25.829
22.531 21.128 19.377 17.074 14.870 13.043 11.344 9.129 7.459 7.008 4.062 0.727 0.000 1.630 3.860 5.548 5.348 7.853 9.778 11.774 12.594 12.595 14.564 16.091 16.847 16.864 18.765 21.274 21.080 21.815 22.829 23.170 23.836 23.394 24.279 23.430 22.844 21.931 21.763 20.549 20.760 20.817 21.799 21.815 20.885 19.955 19.640 19.597 20.792 21.581 22.873 23.852 24.868 25.672 25.564 25.759 25.010 24.123 23.719 24.345 24.113 24.210 25.247 25.456 26.058 24.999 24.488 24.929 24.943 24.191 24.235 25.269 25.253 24.915 25.805
23.305 21.839 19.958 18.189 16.282 14.013 12.240 11.076 8.115 7.171 6.405 3.957 0.765 0.000 1.361 4.101 5.406 5.698 6.730 9.246 10.964 10.199 11.871 13.728 15.058 15.245 15.739 17.995 19.120 20.287 21.049 21.608 21.650 22.350 22.999 22.061 21.689 20.490 20.225 18.874 19.608 19.975 21.084 21.165 20.211 19.305 18.522 18.037 19.208 19.767 21.301 22.657 23.565 24.431 24.388 24.353 23.858 22.892 22.457 23.282 23.102 23.460 24.512 24.683 25.366 24.385 23.611 24.457 24.470 23.673 23.933 25.067 25.102 24.974 25.579
23.374 22.197 20.478 18.782 17.142 15.458 13.547 12.597 10.152 7.760 6.245 5.541 3.450 0.794 0.000 1.558 3.449 5.136 5.147 6.623 8.935 8.626 9.631 11.218 12.896 13.053 14.784 16.600 17.149 18.850 20.387 20.761 20.434 22.378 23.591 21.622 21.453 19.759 19.770 18.673 19.485 19.632 20.755 20.862 19.753 18.660 18.188 17.400 18.935 19.209 21.325 22.047 23.160 24.052 23.655 24.561 23.710 22.825 22.584 23.395 23.311 23.345 24.523 24.801 25.379 24.439 23.663 24.685 24.720 23.629 23.809 25.079 25.159 24.672 25.668
24.102 23.058 21.384 19.711 17.994 16.766 14.629 13.379 11.146 10.069 7.319 6.148 6.010 3.502 0.737 0.000 1.645 4.004 5.432 5.048 7.528 8.400 9.223 9.744 11.906 12.975 13.985 16.316 16.259 18.382 19.596 19.614 20.292 21.279 22.543 20.719 20.525 19.342 19.629 19.070 19.835 19.828 21.277 21.577 20.320 19.269 18.673 17.865 19.523 19.787 21.425 22.356 23.342 24.370 24.224 24.789 24.019 23.363 22.763 23.521 23.332 23.709 24.667 24.845 25.498 24.532 23.745 24.669 24.667 23.691 23.895 25.205 25.206 24.630 25.778
24.702 23.718 22.484 20.798 19.595 18.322 16.862 15.241 12.865 12.044 11.025 7.619 6.465 5.716 4.027 0.697 0.000 1.518 3.268 4.768 5.133 5.689 7.619 8.555 9.398 10.105 11.287 12.831 13.308 13.946 15.445 16.184 17.121 17.838 18.721 18.344 17.428 17.173 17.463 17.413 18.640 19.286 20.490 20.951 20.026 19.083 18.244 17.591 18.350 18.356 19.917 20.981 21.820 22.955 22.872 23.252 22.857 22.065 21.889 22.710 22.443 22.989 24.129 24.618 25.345 23.978 23.407 24.607 24.506 23.444 23.735 25.211 25.006 24.606 25.524
25.376 24.320 23.195 21.962 20.604 19.319 18.065 17.092 14.774 13.469 11.962 10.445 7.535 6.111 5.797 3.654 0.692 0.000 1.623 3.128 4.257 4.266 5.033 7.080 7.736 8.584 9.062 10.237 11.875 12.862 13.803 15.147 15.949 16.838 18.234 16.935 16.252 16.312 17.042 16.640 18.160 18.775 20.193 20.591 19.885 18.771 18.211 17.407 18.099 18.050 19.169 20.037 21.472 22.854 22.816 23.368 22.974 21.877 21.869 22.921 22.673 23.250 24.308 24.721 25.377 24.435 23.783 24.745 24.999 23.881 24.185 25.442 25.547 25.023 25.968
26.181 25.386 24.261 22.718 21.711 20.472 19.081 18.552 16.372 15.212 13.370 11.960 10.578 7.564 6.191 5.017 3.438 0.769 0.002 1.391 3.403 4.153 3.909 4.308 7.104 6.587 6.207 8.589 9.685 10.276 11.255 12.924 13.425 14.697 15.497 13.776 13.914 14.098 15.626 15.856 17.909 18.213 20.225 21.130 20.292 18.976 18.606 17.386 18.200 18.290 19.856 20.603 21.535 22.700 22.686 23.715 23.084 22.391 22.314 23.534 23.231 23.819 24.722 25.000 25.829 25.028 24.364 25.351 25.526 24.207 24.534 25.944 25.688 25.102 26.195
26.209 25.142 24.377 22.806 22.306 20.902 19.500 18.607 17.084 15.615 13.893 12.231 10.962 9.227 6.678 5.286 4.701 2.886 0.620 0.000 0.943 1.819 2.809 2.768 3.077 4.766 4.599 5.359 6.110 7.083 8.362 9.238 9.929 12.278 13.234 12.174 12.829 13.182 14.581 14.987 16.871 17.392 18.913 19.964 19.036 17.713 17.469 16.326 17.013 16.379 18.042 18.492 19.642 21.043 21.405 22.143 21.758 21.045 21.114 22.020 21.900 22.479 23.628 24.343 25.169 23.892 23.501 24.635 24.477 23.614 23.953 25.631 25.271 24.871 26.030
26.380 25.658 24.943 23.813 23.094 21.762 20.589 19.183 17.456 16.638 14.166 12.609 11.806 9.890 8.234 5.753 5.263 4.063 1.995 0.591 0.001 0.821 1.530 2.137 2.010 2.179 3.323 3.767 4.281 4.691 6.185 7.046 7.422 9.550 10.608 9.994 11.371 11.543 13.755 13.654 16.139 16.757 18.432 19.374 18.440 17.156 16.496 15.097 15.632 14.927 16.451 17.199 18.297 19.949 19.923 20.462 20.076 19.520 19.412 20.533 20.574 21.232 22.686 23.515 24.316 22.904 22.230 23.961 23.716 22.711 23.444 25.017 24.873 24.658 25.602
26.546 25.814 25.157 23.784 23.282 22.206 21.052 19.889 18.099 16.963 14.793 12.973 11.954 10.297 7.848 6.887 5.326 3.809 2.727 1.657 0.576 0.000 0.778 1.474 1.802 1.953 2.048 2.968 3.434 4.254 5.335 6.300 6.773 8.630 10.329 9.538 11.065 11.604 13.477 13.931 15.905 16.419 18.214 19.387 18.560 17.145 16.349 14.881 15.455 15.052 16.270 17.071 18.407 19.993 19.907 21.038 20.422 19.445 19.693 20.983 20.817 21.949 23.227 23.931 24.768 23.561 22.746 24.299 24.321 23.217 23.645 25.123 25.337 24.814 25.927
26.649 25.865 25.107 23.837 23.388 22.232 20.862 19.384 17.395 16.379 14.440 12.753 11.661 10.198 7.989 6.524 6.311 4.215 2.940 2.751 1.650 0.548 0.000 0.784 1.405 1.807 2.092 2.132 2.842 3.413 4.297 5.092 5.664 7.468 9.523 8.708 11.010 10.745 13.153 13.511 15.700 16.501 18.268 19.430 18.514 16.863 16.287 14.724 15.505 14.396 16.299 16.879 17.948 19.879 20.281 21.018 20.527 19.945 19.971 20.941 20.629 21.732 22.821 23.666 24.548 23.195 22.650 24.244 24.145 22.998 23.498 25.321 25.055 24.648 25.839
26.947 26.096 25.541 24.279 23.709 22.804 21.588 20.148 18.095 17.093 15.176 13.622 12.781 10.813 8.625 7.392 6.458 5.520 3.242 2.950 2.173 1.258 0.531 0.000 0.683 1.112 1.619 1.638 1.738 2.698 3.757 4.400 5.328 7.283 9.190 8.657 10.998 10.943 13.331 13.565 16.118 16.420 17.999 19.013 18.318 17.143 16.436 15.055 15.461 14.814 16.384 17.068 18.010 19.769 19.618 20.377 20.034 19.374 19.297 20.568 20.407 21.317 22.656 23.460 24.398 23.057 22.382 24.065 23.831 22.778 23.512 25.157 24.914 24.507 25.672
26.992 26.347 25.604 24.486 23.895 22.645 21.886 20.698 18.938 17.699 15.746 14.611 13.314 11.356 9.128 7.838 7.149 5.447 4.328 3.144 2.574 1.773 1.181 0.548 0.000 0.616 1.168 1.727 1.590 1.905 3.161 3.811 4.795 6.757 8.544 8.314 10.437 10.700 13.154 13.440 15.785 16.398 18.304 19.204 18.604 17.182 16.366 14.900 15.275 14.784 15.900 16.656 17.824 19.684 19.607 20.471 20.139 19.252 19.306 20.623 20.387 21.505 22.818 23.663 24.576 23.391 22.558 24.159 24.218 23.085 23.958 25.258 25.263 24.886 26.058
27.269 26.360 25.935 25.018 24.197 23.313 22.002 20.778 19.367 17.816 15.727 13.812 13.040 11.408 8.574 7.629 7.221 5.632 4.021 3.752 2.376 1.823 1.734 1.139 0.544 0.000 0.647 1.125 1.554 1.959 2.336 3.393 4.255 6.018 8.102 8.198 10.372 10.293 13.084 13.454 15.622 16.488 18.479 19.179 18.446 16.959 16.133 14.938 15.275 14.314 15.702 16.455 17.547 19.645 19.475 20.811 20.223 19.426 19.578 20.809 20.371 21.316 22.617 23.585 24.291 22.976 22.442 24.073 23.913 22.797 23.601 25.255 25.126 24.969 26.089
27.518 26.606 26.064 25.251 24.336 23.410 22.303 20.981 18.938 18.194 16.021 14.362 13.353 11.587 9.336 7.811 7.260 5.848 4.441 3.884 3.469 1.978 2.184 1.732 1.132 0.531 0.000 0.654 1.026 1.593 2.051 2.710 4.065 6.124 7.958 7.858 10.056 10.380 13.226 13.702 15.980 16.920 18.436 19.601 18.611 17.299 16.458 14.857 15.584 14.769 16.333 16.880 17.763 19.806 19.815 20.432 20.239 19.760 19.829 20.601 20.742 21.496 22.787 23.808 24.524 23.232 23.050 24.373 24.183 23.476 24.044 25.467 25.207 25.071 26.102
27.269 26.634 26.043 25.195 24.611 23.677 22.798 21.270 19.452 18.668 16.656 14.711 13.442 11.760 9.888 8.723 7.876 6.365 5.084 4.772 3.501 2.613 2.299 1.768 1.450 1.032 0.551 0.000 0.643 1.279 2.290 2.573 3.429 5.746 7.703 8.121 10.219 10.614 12.879 13.473 15.843 16.470 18.430 19.350 18.731 17.416 16.562 14.746 15.388 14.288 15.835 16.302 17.480 19.305 18.989 19.880 19.553 19.109 18.998 20.365 20.187 21.166 22.516 23.653 24.399 23.057 22.383 24.225 24.013 22.864 23.942 25.418 25.120 24.733 25.950
27.492 26.958 26.430 25.481 24.815 23.748 22.771 21.660 20.270 18.713 17.058 15.480 13.731 12.196 10.301 9.097 8.285 6.560 5.154 4.690 4.141 2.838 2.629 1.812 1.622 1.469 1.086 0.578 0.000 0.659 1.448 2.305 3.225 5.105 7.256 8.215 10.250 11.107 13.220 14.002 16.099 17.090 18.825 19.926 19.292 17.839 17.089 15.099 15.915 15.300 16.260 16.960 17.761 19.509 19.094 20.365 19.918 19.052 18.992 20.632 20.420 21.601 22.875 23.930 24.662 23.248 22.667 24.390 24.185 23.178 24.074 25.450 25.315 25.106 26.198
27.787 27.292 26.878 26.104 25.402 24.430 23.662 22.457 20.916 20.015 17.796 16.002 14.960 13.374 11.709 9.836 9.144 7.450 6.101 5.606 4.576 3.622 3.967 2.967 1.926 2.039 1.965 1.440 0.614 0.000 0.880 1.940 3.149 4.492 6.729 7.612 10.140 10.634 13.084 13.824 15.779 16.921 18.591 19.675 19.164 17.919 17.108 15.364 16.079 15.113 16.089 16.655 17.734 19.462 19.503 20.582 20.094 19.469 19.591 20.708 20.495 21.536 22.659 23.913 24.518 23.092 22.961 24.597 24.321 23.450 24.280 25.665 25.389 25.363 26.435
27.973 27.418 27.099 26.418 25.911 25.205 24.603 23.781 22.210 21.483 19.373 17.597 16.808 15.374 13.334 12.361 11.585 10.223 8.907 8.227 7.278 5.707 5.109 4.497 3.593 2.655 2.890 2.586 1.883 0.625 0.001 0.841 2.186 3.958 6.700 7.735 9.980 10.856 13.302 14.189 16.801 18.114 19.701 20.926 20.236 18.799 17.928 16.256 16.594 15.508 16.715 16.995 18.039 19.667 19.287 20.259 20.134 19.754 19.812 20.988 21.065 21.982 23.046 24.026 24.687 23.523 23.099 24.694 24.451 23.577 24.434 25.780 25.671 25.264 26.527
27.874 27.809 27.376 26.535 26.127 25.626 24.956 23.986 23.048 21.840 20.036 18.056 17.099 15.980 14.469 12.954 12.130 11.268 9.746 9.096 7.950 7.184 6.162 5.267 4.600 3.601 3.242 2.937 2.504 1.837 0.702 0.001 0.901 2.844 5.517 6.699 9.616 10.878 13.145 14.609 16.910 18.172 20.036 21.112 20.548 19.133 18.060 16.605 16.821 15.794 16.702 16.816 17.753 19.317 19.234 20.345 20.095 19.664 19.840 21.123 21.137 22.003 23.117 24.340 25.110 23.672 23.388 24.985 25.017 24.054 24.797 26.186 25.783 25.772 26.832
28.420 28.290 27.966 27.293 26.880 26.150 25.642 24.865 23.923 22.948 21.425 19.860 18.651 17.564 16.160 14.671 13.749 12.881 11.259 11.023 9.727 8.315 8.126 7.153 5.966 5.112 4.798 3.921 3.411 2.809 2.051 0.884 0.001 1.668 3.797 5.737 8.443 10.517 13.332 14.404 17.132 18.411 20.330 21.155 20.900 19.726 19.059 17.036 17.583 16.183 16.967 17.145 17.902 19.595 19.527 20.507 20.545 20.181 20.537 21.781 21.905 22.830 23.832 24.913 25.512 24.203 24.050 25.505 25.566 24.545 25.405 26.534 26.256 26.363 27.295
29.028 28.860 28.789 28.281 28.182 28.053 27.733 27.331 26.878 26.525 25.372 24.401 24.088 23.383 21.914 21.151 21.101 19.747 18.679 18.134 17.090 15.554 14.768 14.283 11.402 10.340 10.340 9.145 6.286 6.161 6.026 3.725 1.348 0.001 1.455 4.070 7.021 9.826 12.615 15.346 17.331 19.464 21.137 22.805 22.607 21.419 20.588 19.062 18.843 17.446 18.124 17.649 18.271 20.154 19.737 20.807 20.984 20.808 21.170 22.319 22.735 23.533 24.472 25.532 26.201 25.092 25.111 26.396 26.486 25.649 26.573 27.399 27.180 27.305 28.281
28.761 28.694 28.475 27.940 27.867 27.447 27.195 26.556 26.151 25.893 25.232 23.890 23.921 23.508 22.415 21.306 21.586 20.813 19.552 18.980 18.283 16.849 15.468 15.044 14.162 11.496 10.629 10.694 9.142 7.410 6.812 5.935 4.144 1.537 0.001 1.441 3.630 5.839 7.666 9.593 11.710 14.779 16.411 18.471 18.536 18.162 17.648 16.195 16.598 15.466 16.601 16.768 17.693 20.557 20.331 21.675 21.677 21.646 21.790 22.807 22.749 23.625 24.305 25.142 25.992 25.063 24.658 26.080 26.227 25.358 25.933 27.000 26.939 26.939 27.866
28.717 28.564 28.395 27.517 27.564 27.066 26.701 26.150 25.226 25.075 24.293 23.131 22.934 22.729 21.422 20.539 20.847 20.346 18.741 18.101 17.972 16.624 15.043 14.844 14.247 11.455 10.735 11.161 10.254 7.990 7.672 7.495 5.452 2.708 1.089 0.001 1.306 3.332 5.094 6.973 9.022 11.162 13.609 16.123 17.059 16.604 16.884 15.180 15.822 14.915 15.693 16.253 17.582 19.027 19.600 20.836 20.739 20.866 21.110 22.160 21.907 23.302 23.894 24.749 25.755 24.698 24.171 25.520 25.692 24.829 25.363 26.794 26.620 26.472 27.473
28.555 28.228 27.930 27.286 26.993 26.583 26.328 25.372 24.842 24.732 23.564 22.270 22.645 22.573 20.884 19.970 20.514 20.406 18.913 17.941 18.534 17.070 14.812 15.190 15.172 12.431 11.028 12.239 11.516 9.305 9.123 9.512 7.056 5.153 3.266 1.046 0.001 1.534 3.344 5.057 6.642 9.273 10.917 13.482 14.442 13.921 14.539 13.586 14.469 13.780 15.457 16.278 17.552 19.689 19.677 20.940 20.820 20.755 20.931 21.952 21.674 22.489 23.645 24.188 25.296 24.409 23.730 24.967 25.274 24.533 24.799 26.090 26.169 26.257 27.023
28.572 28.125 28.001 26.935 27.047 26.684 26.325 25.426 24.697 24.488 23.548 22.044 22.304 22.034 20.611 19.731 20.325 19.973 18.426 17.599 18.460 16.483 14.230 15.237 15.578 12.538 11.275 12.818 12.145 9.934 9.884 10.527 8.542 6.964 4.811 3.222 1.049 0.000 1.189 2.718 4.172 6.157 8.457 10.929 12.574 12.661 13.586 13.086 14.092 13.856 15.993 16.984 18.461 20.389 20.386 21.863 21.539 21.312 21.141 22.441 21.962 23.041 24.038 24.539 25.724 24.617 23.751 25.162 25.443 24.540 24.867 26.363 26.481 26.070 27.096
28.515 28.102 27.827 27.070 26.929 26.621 26.501 25.423 24.846 24.997 23.942 22.354 22.586 22.419 21.075 19.800 20.836 20.587 18.921 18.201 18.978 17.418 15.011 15.975 16.226 13.565 11.715 13.774 13.157 10.465 10.367 11.523 9.475 7.858 6.004 4.484 2.875 0.961 0.000 1.196 2.763 4.962 7.057 9.790 11.289 11.619 12.768 12.463 13.824 13.655 15.848 16.755 18.556 20.713 20.871 22.076 21.714 21.236 21.331 22.145 21.978 22.509 24.010 24.408 25.866 24.684 24.058 25.141 25.706 24.948 24.951 26.417 26.645 26.459 27.250
28.304 27.834 27.659 26.553 26.677 26.342 26.081 25.169 24.466 24.502 23.381 22.088 22.383 22.023 20.906 19.963 20.701 20.240 18.771 17.997 18.829 17.305 15.270 16.008 16.659 13.516 12.236 14.391 13.663 10.596 10.828 12.016 10.179 8.696 7.276 5.622 4.017 2.659 0.992 0.000 1.406 3.656 6.218 8.568 10.423 11.002 12.388 12.580 14.080 14.262 16.243 16.992 18.909 21.083 20.901 22.396 22.072 21.782 21.656 22.706 22.625 23.259 24.444 24.779 25.843 24.799 24.201 25.281 25.693 24.875 25.198 26.405 26.650 26.256 27.278
28.222 27.679 27.390 26.663 26.374 25.880 25.654 24.651 24.101 24.065 23.124 21.878 22.147 22.101 20.813 19.662 20.741 20.368 18.655 18.044 18.776 17.443 15.422 15.988 16.406 13.680 12.517 14.250 13.946 11.305 12.077 13.329 12.123 11.684 10.882 7.869 6.676 4.494 3.455 1.389 0.000 1.613 3.795 6.685 8.725 9.750 11.731 12.274 13.620 14.275 16.447 17.572 19.379 21.398 21.403 22.434 22.317 21.723 21.676 22.409 22.218 23.076 24.435 24.934 26.007 24.957 24.290 25.333 25.734 24.979 25.117 26.366 26.761 26.469 27.164
28.084 27.709 27.465 26.181 26.409 25.934 25.731 24.662 23.844 24.204 23.260 21.839 22.109 22.529 21.231 19.580 20.988 20.853 19.049 18.408 19.814 18.326 16.590 17.493 18.042 15.787 15.069 17.316 17.151 15.254 15.498 17.593 16.530 16.132 14.438 11.905 9.389 7.387 5.115 3.625 1.320 0.001 1.730 4.608 8.025 9.593 11.633 12.913 14.456 15.637 17.906 19.477 21.248 23.278 23.136 23.948 23.748 23.372 23.188 23.840 23.495 23.984 24.881 25.140 26.194 25.428 24.718 25.225 26.030 25.515 25.239 26.428 26.841 26.573 27.360
28.307 27.994 27.764 26.917 26.757 26.371 26.152 25.205 24.441 24.316 23.051 21.651 22.026 22.263 20.398 19.487 20.614 20.090 18.487 18.342 19.462 17.926 16.592 17.771 18.809 16.812 16.269 18.813 19.393 18.165 18.808 21.088 20.642 20.692 19.631 16.833 13.890 10.777 8.646 5.944 4.211 1.547 0.000 1.956 4.304 7.129 8.938 11.540 13.475 15.778 18.225 20.567 22.430 23.776 23.608 24.202 23.723 22.646 22.045 22.832 22.307 22.902 24.042 24.329 25.547 24.730 23.861 24.533 25.185 24.678 24.299 25.701 26.112 26.479 27.035
28.464 28.156 27.722 26.960 26.699 26.171 26.092 25.173 24.164 24.120 23.044 21.605 22.203 22.671 20.878 19.973 21.543 21.508 19.655 19.597 21.772 20.523 18.988 21.122 22.607 20.586 20.375 23.401 23.664 22.818 23.764 25.279 25.129 24.930 24.325 22.095 19.470 16.879 13.428 10.549 6.643 4.082 1.432 0.001 1.965 4.852 7.393 10.628 12.917 16.056 18.640 21.284 23.268 24.635 24.849 25.181 24.403 23.314 21.998 22.876 22.074 22.628 23.619 24.027 25.151 24.317 23.362 24.378 24.696 24.377 23.774 25.280 25.907 26.162 26.902
28.299 27.911 27.585 26.656 26.621 26.065 25.840 24.914 23.856 23.756 22.941 21.311 21.978 21.958 20.388 19.684 20.815 20.924 19.202 19.553 21.150 19.759 18.527 20.745 21.848 19.870 20.349 23.123 23.123 22.524 24.001 25.192 25.017 25.577 25.111 22.861 20.399 18.053 14.815 12.331 9.037 7.272 4.014 1.490 0.000 1.948 4.420 6.666 8.858 11.393 14.920 17.841 20.041 21.639 21.866 22.329 21.856 20.568 19.638 21.320 20.284 21.523 22.663 23.189 24.562 23.512 22.543 23.775 24.341 23.869 23.506 25.170 25.641 25.786 26.705
28.205 27.692 27.398 26.360 26.278 25.731 25.574 24.529 23.626 23.605 22.604 21.090 21.902 22.085 20.489 19.757 21.351 21.120 19.090 19.826 21.456 19.355 18.452 20.839 21.430 19.067 20.323 22.633 22.162 21.369 23.264 24.520 24.079 24.771 24.521 22.297 20.571 18.582 15.911 13.625 11.719 9.531 7.034 3.803 1.524 0.002 1.711 4.048 6.096 7.860 10.475 12.042 15.789 16.978 17.691 18.415 18.332 17.664 17.200 18.998 18.574 20.033 21.468 22.646 23.649 22.608 21.611 22.671 23.161 22.856 22.535 24.318 24.951 25.269 26.304
28.228 27.689 27.400 26.374 26.419 25.976 25.563 24.650 23.798 23.987 22.900 21.250 22.094 22.269 20.621 20.121 21.343 21.216 19.201 19.875 21.081 19.518 17.858 20.259 20.823 18.339 19.174 21.810 21.372 20.113 22.351 23.429 22.721 23.780 23.269 20.895 19.714 16.997 15.554 13.124 11.846 9.618 7.805 5.861 3.852 1.374 0.001 1.425 3.405 5.070 6.685 9.051 10.729 13.126 14.336 16.157 16.677 16.448 16.633 18.380 18.300 19.729 21.516 22.344 23.773 22.751 21.781 23.241 23.811 23.157 23.153 24.772 25.371 25.337 26.438
28.174 27.598 27.304 26.339 26.254 25.751 25.395 24.503 24.000 23.762 22.804 21.180 21.905 21.790 20.532 19.465 21.195 21.195 19.150 19.615 20.956 18.982 17.793 20.002 20.404 17.985 18.644 21.066 20.871 19.616 21.594 22.675 22.197 22.945 22.533 20.106 18.534 16.254 15.299 12.748 12.427 11.216 9.772 7.507 5.330 3.494 1.220 0.003 1.448 3.379 5.018 6.741 9.384 11.328 13.038 15.084 15.662 16.245 16.434 18.172 17.918 19.468 20.926 22.191 23.158 21.827 21.336 22.600 22.955 22.541 22.707 24.491 24.896 24.988 25.999
28.212 27.762 27.431 26.670 26.503 26.004 25.638 24.494 23.854 23.794 22.891 21.380 22.116 22.049 20.517 19.564 21.036 20.758 18.859 19.172 20.371 18.243 16.848 18.992 19.433 17.197 17.731 20.064 19.659 18.410 20.375 21.401 20.827 21.623 20.991 18.501 17.515 15.008 14.301 12.427 12.342 11.530 10.754 8.925 6.603 4.628 3.243 1.198 0.000 1.488 3.055 4.770 6.869 9.073 11.268 13.758 14.677 15.625 16.180 17.846 18.100 19.502 21.685 22.572 24.510 22.652 22.084 23.882 24.000 23.045 23.198 25.228 25.440 25.311 26.444
28.283 27.849 27.594 26.845 26.513 25.996 25.678 24.620 24.103 24.035 22.864 21.439 22.095 22.025 20.269 19.606 20.922 20.645 18.816 19.061 20.404 18.255 17.076 19.330 19.751 16.893 17.782 19.808 19.175 18.178 20.154 21.197 20.657 21.476 20.548 18.515 17.461 15.092 14.150 13.160 12.850 12.432 11.965 9.977 7.699 5.884 4.540 2.996 1.242 0.000 1.476 3.349 5.555 7.282 10.009 12.336 13.562 14.642 15.622 17.424 17.548 19.066 21.275 22.356 23.381 21.725 21.425 22.972 23.119 22.650 23.086 24.979 25.019 25.183 26.249
28.551 28.064 27.769 27.268 26.993 26.214 26.053 25.355 24.780 24.361 23.777 22.392 22.965 22.464 21.349 20.551 21.440 21.049 19.009 19.369 20.389 18.496 16.810 18.689 18.769 16.664 16.826 19.262 18.829 17.517 19.587 20.479 20.479 21.147 20.185 18.254 17.057 14.683 14.721 13.327 14.131 13.755 14.103 12.686 10.751 8.065 6.650 4.851 3.339 1.321 0.001 1.600 4.053 6.022 9.062 11.247 13.210 14.747 15.766 18.174 18.563 20.343 22.732 23.873 25.236 23.260 22.576 25.050 25.004 23.957 24.329 26.113 26.097 26.020 26.921
29.072 28.768 28.649 28.305 28.140 27.871 27.554 26.672 26.324 26.607 25.747 24.266 25.048 25.064 23.382 22.324 23.558 23.317 20.991 21.196 22.385 20.373 18.540 20.172 20.574 18.358 18.537 20.585 20.037 18.790 20.359 21.183 20.948 21.397 20.515 18.103 17.318 15.561 15.360 14.418 14.987 15.614 15.497 14.820 12.323 11.401 8.754 7.368 5.114 3.558 1.502 0.001 1.617 4.429 7.803 9.759 12.143 13.734 15.348 17.527 18.370 19.962 22.354 23.800 25.121 23.123 22.947 24.830 25.128 24.516 24.831 26.162 26.414 26.778 27.429
28.890 28.703 28.571 28.281 28.162 27.744 27.802 27.209 26.991 27.047 26.245 25.087 25.379 25.490 24.212 23.170 24.124 23.617 21.895 21.937 22.593 20.618 18.807 20.510 20.608 18.113 18.405 20.117 19.516 18.248 19.746 20.663 20.352 20.395 19.587 18.013 17.371 16.109 16.541 15.597 16.711 17.347 17.966 17.578 15.593 14.209 12.017 9.322 7.086 5.384 3.673 1.546 0.001 1.922 5.172 8.226 10.678 13.406 15.247 17.778 18.754 20.314 22.500 24.094 25.197 23.472 23.638 25.431 25.611 25.172 25.715 27.112 26.869 27.245 28.152
28.837 28.691 28.442 28.247 27.983 27.697 27.515 27.040 26.898 26.815 26.008 25.381 25.629 25.444 24.256 23.615 24.283 23.715 22.458 22.499 22.758 20.734 19.745 21.173 21.307 19.083 19.571 21.070 20.372 19.368 21.180 21.967 21.200 21.890 21.253 19.553 18.780 17.560 18.160 17.709 19.307 20.282 20.738 21.061 19.313 17.841 15.751 12.358 10.473 8.034 5.921 4.545 1.864 0.000 2.001 4.643 7.166 8.962 11.457 14.021 16.816 18.853 21.313 23.301 24.123 21.943 22.472 24.513 24.346 23.545 24.806 26.099 25.810 26.398 27.416
29.223 29.276 29.164 28.843 28.929 28.812 28.702 28.361 28.177 28.244 27.605 27.090 27.350 27.026 26.035 25.727 26.010 25.297 23.726 24.613 24.639 22.447 22.188 23.146 22.682 20.741 21.034 22.408 20.947 20.397 21.643 22.263 21.336 21.891 21.458 20.426 20.358 19.885 21.105 21.841 23.736 24.919 25.787 26.238 25.496 24.406 22.216 19.521 17.336 13.476 10.747 7.843 4.236 1.634 0.001 2.024 4.499 7.154 9.837 11.600 15.087 17.793 20.593 23.095 23.663 21.595 22.687 24.914 24.525 23.860 25.280 26.901 26.432 26.978 28.134
29.164 29.016 28.762 28.587 28.213 27.892 27.625 27.180 27.207 26.722 26.152 25.477 25.971 25.457 24.354 24.119 24.552 23.819 22.338 23.070 23.082 20.711 20.732 21.932 21.357 19.517 20.390 21.510 20.447 19.937 21.801 21.940 21.222 21.931 21.736 20.930 21.183 20.659 21.809 21.893 23.782 24.670 25.484 26.078 25.062 23.746 21.654 19.341 17.572 14.291 12.485 9.373 7.256 4.362 1.662 0.001 1.851 4.262 6.809 8.638 12.365 13.416 17.261 19.568 20.873 17.938 19.074 21.872 21.658 20.048 22.485 24.597 24.397 24.904 26.277
29.040 28.927 28.773 28.348 28.345 28.004 27.598 27.055 26.902 26.498 25.763 25.117 25.426 25.215 23.785 23.820 24.427 23.599 22.221 23.199 23.308 20.788 20.954 22.573 22.059 19.912 21.409 22.940 21.310 21.105 23.435 23.769 22.645 24.341 24.180 22.493 23.260 22.109 23.192 22.810 24.366 25.173 25.864 26.353 25.298 23.942 21.891 19.893 18.760 15.831 14.665 11.165 9.693 6.831 4.282 1.503 0.001 2.180 4.437 6.942 10.297 11.328 15.965 18.674 19.322 17.124 17.216 20.290 20.582 18.825 21.024 23.274 23.415 24.117 25.655
28.874 28.709 28.417 28.030 27.765 27.614 27.376 26.777 26.513 26.420 25.546 24.732 25.142 25.039 23.606 23.689 24.476 23.545 21.797 23.182 23.252 20.382 21.175 22.788 21.877 19.827 21.791 23.360 21.217 21.496 23.918 24.120 23.399 25.076 24.906 23.491 23.600 22.244 23.160 22.595 23.822 24.638 25.604 25.782 24.775 23.315 21.245 19.700 18.389 15.767 15.481 12.875 11.244 8.941 6.649 4.032 1.622 0.000 1.813 4.774 6.999 7.656 10.191 11.697 13.515 11.483 11.809 15.150 16.031 15.567 18.221 20.569 21.675 22.839 24.503
28.932 28.788 28.683 28.145 28.031 27.962 27.633 26.981 26.719 26.660 25.662 25.040 25.522 25.188 23.446 23.673 24.283 23.427 21.572 22.663 22.769 20.114 20.225 21.782 21.526 19.338 20.784 22.383 20.890 20.912 23.009 23.426 23.024 24.208 24.222 22.772 22.656 21.599 22.357 21.847 23.125 24.177 25.287 25.607 24.435 22.775 20.973 18.978 18.348 15.762 15.410 13.592 12.401 10.734 7.611 6.469 3.727 1.560 0.000 1.781 4.222 5.630 7.150 9.605 11.191 10.111 10.916 14.343 15.472 15.467 18.090 20.872 21.646 22.846 24.409
29.017 28.916 28.506 28.212 27.954 27.640 27.457 26.785 26.656 26.414 25.567 24.708 25.286 25.125 23.555 23.280 24.171 23.223 21.205 22.407 22.668 20.077 20.063 21.845 21.523 19.531 20.867 22.410 21.421 21.137 23.135 23.486 23.257 24.385 24.263 23.105 22.738 21.712 22.169 21.917 22.695 23.875 24.797 25.209 24.035 22.571 20.345 18.723 17.811 15.779 16.189 15.110 14.901 13.455 10.170 8.324 6.462 3.693 1.477 0.001 1.702 3.986 5.617 7.551 9.098 9.016 9.659 12.042 13.940 14.007 16.501 19.241 20.275 21.740 23.394
29.042 28.951 28.890 28.278 28.418 28.220 28.001 27.380 27.335 27.403 26.426 25.678 26.383 26.204 24.665 24.611 25.228 24.306 22.662 23.750 23.806 21.406 21.148 22.877 22.431 20.156 21.781 23.313 21.885 21.445 23.740 24.111 23.267 24.620 24.533 22.889 23.543 21.797 22.925 22.261 23.263 24.365 25.328 25.583 23.944 22.577 20.655 19.204 18.305 17.174 17.397 16.475 16.565 14.854 11.778 9.158 7.154 5.628 3.747 1.304 0.001 1.636 4.132 6.546 7.686 7.356 8.350 10.852 13.083 13.738 15.416 18.547 19.713 21.212 23.546
28.916 28.842 28.625 28.072 28.010 27.700 27.400 26.627 26.661 26.602 25.761 24.929 25.419 25.446 23.991 23.787 24.719 24.037 22.050 23.297 23.561 21.095 21.028 22.697 22.541 20.520 21.853 23.202 22.445 22.034 23.872 24.214 23.820 24.619 24.447 23.236 23.066 21.808 22.218 21.787 22.570 23.383 24.452 24.500 23.109 21.629 19.915 18.152 17.502 16.664 17.013 16.724 16.972 15.836 13.303 11.151 8.986 7.195 5.589 3.774 1.343 0.001 1.754 4.010 6.177 6.595 7.532 10.344 12.094 12.450 14.865 17.528 18.398 20.692 21.781
28.533 28.393 28.169 27.743 27.586 27.333 27.209 26.630 26.468 26.447 25.661 24.957 25.647 25.548 24.214 24.250 24.801 24.072 22.797 23.831 23.765 21.779 21.879 23.522 22.983 21.208 23.051 23.956 23.104 22.952 24.631 24.823 24.665 25.382 25.347 24.374 24.439 23.221 23.719 22.870 23.705 24.002 24.645 24.593 23.331 21.892 20.374 19.080 18.868 18.029 18.646 18.258 18.577 17.624 15.319 13.252 11.315 9.223 7.135 5.412 3.730 1.218 0.001 1.385 3.649 5.174 4.178 4.627 7.419 9.028 9.178 12.154 13.973 15.985 17.190
28.776 28.570 28.314 27.777 27.650 27.421 27.281 26.517 26.562 26.566 25.769 25.029 25.865 25.682 24.199 24.195 25.172 24.280 22.781 23.853 23.936 21.933 21.987 23.692 23.435 21.606 22.974 24.401 23.488 23.171 25.004 25.301 24.725 25.613 25.446 24.298 24.395 23.373 23.997 23.119 23.720 24.382 24.959 25.001 23.242 22.189 20.686 19.272 19.591 18.732 19.667 19.384 19.605 19.139 17.238 15.529 13.967 12.153 8.978 6.916 5.533 3.623 0.911 0.001 1.333 2.280 4.041 3.133 4.343 6.653 7.670 7.894 11.051 12.346 13.609
28.523 28.196 27.732 27.110 27.019 26.668 26.443 25.687 25.510 25.463 24.504 23.758 24.497 24.458 22.956 22.955 23.877 23.012 21.790 22.571 22.880 20.869 20.707 22.808 22.442 20.655 22.193 23.842 23.106 22.690 24.810 25.021 24.903 25.566 25.552 24.095 24.211 22.257 23.025 21.720 22.848 23.299 24.051 23.990 22.382 20.979 19.824 18.392 19.003 18.265 19.778 19.193 19.651 19.424 17.502 16.182 14.568 12.867 10.060 8.233 6.378 4.806 2.950 0.658 0.000 0.728 1.858 2.651 2.653 3.720 5.150 5.617 7.389 8.802 10.306
28.645 28.420 28.066 27.401 27.362 26.954 26.935 26.056 25.626 25.748 25.003 24.122 24.491 24.762 23.277 23.216 23.970 23.646 21.756 22.693 23.067 21.141 20.810 22.747 22.875 20.891 22.269 23.925 23.446 22.982 24.754 25.398 25.214 25.893 25.854 24.595 24.577 23.033 23.413 22.402 22.763 23.485 24.129 24.146 22.923 21.200 19.975 19.109 19.007 19.086 19.790 20.167 20.699 20.309 19.203 17.290 15.504 13.494 10.614 8.447 6.606 4.941 3.752 1.896 0.654 0.000 0.850 1.625 2.505 2.613 3.721 4.927 6.373 7.527 9.935
28.570 28.251 28.023 27.139 27.256 26.998 26.774 25.889 25.722 25.842 24.876 24.034 24.759 24.842 23.236 23.339 24.126 23.365 22.055 22.858 23.030 21.212 20.961 22.844 22.732 21.037 22.400 23.908 23.162 22.732 24.678 25.231 24.765 25.822 25.622 24.045 24.220 22.460 23.084 22.115 22.643 23.431 24.145 24.099 22.641 20.916 19.654 18.684 18.964 18.583 19.241 19.413 19.622 19.492 17.742 16.318 14.384 12.669 9.836 7.839 6.323 4.741 3.754 2.541 1.544 0.610 0.000 0.810 1.500 2.091 2.515 3.419 5.702 6.321 8.211
28.444 28.171 27.786 27.123 26.933 26.692 26.294 25.654 25.299 25.234 24.449 23.800 24.291 24.311 23.042 22.882 23.917 23.019 21.757 22.413 23.006 21.178 20.684 22.705 22.596 20.823 22.138 23.893 23.452 23.016 24.737 25.477 25.163 25.928 25.833 24.336 24.066 22.679 22.818 21.916 22.945 23.231 24.081 24.015 23.144 21.071 20.267 18.646 19.043 18.502 19.634 19.532 20.050 20.102 18.345 16.568 14.989 13.441 10.552 8.649 6.781 5.609 3.859 2.859 2.723 1.678 0.629 0.000 0.863 1.517 2.492 2.971 4.685 6.459 7.602
28.441 28.113 27.815 26.985 26.992 26.742 26.570 25.901 25.401 25.409 24.728 23.871 24.489 24.568 23.278 23.168 23.836 23.387 21.974 22.716 23.047 21.318 21.298 23.060 22.966 21.262 22.874 24.253 23.611 23.571 25.305 25.630 25.447 26.283 26.319 24.933 24.987 23.306 23.618 22.419 23.055 23.370 24.098 24.146 23.151 21.563 20.509 19.047 19.673 19.186 20.374 20.482 20.861 20.682 19.492 17.753 16.258 14.614 11.653 9.793 7.830 6.057 3.969 2.890 2.487 2.496 1.477 0.602 0.000 0.936 1.957 3.225 4.023 5.832 7.608
28.390 28.075 27.816 26.800 27.063 26.762 26.634 25.700 25.598 25.551 24.530 23.915 24.594 24.786 23.037 23.396 24.120 23.686 22.107 22.889 23.092 21.241 21.320 23.029 22.814 21.369 22.737 24.063 23.492 23.417 25.146 25.513 25.258 26.472 26.200 24.828 25.085 23.219 23.837 22.750 23.243 23.745 24.444 24.304 23.342 21.839 20.384 19.549 19.607 19.463 20.277 20.397 20.816 20.913 19.560 18.170 16.563 14.493 11.864 9.886 8.397 6.642 5.412 4.936 3.286 3.169 2.768 1.806 0.663 0.001 1.215 2.916 3.999 5.032 7.165
28.304 28.198 27.805 27.178 27.245 27.010 26.788 26.207 25.891 25.723 24.958 24.211 25.017 24.701 23.455 23.556 24.097 23.153 22.379 23.255 22.832 21.663 21.630 23.000 23.027 21.880 23.044 24.101 23.700 23.645 25.020 25.602 25.315 26.129 25.969 24.648 24.816 23.421 23.664 22.560 23.270 23.857 24.682 24.723 23.616 22.095 20.625 19.701 20.011 19.646 20.748 20.959 21.288 21.188 19.687 18.380 16.904 15.213 12.743 11.055 9.600 7.689 7.338 5.678 5.547 3.872 3.960 3.362 2.223 0.720 0.003 1.280 3.200 4.890 6.022
28.146 27.709 27.473 26.674 26.587 26.392 26.111 25.681 25.143 25.125 24.457 23.877 24.304 24.368 23.252 23.309 24.203 23.525 22.407 23.192 23.693 21.993 21.966 23.683 23.651 22.265 23.342 24.967 24.436 24.137 25.894 26.342 25.952 26.669 26.509 25.194 25.118 23.521 23.527 22.710 23.112 23.739 24.493 24.126 23.536 22.007 20.723 19.917 20.195 20.129 21.136 21.581 21.887 22.539 21.016 19.483 17.909 16.350 13.679 12.782 11.034 9.955 9.273 8.021 7.316 6.456 5.145 4.354 4.549 3.352 0.784 0.001 1.455 4.411 5.326
28.266 27.981 27.596 26.889 26.704 26.637 26.292 25.570 25.240 25.336 24.758 24.136 24.633 24.680 23.469 23.871 24.716 24.177 22.859 24.006 24.082 22.531 22.791 24.281 24.060 23.471 24.497 25.378 25.087 25.105 26.204 26.535 26.519 27.197 26.742 26.042 25.505 24.674 24.630 23.952 23.815 24.476 25.016 24.619 23.739 22.861 21.356 21.675 21.463 21.964 22.290 22.946 23.267 23.850 23.434 22.360 21.556 19.825 17.461 16.407 13.640 13.072 11.402 9.957 9.387 8.810 7.814 5.160 5.659 5.469 3.629 0.859 0.001 1.803 4.558
28.168 27.881 27.632 26.822 26.665 26.593 26.247 25.542 25.404 25.494 24.698 24.379 24.831 24.787 23.809 24.070 24.509 23.966 23.224 23.901 23.649 22.732 22.704 23.993 24.035 23.273 24.169 25.216 24.987 24.951 25.994 26.525 26.508 27.242 27.115 25.979 25.668 24.327 24.599 23.730 24.148 24.590 25.123 25.022 24.040 22.917 21.858 21.335 21.355 21.539 22.414 23.013 23.469 23.840 22.977 21.787 20.653 18.788 16.524 15.568 13.772 12.725 12.966 11.167 10.134 9.459 9.068 7.739 5.733 5.263 5.433 3.822 0.957 0.003 1.908
28.135 27.959 27.627 26.900 26.744 26.256 26.253 25.601 25.361 25.148 24.683 24.435 24.474 24.535 23.776 23.988 24.319 23.982 23.440 23.948 23.987 23.199 23.278 24.242 24.357 23.847 24.528 25.517 25.408 25.356 26.180 26.824 26.851 27.404 27.270 26.332 25.828 25.034 25.061 24.213 24.695 25.034 25.525 25.302 24.433 23.503 22.283 21.796 22.180 22.300 23.070 23.605 23.969 24.560 23.582 22.523 21.425 19.881 17.876 17.286 16.227 15.627 16.487 14.494 14.189 12.374 11.317 11.078 9.542 6.529 6.544 5.861 3.700 1.117 0.005
