0.005 1.887 4.914 6.408 6.967 8.972 11.741 13.758 15.493 17.046 17.989 19.484 20.223 21.852 21.941 21.599 22.745 24.175 24.634 24.459 25.221 26.500 26.554 27.028 26.028 26.314 25.935 26.042 24.971 25.386 24.791 23.316 23.697 23.698 22.536 21.815 22.948 22.834 21.593 22.356 23.317 22.573 23.134 22.800 22.715 22.793 22.064 21.975 22.855 22.803 24.045 24.487 25.829 26.102 25.989 25.161 24.257 23.583 23.247 22.480 22.482 23.554 23.985 24.783 25.124 26.227 26.854
1.078 0.006 1.825 5.047 6.172 7.555 8.789 11.517 13.297 14.325 14.759 16.790 17.926 19.829 20.085 20.006 21.821 23.616 23.841 24.331 25.015 26.317 26.295 26.420 25.650 26.057 25.486 25.653 24.370 25.140 24.219 22.626 23.213 23.169 21.983 20.913 22.277 22.071 20.695 22.198 22.430 22.173 22.572 22.023 22.161 21.977 20.975 20.587 21.625 21.367 22.984 23.232 25.228 25.493 25.372 24.726 23.591 22.686 22.273 20.943 21.316 22.449 22.798 23.643 24.424 25.437 26.140
4.322 1.406 0.011 2.056 4.706 6.395 7.022 8.335 11.237 12.422 12.385 14.081 14.741 17.031 17.587 17.030 19.047 21.189 21.710 22.129 23.423 25.043 25.033 24.937 23.902 24.340 23.551 23.614 22.147 22.932 21.834 19.511 20.491 20.297 18.835 18.039 19.599 19.788 18.727 20.179 20.576 20.671 20.948 21.300 21.452 21.023 19.828 18.895 19.405 18.919 20.430 21.123 23.158 23.729 23.691 23.155 21.728 21.224 20.938 19.776 20.489 21.975 22.398 23.559 24.005 25.410 26.078
5.115 3.872 1.113 0.002 2.014 4.750 5.710 6.523 8.682 11.027 11.376 13.444 14.024 16.282 17.071 16.855 18.571 20.562 21.216 21.437 23.096 24.627 24.624 24.889 23.332 24.159 23.078 23.371 21.526 22.399 21.280 18.434 19.653 19.582 17.809 17.421 18.796 19.098 18.320 19.758 19.987 20.241 20.815 21.113 21.182 20.457 19.392 18.658 19.089 18.366 20.175 20.560 23.070 23.503 23.455 22.864 21.426 20.666 20.418 19.620 20.275 21.634 22.098 23.140 23.689 25.068 25.815
6.573 5.791 4.188 1.097 0.002 1.914 4.408 5.911 7.320 9.195 10.571 12.913 14.192 17.021 17.413 17.769 19.926 21.771 22.470 22.978 23.906 25.406 25.258 25.316 24.361 24.723 23.919 24.130 22.544 23.666 22.660 20.356 20.873 21.392 19.453 18.478 20.527 20.575 19.283 20.535 21.621 21.231 22.000 21.468 21.913 21.617 20.175 19.514 20.139 19.670 21.490 21.898 24.139 24.520 24.515 23.887 22.296 21.651 21.189 20.093 20.625 21.722 22.386 23.280 24.201 25.398 26.278
8.359 7.125 6.314 4.070 1.190 0.003 1.673 4.468 6.575 7.895 9.126 11.960 13.581 16.670 16.998 17.586 20.042 21.836 22.375 23.424 24.159 25.690 25.722 25.689 24.768 25.111 24.425 24.646 22.877 24.028 23.262 21.140 21.359 21.683 20.283 18.879 20.808 20.713 19.158 20.219 21.406 21.076 21.691 21.206 21.768 21.640 20.431 19.694 20.498 19.875 21.928 22.027 24.420 24.920 25.133 24.433 22.686 21.966 21.554 20.468 20.748 21.928 22.325 23.555 24.374 25.712 26.484
11.385 8.455 7.243 6.484 4.045 1.377 0.003 1.821 4.810 6.288 6.787 9.221 10.037 12.797 13.479 14.070 16.588 18.842 19.868 20.942 21.960 23.740 23.396 23.361 21.761 22.518 21.664 21.685 19.973 21.215 20.091 17.424 18.332 19.001 17.171 16.464 18.294 18.751 17.404 18.806 20.188 20.286 21.222 20.535 21.518 21.035 19.531 18.703 18.947 18.238 19.871 20.207 22.417 23.022 23.346 22.863 21.367 20.993 20.928 19.792 20.251 21.997 22.335 23.502 24.158 25.569 26.011
12.154 11.108 8.030 7.108 5.983 3.880 1.138 0.002 1.726 3.915 5.963 7.547 8.646 11.631 12.394 13.346 16.023 18.206 18.655 19.863 21.032 22.667 22.470 22.145 20.829 21.653 20.856 20.774 19.121 20.379 19.139 16.575 17.649 18.280 16.085 15.801 17.692 17.836 16.405 17.790 19.197 19.331 20.254 19.783 20.731 20.296 18.983 17.955 18.182 17.371 19.005 19.434 21.421 22.114 22.485 21.723 20.528 19.930 19.729 18.888 19.225 20.944 21.157 22.460 23.160 24.493 25.331
14.305 13.347 11.642 8.498 7.460 6.544 3.995 1.103 0.002 1.675 4.797 6.122 8.529 10.638 11.765 13.458 16.151 17.758 18.705 19.993 21.113 22.394 22.500 22.604 21.224 22.465 21.964 22.388 20.460 22.098 20.831 18.211 19.053 19.732 17.752 16.883 18.955 18.818 17.505 19.224 20.347 20.096 21.410 20.612 21.672 21.247 19.786 18.605 19.292 18.653 20.358 20.675 23.038 23.495 23.736 23.272 21.822 20.927 20.663 19.427 19.843 21.292 21.746 23.010 23.729 25.141 25.737
17.564 15.845 14.052 11.898 9.284 7.996 6.344 3.738 1.406 0.002 1.635 3.935 6.180 7.906 8.820 10.268 12.697 14.528 15.538 17.165 18.475 19.982 20.260 20.564 19.050 20.662 20.414 21.413 19.581 21.418 20.007 17.025 18.271 19.003 16.931 16.443 18.571 18.967 17.643 19.091 20.612 20.687 21.912 21.140 22.453 21.748 19.991 18.928 19.398 17.887 19.557 19.382 21.856 22.074 22.552 22.012 20.656 20.331 20.442 19.478 20.155 21.733 22.001 23.172 23.709 25.242 25.772
19.153 17.498 15.583 13.601 11.953 9.406 7.287 5.616 3.443 1.138 0.002 1.496 3.620 5.059 6.697 7.845 10.128 12.060 14.208 15.704 16.553 18.742 18.722 18.868 17.512 19.118 19.150 20.025 18.647 20.229 18.895 16.007 17.493 18.378 16.181 15.563 17.997 18.357 17.101 19.021 20.218 20.447 21.635 21.104 22.078 21.563 19.903 18.618 18.541 17.147 18.642 18.571 20.784 21.284 21.754 21.388 20.544 20.252 20.552 19.749 20.534 22.074 22.266 23.476 23.781 25.389 25.925
20.977 19.419 17.238 14.761 13.181 11.217 8.568 6.807 5.693 3.416 1.206 0.002 1.594 3.876 5.636 6.105 7.673 9.559 11.796 12.677 13.825 15.973 15.975 16.658 15.042 17.416 17.280 18.614 17.637 19.031 17.528 14.882 16.334 16.963 15.134 14.817 16.936 17.587 16.682 18.226 19.834 20.023 21.377 21.048 22.160 21.181 19.229 17.852 17.946 16.302 17.685 17.601 19.801 20.326 20.966 20.709 19.491 19.489 19.773 19.257 20.155 21.828 22.146 23.004 23.376 25.042 25.595
21.953 20.966 18.928 16.961 15.244 13.015 10.705 8.678 7.060 4.986 3.591 1.172 0.001 1.326 3.757 5.116 5.325 6.999 9.476 10.431 11.601 13.654 13.980 14.717 13.579 16.534 16.482 18.094 16.886 18.681 17.292 14.200 15.838 16.847 15.031 14.437 16.904 17.683 16.961 18.649 20.315 20.405 21.865 20.964 22.323 21.798 20.137 18.702 18.679 16.639 18.425 17.915 20.260 20.799 21.584 21.246 20.433 20.092 20.626 19.805 21.220 22.671 22.726 23.538 23.854 25.355 25.738
22.570 21.461 19.384 17.180 15.732 13.705 11.569 9.155 7.986 6.652 5.204 3.680 0.768 0.000 1.327 3.330 4.936 4.910 6.507 8.512 10.614 12.620 13.441 14.432 13.182 16.659 16.819 18.617 17.545 18.994 17.291 14.787 16.320 16.910 14.872 14.874 17.087 17.581 17.043 18.549 20.029 20.068 21.594 21.079 22.242 21.578 19.716 18.107 18.268 16.290 17.744 17.353 19.773 20.215 20.954 20.409 19.232 18.975 20.029 19.270 20.211 21.891 21.956 22.802 23.291 24.950 25.398
22.580 21.571 19.747 17.866 16.725 15.274 12.999 10.792 10.232 8.453 6.829 5.022 2.888 0.736 0.001 1.325 3.098 4.916 5.479 7.309 8.722 11.673 12.563 14.036 13.173 16.611 16.923 18.566 17.705 19.391 17.908 14.961 16.855 17.663 15.405 15.405 17.855 18.242 17.277 19.079 20.753 20.710 22.310 21.558 22.666 22.205 20.285 18.618 18.632 16.518 17.840 17.204 19.657 20.280 20.930 20.517 19.351 19.073 20.060 18.956 20.137 22.044 22.244 23.100 23.212 25.070 25.551
22.615 21.925 19.886 18.019 16.621 15.189 12.921 10.691 10.858 9.055 7.098 5.849 4.203 3.064 0.761 0.000 1.344 3.287 5.319 5.854 6.551 9.631 10.808 12.434 11.919 15.484 16.107 17.526 16.767 18.172 16.693 13.840 15.996 16.491 14.334 14.375 16.639 17.178 16.232 18.281 19.602 19.618 21.379 20.784 22.039 21.244 19.481 18.005 17.698 15.753 16.809 16.630 19.025 19.809 20.699 20.275 19.213 19.018 19.606 18.927 20.394 22.024 21.903 22.971 22.957 24.926 25.345
22.738 21.885 19.830 17.791 16.475 15.208 12.990 11.057 10.639 9.593 7.792 6.372 4.643 5.163 3.303 0.797 0.001 1.558 3.702 4.807 5.395 7.829 9.385 11.312 11.330 14.860 15.755 17.210 16.577 18.063 16.847 13.798 15.782 16.651 14.748 14.220 16.731 17.397 16.540 18.236 19.640 19.966 21.381 20.977 22.224 21.446 19.790 18.320 18.041 16.025 17.465 17.210 19.550 20.235 20.870 20.730 19.618 19.264 20.247 19.159 20.815 22.362 22.595 23.306 23.923 25.435 25.946
23.501 22.874 21.090 18.811 17.709 17.100 15.230 12.883 12.982 12.298 11.054 9.403 6.249 5.915 5.697 4.000 0.806 0.001 1.442 3.667 5.192 7.342 8.995 11.450 11.365 14.932 15.476 17.001 16.563 18.032 16.526 14.130 15.752 16.240 14.651 14.462 16.677 17.347 16.773 18.178 19.941 20.120 21.676 21.328 22.746 21.734 20.028 18.431 18.215 16.214 17.390 17.221 19.445 20.243 20.577 20.559 19.273 19.419 20.118 19.496 20.677 22.296 22.508 23.139 23.724 25.308 25.701
24.154 23.499 22.357 20.496 19.211 18.932 17.351 15.831 15.790 14.983 13.844 11.851 9.365 6.717 6.230 6.066 3.288 0.877 0.001 1.236 3.171 5.865 8.180 10.667 10.686 14.516 15.437 17.436 17.094 18.693 17.258 14.990 16.885 17.671 15.861 15.637 18.160 18.544 17.846 19.777 21.199 21.016 22.463 22.203 23.409 22.671 20.780 19.417 18.892 17.073 17.773 17.556 19.462 20.255 20.850 21.006 19.667 19.749 20.664 19.939 21.415 22.680 22.933 23.416 23.814 25.299 25.525
24.447 23.792 22.028 20.230 19.564 19.068 17.294 16.184 16.560 15.665 13.934 12.232 10.553 9.536 6.198 6.223 4.996 2.903 1.042 0.001 1.447 3.881 7.112 10.201 10.403 14.242 15.358 18.017 17.821 19.690 18.138 15.720 17.631 18.514 16.277 16.244 18.778 19.084 17.900 19.858 21.403 21.119 22.794 22.289 23.268 22.387 20.433 19.202 18.810 16.898 17.883 17.406 19.593 20.103 20.910 20.676 19.887 20.104 20.658 20.078 21.429 22.692 22.868 23.400 23.605 25.117 25.408
24.916 24.732 23.489 21.663 21.318 20.916 19.472 18.449 18.927 18.244 16.322 15.640 13.904 12.768 10.548 8.190 7.482 6.494 3.661 1.067 0.000 1.600 4.950 9.255 10.373 14.327 16.577 19.308 19.837 21.776 20.207 18.248 20.435 20.705 18.654 18.662 21.061 20.866 19.671 21.811 22.737 22.358 23.882 23.415 24.208 23.053 21.265 20.143 19.492 17.751 18.753 18.224 20.259 20.441 21.046 20.684 19.723 19.777 20.790 20.425 21.709 22.982 23.217 23.618 23.954 25.157 25.477
26.182 26.293 25.352 23.592 23.432 23.414 22.557 20.802 21.327 20.789 19.121 17.841 15.394 14.194 12.989 10.649 8.050 7.500 6.679 3.762 1.724 0.003 1.614 4.354 6.360 8.771 11.442 14.141 15.782 17.972 16.535 15.334 18.082 18.756 17.534 18.022 20.444 20.533 20.046 22.152 23.081 22.642 24.250 24.057 24.833 23.878 22.245 20.692 20.271 18.290 19.024 18.399 20.522 20.617 21.668 21.764 20.962 21.205 22.419 21.896 23.316 24.511 24.733 25.138 25.245 26.559 26.844
27.163 27.293 26.536 25.291 25.126 25.224 24.461 22.942 23.447 22.755 21.090 19.908 18.012 16.237 14.991 12.884 10.367 9.068 8.107 6.463 4.056 1.276 0.003 1.773 4.368 6.680 9.004 11.516 14.133 16.349 15.132 15.503 18.361 19.324 18.562 19.468 21.705 22.067 22.080 24.174 24.739 24.679 25.827 25.670 26.421 25.648 24.257 22.914 22.234 20.401 20.721 19.628 21.384 21.439 22.408 22.671 22.238 22.633 23.858 23.473 24.562 25.596 25.502 25.847 25.650 26.743 26.849
27.180 27.169 26.145 24.876 24.559 24.609 23.545 22.165 22.376 22.029 20.287 19.128 17.212 16.000 14.833 12.920 10.885 9.905 10.008 8.834 6.228 3.802 1.475 0.006 1.669 4.155 5.957 8.063 10.265 11.208 10.671 11.577 14.013 14.872 15.307 16.967 19.042 19.791 20.453 22.412 23.283 23.722 25.145 25.301 26.093 24.895 23.884 21.898 21.368 19.205 19.361 18.873 20.160 20.854 21.991 22.319 21.731 22.234 23.438 23.159 24.356 25.464 25.674 25.948 26.115 27.091 27.159
26.588 26.443 25.601 24.272 23.926 23.882 22.918 21.545 22.107 21.620 19.736 18.561 16.866 15.696 14.633 12.951 10.835 10.678 10.700 10.209 8.088 6.310 3.712 1.241 0.006 1.555 3.525 6.071 8.299 9.366 9.299 9.959 12.630 14.555 14.464 16.124 18.468 19.304 19.840 21.725 22.529 22.749 24.275 24.155 25.253 24.446 23.133 21.540 20.779 18.497 18.610 17.956 19.429 20.261 21.685 21.677 21.462 21.800 22.600 22.335 23.692 24.920 25.099 25.368 25.694 26.854 26.776
27.035 26.935 26.144 24.572 24.058 24.227 23.154 21.247 21.904 21.665 19.685 18.778 16.648 16.109 14.969 13.074 11.290 10.770 11.097 10.370 8.803 7.606 5.434 3.722 1.235 0.002 1.676 4.181 6.887 7.578 7.657 8.996 11.372 12.719 13.593 15.289 16.947 18.027 19.598 21.247 22.350 22.933 24.359 24.501 25.360 24.640 23.321 21.525 20.894 18.645 18.614 18.179 19.402 20.183 21.510 21.755 21.219 21.886 22.864 22.756 23.937 25.102 25.485 25.692 25.739 26.817 27.147
27.308 27.078 26.459 25.012 24.569 24.658 23.829 22.305 22.503 21.999 20.299 18.935 17.178 16.259 16.049 14.777 12.785 12.471 13.503 13.239 11.531 10.203 7.759 5.444 3.739 1.354 0.003 1.627 3.941 6.285 7.201 8.405 10.976 13.007 14.199 16.330 17.994 19.432 20.710 22.521 23.366 23.763 25.042 24.975 26.172 25.680 24.680 22.970 22.370 20.015 20.188 19.248 21.171 21.770 22.988 23.285 22.968 23.277 23.964 23.603 24.864 25.829 26.240 26.572 26.524 27.602 27.600
25.952 25.598 24.746 23.003 22.123 22.261 21.140 18.973 19.510 19.459 17.729 17.051 15.117 15.324 15.294 13.832 12.558 13.280 14.287 14.182 13.323 13.168 10.918 8.441 6.136 4.036 1.198 0.003 1.879 4.669 6.705 6.550 7.368 10.002 11.977 11.941 13.675 15.884 17.827 18.320 19.113 19.911 21.784 21.659 22.956 22.916 21.622 19.796 19.859 17.403 18.441 17.813 20.102 21.016 22.096 22.128 21.433 21.643 22.549 21.997 23.194 24.368 24.813 25.384 25.568 26.539 26.926
25.776 25.390 24.119 22.409 21.378 21.549 20.267 17.929 18.944 18.917 17.202 16.886 14.597 15.209 15.822 14.388 13.407 14.961 16.654 16.454 15.607 16.175 13.976 11.140 9.020 6.609 4.298 1.197 0.001 1.536 3.451 4.971 4.830 6.344 8.898 9.781 10.982 12.744 14.425 15.696 16.725 17.043 19.243 19.101 21.124 21.155 20.575 18.746 19.037 16.512 17.722 17.826 20.110 21.123 22.558 22.654 21.789 22.332 22.914 21.978 23.180 24.162 24.610 25.434 25.698 26.934 26.912
25.451 24.795 23.502 21.706 21.045 21.141 19.987 17.891 18.693 18.541 16.794 16.521 14.111 14.862 15.246 13.585 12.761 14.499 16.067 16.049 16.085 16.695 15.003 12.436 10.476 8.225 6.514 3.729 0.752 0.000 1.140 3.249 4.843 4.998 6.496 9.059 10.354 11.572 12.964 14.329 16.028 15.424 17.752 17.755 19.804 19.492 18.265 16.810 17.516 15.318 16.735 16.360 19.206 20.051 21.371 21.087 20.299 20.258 21.027 20.499 21.621 23.011 23.504 24.179 24.668 25.702 26.042
25.283 24.685 23.320 21.911 20.778 20.802 19.657 17.644 18.686 18.381 16.928 16.340 14.543 15.116 15.386 14.022 13.519 15.015 16.459 16.609 16.504 17.615 16.068 14.575 11.901 10.523 7.672 5.603 3.278 0.717 0.000 1.271 3.445 4.961 5.220 6.688 9.625 11.603 11.972 13.825 15.239 15.856 17.302 17.576 19.456 19.310 18.419 16.500 17.393 14.920 16.545 16.410 19.329 20.391 21.508 21.572 20.394 20.424 21.170 20.437 21.625 23.189 23.630 24.567 24.964 26.157 26.433
25.144 24.551 23.167 21.319 20.549 20.430 19.170 16.946 18.319 18.006 16.056 15.897 13.538 14.399 14.671 13.170 12.524 14.605 15.654 15.795 15.666 17.278 15.810 14.191 11.313 10.507 7.588 6.430 5.198 3.330 0.741 0.000 1.432 3.515 4.916 5.149 6.755 8.851 10.359 11.057 12.695 13.197 15.662 15.914 18.046 17.552 17.556 15.339 16.195 13.802 15.573 15.535 18.691 19.875 20.741 20.650 19.646 19.815 20.505 19.615 21.203 22.795 23.175 24.099 24.779 25.998 26.286
25.016 24.504 23.187 21.339 20.774 20.818 19.457 17.273 18.588 18.336 16.455 16.287 13.898 14.800 15.076 13.703 12.930 14.971 16.315 16.116 15.947 17.098 16.300 14.070 11.683 10.995 8.493 7.177 5.748 5.739 3.301 0.650 0.000 1.362 3.100 4.855 4.871 6.963 9.237 11.263 12.666 12.379 14.935 15.191 17.011 16.992 16.651 14.764 15.827 14.068 15.319 15.650 18.559 19.809 20.903 20.769 19.781 19.949 20.466 19.497 20.763 22.507 23.006 23.759 24.598 25.582 25.756
24.637 24.073 22.667 20.833 20.151 20.288 18.930 16.733 18.048 17.898 15.652 16.170 13.387 14.826 14.866 13.229 12.864 15.262 16.354 16.377 17.079 18.096 17.331 16.127 13.819 13.185 10.488 8.438 6.250 5.155 5.140 3.339 0.980 0.002 1.371 3.899 5.861 5.502 7.355 10.425 10.871 11.078 13.147 14.091 16.047 15.780 15.442 13.377 14.778 13.470 15.047 15.201 18.563 19.715 20.669 20.315 19.178 19.163 19.883 18.664 19.868 21.609 22.102 23.258 23.958 25.316 25.806
24.389 23.725 22.308 20.776 19.916 19.956 18.779 16.770 18.095 17.992 16.192 16.292 13.893 15.227 15.295 13.509 13.172 15.314 16.472 16.404 16.637 18.272 17.511 16.194 14.181 13.791 11.216 9.445 7.824 6.460 5.256 4.537 3.351 0.692 0.000 1.403 3.672 5.012 5.292 6.973 9.147 10.019 12.334 13.531 15.705 15.083 15.553 13.009 14.643 13.094 14.675 15.090 17.950 19.240 20.064 20.037 18.901 18.962 19.487 18.635 19.782 21.695 22.146 23.179 23.984 25.360 25.797
24.431 23.798 22.406 20.604 19.782 19.918 18.663 16.657 17.919 18.108 16.300 16.383 13.467 15.094 15.513 13.530 13.166 15.655 16.741 16.703 16.913 18.652 18.018 16.510 14.271 13.734 11.739 10.762 8.863 8.224 6.079 5.232 5.972 3.717 0.651 0.000 1.455 3.542 5.222 5.200 7.114 8.605 11.367 12.208 15.348 14.633 15.186 12.995 14.641 13.225 14.723 15.157 18.462 19.878 20.628 20.522 19.424 19.363 20.001 19.067 20.453 22.357 22.649 23.773 24.282 25.779 25.973
24.396 23.837 22.467 20.778 19.972 20.163 18.916 17.007 18.143 18.055 16.493 16.459 14.088 15.410 15.609 13.920 13.589 15.767 17.166 16.915 17.435 19.148 18.576 17.388 14.967 15.020 13.509 11.995 10.593 9.635 9.248 6.201 5.941 5.227 3.952 0.687 0.002 1.196 3.512 5.139 6.032 7.508 10.538 12.089 14.320 13.966 14.520 12.633 14.467 13.480 15.250 15.492 18.412 19.890 20.719 20.550 19.494 19.642 20.193 19.236 20.189 21.881 22.493 23.428 24.141 25.520 25.969
24.241 23.687 22.371 20.740 20.051 20.182 18.945 16.957 18.424 18.658 16.931 17.158 14.976 16.474 16.875 15.317 14.947 17.195 18.378 18.094 18.308 20.042 19.614 18.366 16.669 16.356 14.176 12.881 11.122 10.093 10.225 9.119 6.778 5.888 5.509 3.561 0.734 0.003 1.470 4.077 5.815 5.865 8.068 9.598 11.977 11.940 13.196 11.711 14.011 13.597 15.916 16.210 19.034 20.096 21.040 20.915 19.832 19.689 20.139 19.004 19.889 21.935 22.495 23.747 24.372 25.730 26.315
24.158 23.773 22.473 20.580 20.030 20.109 19.088 17.371 18.808 18.955 17.232 17.510 15.524 16.595 17.205 15.424 15.181 17.370 18.241 18.102 18.449 20.372 19.735 18.908 17.187 17.132 15.362 15.071 13.849 11.737 10.861 10.343 10.008 6.554 5.676 5.403 3.919 0.807 0.003 1.415 4.048 5.211 6.368 7.499 10.510 11.009 12.890 11.296 13.822 13.542 15.278 16.190 18.428 19.756 20.534 20.361 19.551 19.508 19.772 19.127 19.913 21.821 22.184 23.276 23.834 25.422 25.897
24.604 24.288 22.975 20.668 20.535 20.934 19.769 18.167 19.587 19.982 17.834 18.607 16.266 17.569 17.771 16.073 16.036 18.150 19.150 18.441 19.114 20.929 20.443 19.689 17.825 18.066 17.185 17.319 16.204 14.880 12.929 11.684 11.776 9.822 7.033 6.318 6.286 3.830 0.733 0.001 1.309 3.852 5.538 7.440 9.988 10.435 12.426 10.719 13.406 13.490 15.592 16.575 19.128 20.170 21.032 20.879 19.954 19.816 19.983 19.293 20.187 22.137 22.706 23.371 24.159 25.295 25.947
24.192 23.807 22.697 20.769 20.518 20.943 19.849 18.105 19.709 20.212 18.172 19.019 16.947 18.636 18.930 17.205 17.574 19.836 20.434 20.144 20.837 22.608 22.244 21.933 20.317 20.155 19.061 18.678 17.016 16.624 15.189 13.712 12.365 10.986 9.966 7.199 6.495 5.813 3.796 1.000 0.001 1.470 3.716 6.344 7.949 8.620 11.602 10.403 13.538 14.308 16.824 18.241 20.819 21.672 22.451 22.239 21.264 20.887 20.881 19.753 20.231 22.119 23.012 23.986 24.823 25.930 26.556
24.400 24.004 22.827 21.096 20.700 21.161 20.538 19.008 20.779 21.068 19.570 20.012 18.296 19.705 19.952 18.348 18.649 20.695 21.191 21.038 21.895 23.291 22.888 22.732 21.081 21.351 19.834 20.079 18.474 17.511 16.249 14.735 13.247 11.929 10.405 8.966 6.979 5.920 5.337 3.390 1.029 0.002 1.646 4.378 6.464 7.841 10.910 10.325 13.150 14.326 16.800 18.297 20.683 22.056 22.661 22.576 21.954 21.365 20.997 20.612 20.851 22.770 23.275 24.152 24.786 26.028 26.544
23.880 23.401 21.944 20.746 20.427 20.674 20.035 19.301 20.749 21.154 19.520 20.669 18.594 21.058 20.772 18.782 19.668 21.775 21.955 21.502 22.566 24.131 23.770 23.846 22.211 22.914 21.711 21.829 20.687 19.605 18.368 17.437 16.348 13.862 12.573 11.535 9.919 7.406 6.771 6.641 3.727 1.298 0.006 1.551 3.680 5.890 8.408 8.914 12.135 13.311 15.886 17.542 20.160 21.295 21.886 21.899 20.420 19.748 19.887 18.874 19.533 21.765 22.424 23.692 24.336 25.721 26.595
23.893 23.395 22.373 21.380 21.042 21.373 21.086 20.364 21.728 22.237 21.155 22.117 20.626 22.682 22.509 21.146 22.059 23.737 23.957 23.794 24.544 25.980 25.831 26.082 24.743 25.356 24.288 24.513 23.383 22.618 21.615 20.228 19.362 17.718 16.485 14.869 12.857 11.036 8.495 7.814 5.822 4.135 1.295 0.029 1.676 4.747 7.306 10.318 14.033 15.754 18.985 20.973 22.885 24.037 24.169 24.220 22.530 21.832 21.508 20.699 20.712 22.547 23.249 24.273 24.915 26.121 26.850
24.247 23.785 22.606 20.793 20.845 20.843 20.150 19.389 20.923 21.096 19.344 20.614 18.576 20.738 20.205 18.180 19.231 21.440 21.271 20.689 22.238 23.623 23.557 23.730 22.060 22.930 21.950 22.375 21.149 20.909 19.114 17.315 17.715 16.328 14.018 12.921 12.107 10.942 8.883 7.938 7.291 5.843 3.968 1.555 0.005 1.440 2.905 4.646 6.495 9.411 11.181 13.602 15.882 17.038 17.888 18.377 16.862 16.730 17.762 16.755 17.763 20.513 21.245 22.265 22.720 24.635 25.284
24.078 23.710 22.142 20.273 20.460 20.616 19.708 18.421 20.181 20.342 18.570 19.417 17.180 19.477 18.963 16.629 17.426 19.720 20.042 19.387 20.792 22.512 22.319 22.487 20.497 21.996 20.853 21.496 20.297 20.447 18.589 16.595 17.292 16.367 14.087 13.567 13.695 12.188 9.917 10.132 9.549 6.693 4.939 2.896 0.955 0.002 0.990 2.151 3.810 5.645 8.074 10.255 12.777 14.178 15.387 16.176 15.028 15.185 16.846 16.311 17.023 19.783 20.327 21.547 21.678 23.760 24.698
24.148 23.982 22.539 20.598 20.459 20.673 19.984 18.645 19.979 20.189 18.426 19.185 16.828 19.114 18.752 16.619 16.941 19.755 19.800 19.335 20.715 22.534 22.209 22.549 20.290 21.799 20.441 21.017 19.981 19.904 18.004 15.581 16.489 15.725 13.161 12.333 13.381 11.831 10.124 10.841 9.880 7.262 5.934 4.517 2.249 0.954 0.002 1.007 2.319 3.812 5.506 8.248 10.264 12.820 14.295 15.850 14.742 15.235 16.919 16.209 17.224 19.874 20.567 21.935 21.951 24.297 25.103
23.842 23.634 22.218 20.154 20.259 20.651 19.991 18.256 20.043 20.072 18.331 19.087 16.804 19.065 18.546 16.474 17.090 19.410 19.592 19.125 20.491 22.148 21.780 22.134 19.961 21.168 19.760 20.588 19.447 19.580 17.287 15.616 16.417 15.558 12.907 12.496 13.347 12.227 10.276 11.282 11.008 8.413 7.725 6.444 4.391 2.810 0.978 0.001 0.943 2.151 4.055 6.053 8.235 10.197 12.015 13.499 13.101 13.644 15.448 15.086 17.214 19.748 20.337 21.369 21.847 23.936 24.885
24.126 24.021 22.480 20.557 20.582 20.889 20.135 18.398 20.249 20.572 18.788 19.590 17.151 19.462 18.922 16.429 17.121 19.705 19.814 19.023 20.481 22.030 21.726 21.891 19.842 21.156 19.637 20.323 19.452 19.442 17.245 15.195 16.630 15.545 12.852 12.652 13.646 12.105 10.634 11.838 11.308 8.809 8.292 7.236 5.257 3.589 2.195 0.880 0.002 1.291 3.097 4.754 6.563 8.514 10.552 12.650 12.459 13.364 15.588 15.636 17.492 19.916 20.388 21.665 21.474 23.976 24.924
24.454 24.048 22.627 21.038 20.642 21.255 20.078 18.921 20.776 20.770 19.169 19.500 17.635 19.219 18.713 16.639 16.981 19.180 19.478 18.954 20.316 21.662 21.554 21.812 20.184 21.115 19.872 20.561 19.745 19.777 17.334 15.603 17.124 16.283 13.458 13.809 15.120 13.620 12.173 14.358 13.625 11.052 11.342 10.160 8.537 6.070 4.423 2.895 1.244 0.001 1.546 3.613 5.572 7.364 9.134 11.340 11.490 12.160 14.257 14.749 17.140 19.340 19.897 20.833 21.283 23.378 24.648
24.419 24.262 22.784 21.034 20.962 21.485 20.480 18.779 20.789 21.016 19.227 19.751 17.657 19.470 19.099 16.594 17.208 19.363 19.642 18.650 20.403 21.634 21.771 21.920 20.413 21.506 20.330 20.955 20.010 20.042 17.636 15.665 16.888 16.573 13.083 13.455 14.857 13.503 12.397 14.370 14.157 11.693 12.970 11.411 10.728 8.677 6.829 4.698 3.477 1.358 0.002 1.552 3.539 5.787 8.066 10.178 11.162 12.353 14.764 15.474 17.318 20.110 20.526 21.319 21.638 23.650 24.472
24.851 24.673 23.454 21.643 21.646 22.157 21.024 19.743 21.530 21.516 19.895 20.052 18.102 19.567 19.439 17.382 17.540 19.682 19.814 18.908 20.263 21.533 21.602 21.932 20.575 21.600 20.649 20.993 20.221 20.396 18.027 16.040 17.567 16.910 14.032 14.349 15.860 14.720 13.460 15.811 15.278 13.471 14.466 13.722 13.617 10.938 9.202 6.945 5.063 3.472 1.421 0.003 1.742 4.030 7.070 8.809 9.974 11.825 14.316 15.349 17.510 19.580 20.357 20.732 21.049 22.938 23.683
25.418 25.398 24.020 22.390 22.288 22.506 21.532 20.076 21.339 21.188 19.453 19.474 17.784 18.664 18.189 16.686 16.854 18.367 18.743 18.349 19.814 21.227 21.153 21.409 20.198 21.175 20.508 20.636 19.572 20.029 17.632 15.570 16.706 16.472 13.857 14.186 16.031 15.363 14.550 16.610 16.990 15.932 17.648 16.795 17.248 15.338 13.012 10.206 8.266 5.890 4.094 1.480 0.003 1.689 4.830 7.388 9.451 11.499 14.295 15.964 18.407 20.110 20.350 20.386 20.531 22.355 23.028
26.444 26.713 25.521 24.100 24.324 24.466 23.611 22.468 23.761 23.591 21.775 21.885 20.161 20.841 20.243 18.191 18.361 19.358 19.673 19.030 20.434 21.710 21.715 22.024 20.863 21.972 21.210 21.334 20.603 20.781 18.714 17.309 18.502 18.143 15.959 16.966 18.874 18.124 17.936 20.405 20.640 20.072 22.006 21.594 22.070 19.992 17.799 14.591 11.793 8.853 6.188 3.946 1.651 0.000 1.836 4.476 7.337 9.653 12.242 14.936 17.789 18.881 18.973 18.341 18.656 20.801 21.258
27.199 27.294 26.275 25.101 25.699 25.718 24.690 23.999 25.044 24.954 23.110 23.581 22.094 22.617 21.823 19.885 19.898 21.118 20.620 19.719 20.800 22.156 22.019 22.513 21.609 22.677 22.088 22.764 22.198 22.733 20.470 19.665 21.185 20.959 19.200 20.389 22.389 21.818 21.609 23.978 24.383 23.806 25.214 24.628 25.091 23.384 21.206 18.699 16.173 13.346 10.262 7.149 4.175 1.680 0.003 1.725 4.396 7.166 9.151 12.294 15.186 16.475 16.473 16.458 17.003 19.555 20.239
26.228 26.097 24.668 23.498 24.107 24.090 22.856 22.228 23.724 23.641 21.709 22.430 20.892 21.877 21.082 18.937 19.287 20.590 20.220 19.207 20.745 22.221 22.449 23.180 22.057 23.391 22.668 23.269 22.688 23.070 20.722 19.626 21.281 20.887 18.396 19.491 21.627 20.574 19.986 22.569 22.952 22.158 23.478 23.026 23.064 21.459 19.020 16.966 14.678 12.726 9.952 7.729 6.116 3.747 1.373 0.001 1.969 4.265 6.376 7.908 9.867 11.711 12.939 14.393 15.740 18.773 20.217
26.224 26.050 24.612 23.299 24.494 24.411 22.937 22.882 24.443 24.309 22.295 23.261 21.930 23.338 22.087 20.060 20.909 22.395 21.107 20.472 22.135 23.470 23.676 24.644 23.404 24.903 24.172 25.009 24.348 25.162 22.848 21.577 23.526 23.126 20.622 21.641 23.539 22.501 21.741 23.966 24.443 23.401 24.699 23.958 23.887 22.180 19.669 18.176 16.134 14.713 12.698 10.038 9.464 6.528 4.122 1.501 0.003 1.770 3.827 5.850 7.155 9.249 11.019 13.006 14.975 18.280 20.192
26.022 25.895 24.130 22.470 23.654 23.693 21.855 21.736 23.485 23.489 21.313 22.346 20.836 22.050 21.053 18.982 19.730 20.991 20.523 20.011 21.305 22.934 23.296 24.083 22.807 24.239 23.369 24.321 23.805 24.291 22.234 20.757 22.310 22.083 19.659 20.572 22.253 21.653 20.534 22.909 23.553 22.550 24.009 23.365 23.166 21.395 18.701 16.805 15.066 13.409 12.284 10.061 9.720 7.370 5.665 3.388 1.475 0.010 1.824 4.208 5.802 7.670 9.890 12.329 14.469 17.790 20.266
25.481 25.019 23.295 21.816 22.379 22.376 21.165 20.771 22.337 22.384 20.780 21.776 20.337 21.765 20.746 18.896 19.778 21.474 20.519 20.147 21.617 23.251 23.544 24.055 23.013 24.268 23.605 24.489 23.654 23.911 22.122 20.368 21.985 21.679 19.423 19.701 21.600 20.821 19.779 22.115 22.754 21.892 23.151 22.208 22.599 20.617 18.189 16.056 14.702 12.926 12.463 10.860 11.266 9.066 7.082 5.209 3.527 1.546 0.007 1.803 4.420 7.125 9.496 12.340 13.946 17.370 19.582
24.796 24.268 22.626 21.162 21.931 22.095 20.759 20.539 22.423 22.461 20.374 21.868 19.974 21.596 21.010 18.739 19.652 21.370 20.707 20.169 21.773 23.078 23.290 24.045 22.846 24.495 23.224 24.393 23.416 23.824 21.702 20.214 21.986 21.618 19.140 19.531 21.340 20.553 19.035 21.661 22.352 21.193 22.218 21.663 21.672 19.832 17.677 15.766 14.947 13.805 13.247 11.954 12.467 10.960 8.626 6.670 5.452 3.683 1.599 0.005 1.900 5.080 7.569 10.631 12.897 16.450 18.835
24.972 24.462 22.957 21.476 22.217 22.307 20.938 20.498 22.254 22.438 20.696 21.831 20.048 21.720 20.593 18.538 19.378 21.345 20.707 20.489 21.973 23.325 23.682 24.223 23.209 24.643 23.460 24.614 23.705 24.095 22.170 20.313 21.999 21.427 19.052 19.551 21.302 20.512 19.217 21.746 22.268 21.293 22.372 21.622 21.578 19.917 17.742 15.765 15.057 13.777 13.693 12.979 14.656 13.565 11.942 9.774 7.828 5.509 4.228 1.789 0.001 1.817 4.524 7.793 10.710 13.379 16.566
24.912 24.526 22.983 21.447 22.129 22.306 20.944 20.822 22.551 22.836 21.037 22.383 21.003 22.643 21.684 19.740 21.408 22.785 22.072 21.993 23.413 24.616 25.026 25.398 24.804 25.510 24.952 25.524 24.813 25.111 23.777 22.309 23.306 22.654 20.812 21.039 22.440 21.362 20.154 22.254 22.570 21.548 22.517 21.752 21.721 19.866 17.690 16.419 15.746 15.306 16.144 16.395 18.638 18.215 17.186 15.478 12.206 8.950 6.940 4.126 1.886 0.008 1.954 4.523 6.959 8.496 10.622
25.199 24.827 23.266 21.930 22.761 22.633 21.148 21.320 23.078 23.046 21.420 22.796 21.672 23.247 22.185 20.423 21.943 23.497 22.737 22.827 24.360 25.485 25.814 26.187 25.384 26.247 25.700 26.316 25.485 25.891 24.380 23.025 24.037 23.662 21.572 21.701 23.204 22.326 20.931 22.830 23.464 22.502 23.126 22.374 22.081 20.626 18.613 18.354 17.349 17.418 18.406 18.800 20.775 20.635 19.254 17.652 15.208 12.028 9.003 6.844 3.656 1.396 0.006 1.683 3.574 5.717 7.536
25.386 24.849 23.222 22.358 22.898 22.630 21.276 21.365 22.898 22.791 21.567 22.701 21.849 23.378 22.471 21.351 22.748 23.978 23.415 23.599 24.796 25.616 25.885 26.234 25.897 26.418 25.931 26.525 25.976 26.215 25.213 23.979 24.900 24.439 22.742 22.798 24.121 23.469 22.284 23.851 24.403 23.702 24.220 23.243 23.216 21.844 19.960 19.833 19.307 18.918 19.853 20.029 21.949 21.764 20.663 18.759 16.664 13.363 10.457 9.181 6.483 3.803 1.452 0.007 1.562 3.411 5.891
25.694 25.319 23.834 22.537 23.210 23.229 21.578 21.386 23.132 22.882 21.069 22.406 21.483 23.136 22.315 20.956 22.094 23.172 22.754 22.894 24.236 25.042 25.273 25.893 25.136 25.925 25.226 25.889 25.321 25.519 24.261 23.240 23.990 23.627 21.893 21.824 23.481 22.719 21.473 23.215 23.842 23.066 23.963 22.902 22.820 21.393 19.535 19.080 18.445 18.273 18.905 19.321 20.970 20.824 19.539 18.003 15.952 12.961 10.633 9.597 7.595 5.288 3.406 1.327 0.006 1.604 4.150
25.559 25.284 23.683 22.911 23.239 22.968 21.590 21.612 23.035 22.655 21.418 22.257 21.670 22.908 22.137 20.911 22.108 23.157 22.845 22.995 24.164 25.238 25.407 25.507 25.147 25.788 25.385 25.882 25.380 25.817 24.456 23.404 24.457 23.946 22.217 22.325 23.775 22.820 21.738 23.540 24.034 23.115 23.979 22.959 23.060 21.577 19.737 19.714 19.081 18.912 19.966 20.106 21.932 21.602 20.565 18.851 16.499 13.684 11.447 10.531 8.558 7.469 5.517 3.907 1.342 0.001 1.525
25.896 25.534 24.141 23.728 24.021 23.694 22.680 23.367 24.181 23.871 23.000 23.722 23.443 24.481 23.177 22.852 23.810 24.727 23.908 24.328 25.492 26.194 26.323 26.805 26.055 26.716 26.466 26.756 26.202 26.677 25.790 25.035 25.625 25.533 24.285 24.343 25.452 24.903 23.983 25.490 25.550 24.765 25.791 24.545 24.511 23.281 21.797 21.928 20.963 21.171 21.360 21.429 23.072 22.638 21.232 19.770 17.742 15.314 13.816 13.465 12.115 9.968 8.457 5.587 4.080 1.424 0.005
