0.002 1.502 3.335 4.713 6.615 9.279 11.105 13.426 16.102 16.806 19.647 20.589 21.971 22.601 23.898 22.552 22.181 21.953 20.873 19.348 20.782 21.467 20.689 21.619 21.415 19.596 19.513 20.178 19.806 21.296 21.522 23.134 23.353 24.810 25.444 24.828 23.862 21.497 20.425 17.491 17.650 15.326 16.456 16.181 18.365 19.822 20.427 21.656 21.802 20.311 18.175 15.573 15.362 13.935 15.410 15.227 18.284 19.130 21.963 23.587 25.210 26.297 27.324 27.993
0.903 0.001 1.198 2.001 2.968 4.625 6.938 8.406 11.375 12.515 15.450 16.817 18.723 20.016 21.388 20.183 19.430 19.962 18.320 16.614 18.746 19.890 19.744 20.388 20.236 19.027 18.468 19.153 18.336 20.760 21.073 23.084 23.194 24.856 25.338 24.241 23.697 20.902 20.164 16.095 17.072 13.918 15.932 15.375 18.194 18.866 19.997 21.403 20.647 19.620 17.570 14.605 14.682 12.580 14.630 14.613 17.639 18.562 21.584 23.109 25.001 25.855 26.831 27.715
2.063 0.933 0.001 0.972 1.839 2.948 4.818 7.431 9.542 11.615 14.328 15.565 17.644 19.299 20.828 19.318 18.852 19.088 17.459 16.123 17.934 18.978 18.891 19.885 19.691 18.470 18.309 19.150 18.730 20.558 21.044 22.937 23.505 24.743 25.460 24.420 23.320 21.019 19.871 16.542 16.871 13.973 15.535 15.400 17.876 19.223 19.949 21.423 21.058 19.717 17.392 14.779 14.397 12.688 14.380 14.637 17.217 18.430 21.433 22.758 24.679 25.973 26.800 27.772
2.873 1.897 0.935 0.000 1.096 2.349 4.049 6.627 9.439 10.995 13.873 15.544 17.700 19.073 20.745 19.503 18.893 19.199 17.650 16.175 18.049 18.973 19.063 19.937 19.548 18.556 18.061 18.901 18.555 20.952 21.112 23.064 23.040 24.892 25.279 24.386 23.493 20.925 19.925 16.047 17.209 13.891 15.819 15.253 17.890 19.008 19.841 21.328 20.701 19.609 17.162 14.434 14.367 12.529 14.534 14.598 17.654 18.486 21.789 22.997 25.006 26.028 27.089 27.989
4.358 3.116 2.240 0.953 0.001 1.520 3.286 5.937 8.352 10.261 12.775 14.770 17.139 18.583 20.571 19.515 18.907 19.266 17.730 16.427 18.183 19.183 19.514 20.458 20.076 19.248 18.590 19.489 19.319 21.195 21.440 23.229 23.613 25.148 25.383 24.583 23.516 21.178 19.697 16.674 17.214 14.062 16.096 15.458 17.920 19.367 20.117 21.601 21.495 19.661 17.229 14.744 14.258 12.676 14.450 14.742 17.482 18.720 21.676 23.196 24.857 26.259 27.142 27.927
8.205 6.909 4.049 2.909 1.262 0.001 1.181 4.258 6.703 8.854 10.879 12.824 15.581 17.169 19.401 18.538 18.133 18.646 17.443 15.976 18.320 19.323 19.684 20.868 20.309 19.888 18.872 20.231 19.557 22.016 21.830 23.944 24.095 25.903 26.297 25.712 24.795 22.443 21.373 17.984 18.341 15.526 17.284 15.943 18.571 19.439 19.945 21.339 21.104 19.523 17.097 14.722 14.977 13.662 15.898 16.102 19.514 20.022 23.704 25.028 26.367 27.374 28.153 28.704
10.898 9.255 6.757 4.539 3.179 1.508 0.003 1.754 3.843 6.476 8.044 10.333 12.688 14.681 16.939 16.344 16.505 17.323 16.453 15.502 17.833 18.887 19.646 20.732 19.845 19.533 18.488 19.764 19.186 21.146 21.541 23.258 24.039 25.620 25.849 25.221 24.163 21.878 20.634 17.633 17.793 14.929 16.649 15.846 18.463 19.472 19.929 21.464 21.209 19.283 16.624 14.536 14.785 13.339 15.564 16.020 19.067 20.181 23.031 24.480 25.874 26.756 27.663 28.286
15.668 13.523 10.866 7.709 5.692 3.665 1.324 0.002 1.279 3.387 5.335 7.841 10.379 12.216 15.251 14.980 15.401 16.451 15.999 15.505 18.058 19.351 20.438 21.518 20.884 20.674 19.281 20.569 19.769 22.221 22.137 24.267 24.811 26.243 26.649 26.224 25.204 22.873 21.726 18.643 19.256 16.849 18.595 17.358 19.937 20.768 20.478 21.809 21.682 19.648 17.440 15.877 16.342 15.282 17.696 17.716 20.902 21.109 24.166 25.498 26.615 27.568 28.277 28.885
17.302 15.402 12.647 9.499 7.260 5.032 3.287 1.350 0.002 1.659 3.706 6.443 8.336 10.401 13.188 13.488 14.165 15.471 15.636 15.446 18.034 19.254 20.297 21.350 20.859 20.546 19.303 20.607 20.094 22.066 22.326 24.195 25.103 26.261 26.658 26.048 25.018 22.963 21.707 19.017 19.053 16.634 18.236 17.335 19.934 20.802 20.710 21.939 21.401 19.853 17.442 15.919 16.496 15.460 17.724 17.658 20.770 21.545 23.871 25.262 26.402 27.329 28.123 28.651
20.832 18.380 15.953 13.068 10.227 7.752 5.413 3.501 1.410 0.001 1.815 4.433 6.743 8.560 11.239 12.041 13.587 15.201 15.970 16.491 19.069 20.246 21.238 22.390 21.635 21.509 20.625 21.571 21.024 22.931 23.273 24.853 25.596 26.722 27.126 26.778 25.583 23.983 23.169 20.113 20.661 18.189 20.157 18.756 21.476 22.053 21.431 22.861 22.214 20.633 18.378 17.186 18.318 17.152 19.810 19.390 22.510 22.877 25.305 26.322 27.142 27.885 28.611 28.964
22.740 20.474 17.766 14.514 12.176 9.587 7.928 5.616 4.283 1.552 0.002 2.086 4.179 6.701 8.292 9.039 10.793 12.566 14.036 15.260 17.746 19.236 20.590 21.766 21.103 20.969 20.096 20.907 20.682 22.262 22.939 24.589 25.596 26.858 27.064 26.840 25.601 24.066 23.029 20.576 20.681 18.535 20.082 18.972 21.506 22.068 21.837 23.097 22.454 21.385 19.156 17.841 18.786 18.121 20.282 19.976 22.837 23.189 25.212 26.171 26.912 27.778 28.370 28.712
26.319 25.095 23.269 20.050 18.119 15.106 12.000 9.790 6.504 4.231 1.766 0.005 1.921 4.647 6.131 7.937 10.071 12.305 14.689 16.755 19.277 21.032 22.734 23.803 23.141 23.040 22.198 22.916 22.131 23.584 23.911 25.169 25.890 27.037 27.373 27.115 26.341 25.292 24.670 23.203 23.451 22.051 23.426 22.562 24.602 25.061 24.455 25.589 25.063 24.499 22.881 22.263 23.542 22.625 24.435 23.601 25.678 25.669 26.905 27.357 27.706 28.219 28.594 28.879
26.712 25.456 23.860 21.534 19.417 16.509 13.778 11.128 8.287 6.163 4.159 1.704 0.002 1.810 4.058 6.064 7.933 9.835 12.570 14.810 17.523 19.768 21.289 22.505 21.884 21.742 20.785 22.052 21.637 23.009 23.621 25.131 26.134 27.275 27.550 27.252 26.433 25.179 24.251 22.424 22.569 20.821 22.208 21.206 23.477 23.977 23.660 25.063 24.885 24.333 22.659 21.275 22.738 21.405 23.658 22.972 25.353 25.425 26.670 27.311 27.642 28.210 28.736 29.050
27.098 26.106 25.071 22.989 21.794 19.416 17.388 14.197 10.722 8.987 6.193 4.002 1.462 0.003 1.810 3.955 6.493 8.560 11.323 14.253 17.324 19.207 20.934 21.769 21.132 21.004 20.163 21.389 21.182 22.394 23.348 24.353 25.746 26.840 27.040 26.876 25.927 25.147 24.101 22.706 22.616 21.256 22.107 21.646 23.632 24.383 23.992 25.422 25.296 24.980 23.544 22.483 23.603 22.698 24.102 23.845 25.617 25.781 26.765 27.272 27.534 27.991 28.494 28.846
26.507 25.171 23.915 21.862 21.011 18.699 17.295 14.314 11.829 9.765 7.273 5.795 3.578 1.124 0.003 1.727 4.140 6.747 8.781 11.146 14.238 16.790 18.773 19.916 19.416 19.682 18.759 20.691 20.425 21.856 22.573 24.440 25.515 26.827 27.209 26.820 26.125 24.644 23.404 21.456 21.215 19.265 20.159 19.074 21.873 22.641 22.699 24.372 24.508 24.087 22.241 20.297 21.816 20.120 22.382 21.938 24.329 24.742 25.991 26.673 27.217 27.826 28.450 28.793
26.345 25.499 24.143 22.686 22.018 20.001 19.107 16.116 14.413 11.844 10.240 8.327 5.828 3.826 1.380 0.001 1.943 5.316 6.596 8.761 11.051 13.697 16.368 18.022 17.875 18.962 18.419 20.534 20.998 22.219 23.498 25.007 26.107 27.262 27.434 27.128 26.357 25.021 23.485 21.711 21.151 18.963 19.301 18.124 20.729 21.293 21.133 23.501 23.847 23.558 21.491 19.198 20.809 19.738 21.869 21.775 24.262 24.764 26.109 26.830 27.312 27.992 28.421 28.780
26.294 25.233 24.421 22.770 22.557 20.901 19.917 17.458 15.951 13.734 13.027 10.586 7.873 6.937 4.081 1.600 0.006 1.692 4.169 6.787 8.284 10.542 13.064 15.426 15.366 17.146 17.353 19.589 20.269 21.953 23.200 24.586 25.732 26.864 27.038 26.782 26.142 24.714 23.500 21.385 20.683 18.388 18.554 17.179 19.789 20.873 20.558 23.020 23.516 23.267 21.156 18.968 20.463 19.409 21.449 21.806 23.931 24.761 25.985 26.898 27.204 28.012 28.401 28.761
25.689 24.399 22.918 21.083 20.772 19.196 18.830 16.213 15.813 13.643 13.367 11.205 9.183 7.616 6.365 3.946 1.370 0.001 2.068 4.444 6.201 8.061 10.544 13.482 14.287 16.415 16.601 19.664 20.321 22.242 23.440 24.888 25.701 26.980 27.260 26.882 25.902 24.388 22.918 20.854 20.087 17.505 17.559 16.094 18.968 20.117 19.618 22.178 22.996 22.537 20.376 17.762 19.548 18.154 20.476 20.697 23.278 24.336 25.752 26.568 27.245 27.966 28.441 28.886
24.515 23.503 22.077 20.890 21.056 19.883 19.760 17.640 17.508 15.636 15.531 13.501 11.675 9.870 8.301 6.356 4.269 1.745 0.009 1.830 4.229 6.209 7.576 10.132 11.667 14.440 15.329 19.008 20.490 22.680 24.247 25.444 26.333 27.468 27.653 27.135 26.158 24.671 22.848 20.404 18.952 16.438 15.433 13.964 16.088 17.134 17.813 20.518 21.916 21.475 19.047 16.263 17.245 16.277 18.390 19.124 21.558 23.185 25.030 26.370 27.051 28.017 28.487 28.847
23.096 22.343 20.582 19.264 19.410 17.830 18.131 16.100 16.278 14.210 15.112 13.015 11.747 10.207 9.114 6.943 5.763 3.928 1.429 0.002 1.690 4.012 6.393 9.186 11.124 13.931 14.790 18.477 19.883 22.101 23.458 24.873 25.299 26.774 26.761 26.037 25.182 23.752 22.042 19.960 18.627 16.161 15.651 13.740 15.954 16.877 17.675 19.952 20.972 20.543 18.562 15.996 17.239 16.103 18.673 19.034 21.462 22.684 24.303 25.571 26.359 27.259 27.972 28.478
24.064 23.375 21.768 20.147 20.263 18.820 18.872 16.676 17.142 15.426 16.635 14.958 13.684 12.658 12.075 9.119 7.432 6.346 4.291 1.243 0.004 1.757 4.470 7.592 9.223 12.879 13.958 18.135 19.404 21.631 23.139 24.662 25.444 26.722 26.656 26.408 25.395 23.966 22.105 20.089 18.682 16.787 15.683 13.878 15.989 17.074 17.754 20.077 21.574 21.274 19.268 16.639 17.612 16.917 19.072 19.724 21.643 23.168 24.420 25.959 26.618 27.514 28.100 28.418
23.894 22.979 21.491 20.097 20.355 19.264 19.843 18.198 18.937 17.061 18.764 17.071 16.517 15.361 14.978 12.734 9.942 8.502 6.090 4.030 1.482 0.002 1.585 4.242 7.265 10.351 13.019 16.489 18.427 21.244 22.946 24.599 25.287 26.398 26.518 26.363 25.065 23.813 21.651 19.482 17.639 15.360 13.856 12.436 14.273 15.825 16.928 19.387 20.434 20.195 18.005 15.464 15.554 15.254 17.455 18.119 20.432 22.125 23.732 25.228 25.977 26.926 27.634 28.253
22.956 21.799 20.851 19.080 19.775 18.641 19.904 18.648 19.719 18.939 20.375 19.737 19.380 18.860 18.445 16.333 13.739 11.636 8.712 6.946 3.984 1.239 0.001 1.542 4.300 7.007 10.817 13.074 15.666 18.517 20.543 21.984 22.913 24.969 25.260 24.757 23.537 21.856 19.799 18.007 16.552 14.467 13.679 11.815 13.868 15.181 16.385 18.638 19.575 19.293 17.037 14.957 15.002 14.228 16.703 17.394 19.835 20.668 22.384 23.860 24.488 25.697 26.577 27.430
22.677 21.540 20.735 18.579 19.810 18.627 20.269 19.376 20.902 20.346 21.942 21.863 21.598 21.511 21.041 19.329 17.352 15.685 12.737 9.585 7.378 4.728 1.381 0.001 1.755 4.076 6.455 8.807 11.608 14.573 16.747 19.114 20.822 23.120 23.202 22.978 21.710 20.386 18.391 16.787 15.011 13.399 13.061 11.580 13.792 15.212 16.630 18.651 19.775 19.543 17.035 14.622 14.600 13.599 15.580 17.266 19.200 20.145 21.320 22.966 23.660 24.869 25.946 26.700
22.451 20.958 19.937 18.697 19.534 19.167 20.445 19.641 21.419 20.985 22.961 22.804 23.108 23.162 23.292 21.335 19.619 18.102 15.499 13.111 10.599 7.488 3.300 1.005 0.001 1.377 3.508 4.836 7.192 9.257 11.607 15.051 16.710 19.265 19.712 19.367 17.855 16.586 15.205 13.940 13.374 12.211 12.084 11.518 13.806 15.258 16.669 18.847 20.300 19.738 17.335 14.799 14.535 12.992 14.438 14.590 16.617 17.547 18.869 20.261 21.279 22.469 23.870 25.337
22.872 21.124 20.244 18.564 19.920 19.257 20.866 20.069 21.985 21.614 23.348 23.099 23.151 23.198 23.169 21.320 19.910 18.428 15.811 13.440 11.635 8.174 5.805 2.844 0.989 0.001 1.176 2.550 4.571 6.270 8.772 11.248 14.007 17.049 17.671 17.315 16.777 15.354 14.852 13.553 12.853 12.438 12.570 12.402 14.589 16.277 17.519 19.502 21.014 20.663 18.704 15.880 15.831 13.860 14.392 14.414 15.903 17.009 18.523 19.936 21.108 22.406 23.629 25.136
22.148 20.344 19.236 17.733 18.784 18.309 20.016 19.321 21.355 21.140 23.043 22.910 23.069 23.495 23.498 21.281 20.176 18.610 15.989 13.287 11.985 9.259 7.120 4.411 2.656 0.899 0.000 1.263 2.834 4.529 6.665 9.445 11.597 15.141 15.802 15.799 15.052 14.246 13.752 12.104 12.496 11.072 11.977 11.696 14.113 15.587 16.297 18.353 19.816 19.150 17.076 14.329 14.230 12.906 13.606 13.636 15.724 16.519 17.944 19.244 19.943 21.549 22.428 24.028
22.848 20.965 20.130 18.680 19.300 19.068 20.282 19.830 21.047 21.107 22.421 22.340 22.324 22.449 22.446 20.626 19.636 18.208 16.096 13.538 12.227 9.757 8.200 6.255 4.083 2.775 1.095 0.000 1.274 2.892 5.463 7.712 10.222 13.313 14.860 15.186 14.696 13.666 13.125 12.646 13.009 11.773 13.085 12.995 15.302 16.777 17.435 19.526 20.745 20.427 18.564 16.137 15.878 14.568 15.534 15.213 15.978 17.142 18.139 19.071 20.598 21.916 23.061 24.262
22.662 20.964 20.164 18.559 19.475 19.034 20.322 19.675 21.030 21.237 22.767 22.678 22.764 23.040 22.864 20.856 20.058 18.712 16.602 14.123 13.238 11.133 10.090 7.722 5.714 4.142 2.897 0.979 0.000 1.621 3.546 5.347 7.169 9.783 11.785 12.540 12.582 12.410 13.029 12.065 13.051 11.824 13.234 12.732 15.333 16.746 17.028 19.656 20.855 20.480 18.770 15.982 16.245 14.572 15.285 14.934 16.503 17.033 18.166 18.730 20.042 20.661 22.097 23.387
23.077 21.724 20.956 19.802 20.427 19.982 21.076 20.206 21.266 21.261 22.626 22.430 22.288 22.426 21.997 20.399 19.905 18.905 17.101 15.040 14.143 12.536 12.387 11.104 8.517 7.623 5.186 4.250 1.318 0.001 1.505 3.599 5.562 7.828 10.480 11.085 11.821 12.031 13.491 13.458 13.973 13.242 14.383 14.507 16.612 18.210 18.459 20.311 21.633 21.617 20.118 17.822 17.358 16.425 16.365 16.963 17.466 18.023 17.592 18.804 20.085 21.425 22.862 23.970
24.182 23.051 22.496 21.127 21.756 21.184 22.165 21.581 22.403 22.648 23.612 23.276 23.303 23.603 23.030 21.240 21.276 20.257 18.538 17.361 17.163 16.518 16.473 15.111 12.362 10.269 7.596 5.582 3.444 0.957 0.001 1.028 2.866 4.889 7.147 8.500 9.893 11.160 13.232 13.868 14.853 15.222 16.991 17.441 19.564 21.064 21.200 23.334 23.725 23.552 21.950 20.174 20.241 18.253 18.301 17.239 17.791 17.663 17.543 17.874 19.356 19.610 21.819 23.051
23.614 22.628 22.312 21.112 21.938 20.936 22.035 21.312 22.069 22.363 23.430 23.083 22.929 23.196 22.582 20.964 21.019 20.454 19.106 18.275 18.691 19.067 19.020 17.978 15.700 13.415 10.458 8.147 5.423 3.411 1.054 0.003 1.283 3.717 6.286 7.911 9.793 11.335 13.772 14.556 15.613 16.462 18.156 18.932 20.705 21.811 21.918 23.271 23.843 23.598 22.204 20.758 20.388 19.377 19.379 18.350 18.728 18.984 17.838 17.874 18.298 19.358 21.042 22.897
23.207 21.813 21.432 19.865 20.747 19.710 21.259 20.499 21.856 21.849 23.124 22.878 23.127 23.211 22.821 21.204 21.364 20.872 19.611 18.399 19.378 19.745 19.451 19.014 16.286 14.323 11.353 9.323 6.504 4.600 2.971 0.997 0.001 1.621 4.326 6.818 8.715 10.313 12.415 13.460 15.107 15.465 17.611 18.167 20.188 21.132 21.480 22.636 22.947 22.577 20.896 19.349 19.301 17.440 18.102 16.563 17.303 16.539 16.060 15.764 16.745 17.735 20.088 22.074
23.486 22.296 22.002 20.887 21.690 21.056 22.308 21.724 22.816 23.000 24.104 24.052 24.138 24.231 24.148 22.596 23.001 22.663 21.833 21.135 22.482 22.897 22.431 21.970 20.076 17.723 15.215 13.299 10.349 8.793 5.746 4.502 1.451 0.000 1.764 4.226 7.678 9.358 12.028 13.782 16.304 17.979 20.029 20.819 22.355 22.601 22.859 23.668 24.080 24.137 22.668 21.355 21.365 19.680 19.962 17.743 17.949 17.086 16.150 14.874 15.708 16.181 18.329 20.327
24.341 23.322 23.816 22.509 23.547 23.320 24.186 23.997 24.491 24.759 25.533 25.491 25.478 25.744 25.614 24.689 25.167 24.819 24.463 24.089 25.080 25.393 24.845 24.639 23.379 22.118 20.031 18.359 16.187 14.167 11.735 7.520 4.432 1.685 0.001 1.612 4.378 8.370 10.352 13.353 15.896 18.409 21.263 22.253 23.434 24.051 24.635 25.385 25.591 25.400 24.994 23.451 23.288 21.356 20.677 18.658 17.406 16.174 13.867 12.963 13.192 14.981 16.311 18.390
22.298 20.865 20.340 18.498 19.944 19.215 20.979 20.679 22.184 22.393 23.630 23.583 23.496 23.837 23.585 22.256 22.087 21.736 20.747 19.830 21.040 21.046 20.419 20.371 19.023 17.659 16.514 15.647 14.065 13.263 11.541 8.038 6.849 3.743 1.026 0.001 1.540 3.542 5.154 7.520 9.477 11.530 14.026 15.770 17.464 19.064 19.309 21.133 21.923 21.503 19.725 18.527 17.729 16.236 15.735 13.959 13.076 12.319 11.705 10.965 12.411 14.212 16.543 18.264
20.343 18.768 18.182 16.787 17.999 17.414 19.839 19.276 21.361 21.325 23.049 23.024 23.294 23.531 23.445 21.686 21.380 20.780 19.285 17.702 19.051 18.704 18.121 18.243 16.980 15.781 14.757 14.899 13.380 13.386 11.593 9.603 8.100 6.339 3.432 0.996 0.001 1.096 2.878 4.039 5.998 7.391 8.964 11.128 12.449 14.265 14.922 17.340 18.088 17.555 15.710 13.694 12.909 11.025 10.668 9.106 9.136 9.369 9.216 9.580 11.103 13.503 14.903 16.864
19.038 16.879 16.772 14.682 16.483 15.580 17.923 17.066 19.622 19.487 21.471 21.613 21.948 22.275 22.233 20.642 20.211 19.494 17.739 15.409 16.575 15.856 15.385 15.610 14.740 13.524 12.809 13.186 11.927 12.305 10.850 9.453 7.947 6.548 4.592 2.733 0.778 0.000 0.841 1.745 2.617 3.794 4.983 6.019 7.961 9.539 10.136 12.445 14.297 13.982 11.755 10.200 10.521 8.744 8.702 7.982 8.458 8.568 9.443 10.110 11.067 13.215 14.360 16.314
19.110 17.070 16.569 14.672 16.032 15.403 17.537 16.825 19.383 19.315 21.313 21.418 21.924 22.142 22.466 20.573 19.819 18.966 17.000 15.032 15.862 15.121 14.506 14.725 13.929 13.551 12.442 12.711 12.428 13.052 11.136 10.443 8.882 7.050 5.202 3.273 1.893 0.660 0.000 0.760 1.523 2.216 3.420 4.452 5.948 7.476 8.899 10.803 12.890 12.561 10.986 9.169 9.043 7.625 7.680 7.303 8.108 8.116 9.151 9.762 10.768 12.931 14.322 16.486
18.860 16.046 16.080 13.852 15.460 14.984 17.050 16.436 18.779 18.837 20.746 21.113 21.566 21.878 21.971 20.405 19.905 18.996 17.227 14.829 15.700 14.947 14.056 14.295 13.548 12.935 11.782 12.525 11.664 12.541 11.413 10.489 9.009 7.881 6.053 4.055 2.617 1.654 0.697 0.000 0.816 1.422 2.113 3.169 4.694 6.106 7.470 9.366 11.554 11.765 9.988 8.553 8.632 7.189 7.633 6.991 8.614 8.890 8.948 10.662 11.968 12.913 14.454 16.365
19.070 16.610 16.111 14.037 15.376 14.867 17.048 16.503 18.883 18.858 20.752 21.063 21.362 21.687 22.052 20.215 19.477 18.567 16.757 14.641 15.063 14.157 13.458 13.809 12.719 11.960 12.070 12.866 12.077 13.011 12.007 11.065 9.751 9.137 7.045 5.029 3.678 2.416 1.605 0.650 0.000 0.780 1.467 2.235 3.749 4.890 6.498 8.062 10.320 10.506 8.875 7.478 7.317 6.596 6.935 6.595 7.938 8.466 9.377 10.797 11.887 13.203 14.978 16.935
18.692 15.728 15.480 13.334 15.161 14.455 16.522 15.893 18.380 18.368 20.315 20.563 21.203 21.216 21.616 20.029 19.474 18.640 16.677 13.899 14.902 13.949 13.144 13.388 12.393 11.883 11.517 12.072 11.827 12.732 12.042 11.441 9.677 9.610 7.890 5.704 4.395 3.138 2.276 1.361 0.651 0.000 0.785 1.552 2.407 3.852 5.735 7.656 9.857 10.550 8.922 7.476 7.937 6.480 7.903 7.046 8.086 8.621 9.227 10.614 11.751 13.698 15.306 17.144
19.022 16.598 15.848 13.637 15.061 14.573 16.501 16.163 18.536 18.649 20.565 20.766 21.175 21.621 21.907 20.316 19.420 18.354 16.533 14.213 14.366 13.431 12.838 12.862 12.141 11.909 11.808 13.274 12.422 13.208 12.456 12.062 10.737 10.931 9.438 7.140 5.668 4.328 3.310 2.142 1.612 0.682 0.000 0.832 1.819 3.323 5.041 6.714 8.670 9.720 8.328 6.930 6.855 6.148 6.825 7.412 8.314 9.299 9.905 11.467 12.292 13.877 15.480 17.485
19.775 16.793 15.964 13.820 15.152 14.686 16.441 16.335 18.630 18.793 20.838 20.948 21.525 21.668 21.864 20.383 19.474 18.566 16.636 14.300 14.366 13.519 12.139 12.106 12.240 12.083 11.446 12.876 12.488 13.896 13.246 13.444 12.370 13.282 11.904 9.992 7.574 6.417 4.828 3.726 2.667 1.535 0.751 0.000 0.865 2.325 4.715 6.504 8.577 9.183 8.047 6.630 7.707 6.710 6.861 7.551 8.370 9.367 10.782 11.896 13.370 15.164 16.574 18.472
19.710 17.159 16.293 14.170 15.268 15.161 17.215 17.157 19.576 19.744 21.919 22.162 22.765 22.815 23.050 21.424 20.583 19.581 17.477 14.971 15.416 14.510 13.044 13.319 13.170 12.840 12.140 13.659 13.092 14.537 14.054 14.652 14.183 15.013 14.029 12.632 10.621 8.862 7.032 5.292 4.431 2.872 2.153 0.756 0.000 1.803 4.476 6.201 8.494 9.833 8.270 6.723 6.811 6.846 7.877 8.457 9.870 10.537 12.509 13.859 15.136 16.868 18.619 20.155
20.914 18.798 18.049 16.783 17.750 17.810 20.302 20.066 22.207 22.696 24.072 24.185 24.732 24.730 24.943 23.533 22.819 21.369 19.420 16.917 17.071 15.807 14.049 13.524 13.886 13.812 14.111 15.709 16.111 17.578 18.270 19.268 19.266 19.583 18.768 16.689 15.021 13.642 11.442 9.678 6.990 6.038 4.284 3.928 1.140 0.000 1.051 2.905 5.619 7.305 7.472 7.034 7.253 8.009 8.624 10.591 11.379 12.825 13.730 15.537 16.986 18.559 20.034 21.818
21.304 19.685 18.613 17.567 18.304 18.405 20.482 20.859 22.695 22.792 24.790 24.751 25.337 25.533 25.700 24.423 23.652 22.335 19.988 17.981 17.520 15.988 14.552 14.311 15.291 15.885 16.847 18.871 19.472 21.554 22.114 22.922 23.025 23.374 23.180 22.109 20.858 19.613 17.605 16.022 13.461 10.916 7.765 5.924 3.246 0.990 0.003 1.582 3.977 6.677 7.479 7.987 8.509 9.812 12.488 14.495 17.097 17.748 19.441 20.718 21.330 22.595 23.927 25.141
20.924 19.327 18.106 16.570 17.036 16.645 18.651 18.951 21.087 21.576 23.220 23.682 24.129 24.343 24.588 22.909 22.244 21.015 19.315 17.251 17.369 16.304 15.085 15.188 15.900 16.093 16.954 18.690 19.440 20.991 21.838 23.317 23.346 24.313 23.989 22.693 22.043 20.246 18.657 16.482 14.169 11.074 9.697 7.053 6.167 4.140 1.259 0.001 1.323 3.886 6.002 7.460 9.137 11.107 13.302 15.348 17.033 19.271 20.892 22.162 22.901 23.964 25.048 26.076
21.661 19.727 18.407 16.964 17.417 16.800 19.263 19.737 22.107 22.332 24.350 24.655 25.406 25.432 25.908 24.583 23.839 22.762 20.811 18.441 18.757 17.569 16.774 17.566 18.341 19.479 20.126 21.983 22.144 23.358 23.888 24.879 25.128 25.830 25.622 24.884 24.257 23.258 22.496 20.676 18.937 16.035 14.486 11.249 9.970 6.117 3.834 1.080 0.004 1.634 3.520 7.615 9.781 12.291 15.774 17.869 20.521 21.616 23.242 24.030 24.840 25.958 26.374 27.308
20.174 17.764 16.666 14.806 15.617 15.429 18.049 18.203 20.938 21.425 23.488 23.815 24.309 24.541 24.749 23.395 22.607 21.811 19.892 17.529 18.443 17.694 17.117 18.231 18.203 18.649 18.190 20.025 19.461 21.010 21.316 22.491 22.814 23.818 23.495 23.105 22.100 20.739 19.653 17.296 16.329 13.590 13.604 10.816 11.161 8.910 7.129 3.796 1.134 0.001 1.549 4.190 6.933 8.846 12.035 13.738 16.731 18.536 20.794 22.181 23.370 24.189 25.403 26.465
19.550 17.597 16.448 14.334 15.265 15.212 17.728 17.646 20.448 20.715 22.874 23.215 23.697 23.800 23.973 22.394 21.866 20.300 18.382 15.833 16.452 15.174 14.341 14.944 15.056 14.905 14.812 16.175 16.174 18.497 18.641 20.592 20.398 21.910 21.495 19.882 18.535 16.963 14.831 13.115 11.518 9.275 9.119 7.660 8.568 6.988 6.082 4.707 3.251 1.433 0.003 1.196 3.079 4.341 7.533 9.050 12.090 13.974 15.884 17.539 19.080 20.465 22.152 23.198
18.387 15.904 14.968 13.252 14.496 14.677 16.770 16.562 18.854 18.993 20.918 21.105 21.681 22.009 22.212 20.864 20.075 19.351 17.340 15.390 15.961 14.893 13.660 13.709 13.723 13.637 13.462 14.782 14.574 16.305 16.113 17.456 17.363 18.734 18.123 15.957 14.861 12.838 11.889 9.855 9.286 7.763 7.976 6.575 7.797 6.925 6.731 5.797 4.727 2.924 0.869 0.001 0.809 1.893 2.710 3.932 5.386 7.061 9.463 11.388 13.734 16.019 18.302 20.027
18.258 15.746 15.141 13.077 14.691 14.308 16.560 16.580 19.080 19.311 21.352 21.686 22.242 22.513 22.588 21.505 20.441 19.207 17.415 15.425 16.075 15.032 14.038 13.675 13.755 13.198 13.137 14.228 14.168 15.412 15.254 16.465 15.845 17.468 16.867 14.610 13.647 11.674 10.793 8.760 8.683 7.310 7.345 6.433 7.514 6.936 6.825 6.060 5.355 4.055 1.839 0.724 0.001 0.696 1.648 2.562 4.235 5.806 7.814 10.434 12.356 14.457 16.863 18.460
17.800 15.603 14.642 12.944 14.376 14.085 16.672 16.014 18.822 18.992 20.985 21.341 21.976 22.129 22.344 20.786 20.091 19.159 17.082 15.370 16.059 14.989 14.470 13.974 13.392 12.877 12.193 13.581 13.525 15.134 14.948 15.890 15.240 16.692 15.946 13.694 12.692 10.827 9.769 8.018 8.036 6.713 7.525 6.676 7.426 7.292 7.164 6.730 5.682 4.633 2.701 1.386 0.691 0.000 0.823 1.735 2.454 4.239 6.085 8.129 10.464 12.760 15.128 16.866
17.752 15.508 14.578 12.935 14.064 14.034 16.505 16.207 18.740 18.884 20.667 20.980 21.284 21.627 21.800 20.166 19.562 18.447 16.596 14.790 15.424 14.645 14.207 14.011 12.994 12.935 12.015 13.141 12.856 13.988 13.899 14.552 14.269 15.347 14.717 12.415 11.507 9.670 9.233 7.499 7.557 6.508 6.824 6.703 8.124 7.599 7.935 8.269 7.277 6.222 4.080 2.336 1.563 0.708 0.000 0.927 1.735 3.270 5.357 7.249 8.780 11.469 13.737 15.533
17.749 15.539 14.888 12.995 14.823 14.435 17.248 16.886 19.272 19.446 21.386 21.504 22.080 22.302 22.404 20.613 20.189 19.261 17.378 15.254 16.189 15.346 14.975 16.017 14.236 14.071 12.520 13.668 12.720 14.020 14.082 14.732 14.217 15.714 14.742 12.894 11.444 9.486 8.926 7.324 8.199 6.936 7.015 7.041 8.290 7.999 8.202 8.470 8.205 7.051 5.254 3.469 2.684 1.585 0.743 0.001 0.923 2.190 3.819 5.498 7.324 8.932 11.678 13.769
17.856 16.072 15.355 13.517 14.823 14.762 17.502 17.210 19.549 19.975 21.341 21.644 21.900 22.300 22.460 20.884 20.207 19.439 17.524 15.774 16.631 16.117 15.541 15.920 14.667 14.395 13.004 14.034 13.156 14.628 14.330 14.813 14.702 15.760 14.802 12.709 11.531 10.102 8.919 7.847 7.427 7.421 7.841 8.400 9.253 9.603 9.395 10.218 10.310 8.870 6.599 4.848 4.196 2.621 2.046 0.737 0.000 1.257 2.902 4.594 6.142 8.314 10.517 12.803
18.691 17.083 17.166 16.213 17.985 17.893 20.476 20.909 22.595 22.729 24.151 24.136 24.415 24.374 24.270 23.159 22.465 21.489 19.738 18.047 18.948 18.330 17.364 17.769 16.825 16.436 15.714 16.102 14.739 15.343 15.582 15.609 15.432 17.007 15.916 13.710 12.039 10.072 9.778 8.900 8.927 9.079 9.696 10.657 11.304 12.068 12.810 13.695 14.706 13.792 12.132 10.463 8.302 6.324 4.277 2.975 1.025 0.001 1.083 2.609 4.161 5.961 8.377 10.467
19.114 17.791 17.517 16.498 18.135 18.202 20.536 20.465 22.345 22.676 24.074 24.135 24.181 24.287 24.205 22.920 22.271 21.639 20.151 18.930 19.648 19.253 18.091 18.129 17.517 16.796 15.966 16.098 15.018 15.874 15.631 15.321 15.434 16.294 15.400 12.920 11.183 9.821 9.112 9.031 9.285 9.976 10.935 12.941 13.081 14.043 14.699 16.071 16.642 15.494 14.029 12.677 10.238 7.749 5.918 4.093 2.651 0.850 0.001 1.305 2.680 4.156 5.786 8.053
19.641 18.188 18.603 17.357 19.417 19.718 21.871 21.807 23.571 23.847 25.082 25.138 25.432 25.555 25.454 24.393 23.955 23.536 22.138 20.740 21.908 21.260 19.956 19.776 19.437 18.098 17.661 18.212 17.198 17.856 16.023 15.713 15.250 16.497 15.144 12.488 11.797 10.551 9.993 10.389 11.185 11.512 13.170 14.656 14.439 16.385 17.577 18.814 19.614 18.690 16.668 15.738 13.076 10.426 7.904 6.251 4.285 2.867 1.029 0.001 1.174 2.674 4.666 6.301
20.709 19.479 19.601 19.111 20.413 20.475 22.586 22.614 24.049 24.282 25.584 25.640 25.646 25.877 25.683 24.807 24.259 23.818 22.816 22.191 22.862 22.777 21.955 21.456 20.481 19.301 18.303 18.107 17.398 17.334 15.928 15.349 15.189 15.821 15.117 12.397 11.629 10.424 10.465 11.175 12.105 14.352 15.491 17.482 18.523 20.398 21.437 22.356 22.379 21.569 20.134 17.885 15.852 13.947 11.680 8.710 6.747 4.569 3.010 1.038 0.000 1.199 3.046 5.208
21.372 20.242 20.994 20.057 22.109 22.261 24.145 24.125 25.233 25.380 26.366 26.286 26.436 26.230 26.104 25.219 24.775 24.591 23.697 23.140 23.995 23.740 22.573 22.081 21.445 19.711 19.824 18.942 18.746 18.833 17.740 17.826 17.203 17.739 16.552 13.292 12.907 11.518 11.494 12.149 13.322 15.232 16.954 18.385 19.499 21.252 22.474 22.971 23.991 22.511 21.319 19.531 17.469 15.552 13.180 11.125 8.453 6.567 4.685 3.099 1.140 0.003 1.534 3.547
22.793 21.747 22.311 21.946 23.559 23.611 25.235 25.140 26.035 26.234 27.134 27.180 27.015 27.154 26.785 26.047 26.016 25.640 25.312 24.736 25.534 25.442 24.874 24.351 23.545 22.083 21.611 20.631 19.927 19.488 18.454 18.136 17.407 17.356 16.421 13.365 12.416 12.077 12.656 14.767 16.287 18.169 19.882 21.403 22.463 24.123 24.489 25.453 25.538 24.803 23.971 21.956 20.707 18.367 16.347 14.198 11.854 8.585 7.211 4.520 3.445 1.139 0.005 1.496
25.573 24.598 25.292 24.548 25.513 25.403 26.246 26.378 26.830 27.130 27.676 27.589 27.486 27.427 27.191 26.601 26.432 26.416 25.969 25.795 26.382 26.387 25.981 25.660 24.918 23.243 22.839 21.040 20.680 19.754 18.985 18.721 18.335 18.198 16.813 14.246 13.431 13.867 13.722 16.566 17.586 20.198 22.081 23.900 24.557 25.766 26.347 26.620 26.837 26.191 25.464 24.681 23.458 21.801 20.210 18.248 16.362 13.139 11.236 8.695 5.765 4.153 1.373 0.005
