0.001 2.123 4.216 5.908 7.695 9.533 11.315 13.516 14.952 16.191 17.716 19.440 18.534 20.299 18.826 21.125 22.353 20.948 21.595 23.160 23.706 23.363 24.185 25.505 25.354 26.737 26.785 27.203 26.450 26.409 25.750 25.699 25.210 24.347 24.564 24.110 22.849 22.759 22.876 22.459 21.494 22.108 22.699 22.060 22.329 23.596 24.419 25.610 26.017 26.087 26.350 25.134 24.372 24.833 24.391 22.702 22.206 22.412 22.991 22.394 22.336 22.769 23.235 23.108 23.610 24.713 25.459 26.220 26.910 27.333 26.878 26.717 27.365 27.175 26.915 27.605 26.885 27.703 27.160 26.872 27.596 27.227 27.592
1.506 0.000 1.908 4.789 6.491 7.571 8.964 10.835 12.715 13.179 14.298 15.561 15.106 17.373 16.200 18.544 19.416 17.609 19.121 20.428 21.115 20.911 21.734 23.029 23.081 24.539 24.915 25.505 24.254 23.995 23.375 23.282 22.690 21.207 22.105 21.823 19.983 20.064 21.224 20.555 19.202 20.601 21.807 21.362 21.621 23.289 24.030 25.145 25.619 25.731 25.820 24.375 23.636 24.146 23.471 21.524 20.503 20.784 21.518 20.799 19.882 20.905 22.160 21.613 21.844 23.511 24.782 25.421 26.016 26.262 25.845 25.761 26.280 26.097 25.881 26.627 25.933 26.672 26.239 25.862 26.731 26.082 27.007
4.242 1.470 0.001 1.943 4.697 6.103 7.015 8.633 10.319 11.663 13.184 14.647 14.664 17.720 16.610 19.031 19.738 18.230 19.509 21.116 21.661 21.161 22.229 23.656 23.173 24.844 25.066 25.638 24.399 24.396 23.461 23.502 22.934 21.693 22.522 21.893 20.546 20.555 21.375 20.581 19.597 20.575 21.474 21.436 21.937 23.396 23.786 24.898 25.571 25.502 25.734 24.412 23.344 24.041 23.483 21.703 20.868 21.024 22.053 21.023 20.598 21.373 22.282 21.675 22.338 23.786 24.631 25.274 26.105 26.462 25.895 25.760 26.421 26.352 26.066 26.810 26.036 26.870 26.371 25.829 26.660 26.312 27.122
5.744 4.555 1.325 0.001 1.956 5.346 6.550 7.422 9.094 11.518 13.503 15.757 15.068 18.837 17.689 20.557 21.185 19.315 20.759 22.708 23.143 22.644 23.623 25.229 24.902 26.537 26.739 27.223 25.975 26.023 25.379 25.394 25.005 23.990 24.636 24.014 22.472 22.388 23.155 21.852 20.594 21.761 22.184 21.757 21.917 23.569 24.238 25.252 26.184 26.085 26.393 24.837 23.871 24.828 24.117 21.623 21.094 22.135 23.114 21.575 21.448 22.765 23.309 22.901 23.731 25.072 25.482 26.055 26.937 27.236 26.858 26.723 27.592 27.403 27.205 27.885 27.108 27.695 27.435 26.716 27.700 27.087 27.804
7.490 6.178 4.203 1.393 0.000 1.870 4.702 6.513 6.863 8.314 10.832 12.891 11.848 15.433 15.271 18.035 17.831 16.732 18.552 19.716 19.957 20.193 21.447 22.837 22.950 24.581 24.886 25.449 24.293 23.827 23.211 23.206 22.240 20.988 21.697 21.091 18.813 18.998 20.420 19.482 18.090 19.772 21.038 20.978 21.248 23.161 23.706 25.246 25.739 25.356 25.661 24.584 23.214 23.971 23.639 21.296 19.687 20.578 22.041 20.767 19.563 21.281 22.815 21.723 22.247 24.275 25.241 25.587 26.226 26.616 25.963 26.184 26.732 26.397 26.232 27.085 26.256 26.879 26.572 26.188 26.883 26.408 27.271
9.201 7.167 5.948 4.029 1.209 0.000 1.573 4.024 5.240 5.923 7.654 9.837 9.596 12.974 12.265 15.549 15.463 14.470 16.187 17.511 17.773 17.557 18.845 20.146 19.911 22.005 22.373 23.100 21.777 21.323 20.226 20.693 19.802 18.536 19.515 19.134 16.969 16.992 18.360 17.930 16.715 17.902 19.402 19.481 20.167 21.512 22.164 23.611 24.473 23.747 24.431 22.999 21.261 22.119 21.840 19.801 17.766 18.158 19.472 18.676 16.768 18.008 19.628 19.125 18.989 21.127 22.586 22.838 23.948 24.553 23.536 23.475 24.434 24.204 23.804 25.092 24.305 25.274 25.115 24.302 25.797 25.154 26.405
12.841 9.859 7.712 6.669 4.190 0.933 0.000 1.737 4.352 6.118 7.498 9.964 10.279 12.810 13.100 15.833 16.016 15.501 16.764 18.304 18.344 18.627 19.686 21.188 20.888 22.939 23.338 24.056 22.977 22.501 21.802 21.769 21.009 19.519 20.182 19.823 17.880 17.891 18.908 18.593 16.904 18.331 19.807 19.803 20.179 21.722 22.375 24.314 24.482 24.174 24.475 23.553 21.696 22.480 22.236 20.235 18.413 18.736 20.252 19.367 17.991 19.128 20.971 19.949 20.457 22.169 23.737 24.017 24.845 25.269 24.681 24.591 25.536 25.270 24.870 25.818 25.088 25.886 25.503 25.058 25.902 25.678 26.571
14.078 12.318 9.023 7.636 6.178 3.657 0.935 0.000 1.648 3.473 6.051 8.820 8.089 12.121 12.236 15.300 15.063 14.810 16.688 17.493 17.980 18.350 19.755 21.075 21.150 23.300 23.855 24.618 23.225 22.986 22.330 22.123 21.032 20.016 20.755 20.097 18.098 18.220 19.164 18.712 17.472 18.721 19.899 19.806 20.221 22.045 22.742 24.583 24.896 24.598 24.991 23.837 22.165 22.828 22.791 20.715 19.280 19.684 21.146 20.360 18.725 20.675 21.993 21.028 21.608 23.409 24.251 24.699 25.721 26.144 25.275 25.223 26.070 25.667 25.389 26.353 25.559 26.356 25.966 25.439 26.345 25.719 26.923
15.693 13.642 11.909 8.765 6.782 5.362 2.972 0.948 0.001 1.487 4.114 5.889 5.724 9.904 10.281 13.802 13.325 13.668 16.126 17.295 18.098 18.498 19.382 20.689 20.972 23.065 23.766 24.364 23.198 22.708 21.931 21.873 20.959 19.854 20.424 19.789 18.150 18.110 19.009 18.619 17.515 18.217 19.340 19.447 20.011 21.457 22.198 23.758 24.430 23.977 24.560 23.282 21.740 22.462 22.528 20.353 19.104 19.153 20.723 19.815 18.501 20.135 21.488 20.791 21.018 22.880 24.124 24.289 25.253 25.775 24.973 24.761 25.744 25.305 25.278 25.977 25.218 25.902 25.591 24.995 25.977 25.096 26.293
18.532 16.488 14.377 12.580 9.425 7.412 5.929 3.751 1.079 0.000 1.248 3.081 4.271 6.976 8.318 10.581 10.706 12.157 14.161 15.931 17.326 17.762 18.954 20.421 20.732 22.711 23.373 24.227 23.166 22.664 22.061 22.030 21.231 20.652 20.854 20.348 18.637 19.019 19.320 18.749 18.112 18.503 19.849 19.886 20.400 21.924 22.453 24.128 24.806 24.320 25.000 23.892 22.245 22.882 22.864 21.400 19.918 19.924 21.253 20.683 19.511 20.539 21.820 21.260 21.483 23.027 24.142 24.563 25.325 25.727 25.038 25.083 25.898 25.670 25.418 26.381 25.578 26.281 25.882 25.125 26.251 25.430 26.452
20.111 17.778 15.736 13.682 11.317 8.891 7.122 5.106 2.667 0.823 0.001 1.391 2.730 4.795 6.636 8.270 8.783 10.333 12.548 13.870 15.125 16.186 17.052 18.300 18.740 21.337 22.267 23.324 21.966 21.861 21.458 21.397 20.735 19.505 20.638 19.953 18.184 18.205 19.338 19.045 17.928 18.759 20.121 20.169 20.512 22.232 22.564 24.115 24.654 24.415 24.876 23.801 21.972 22.978 22.756 20.972 19.458 19.782 20.894 20.272 18.920 20.120 21.453 20.484 20.851 22.735 23.925 24.041 25.204 25.564 24.694 24.693 25.669 25.121 24.922 25.982 25.240 25.905 25.511 25.047 25.878 25.347 26.226
20.304 18.573 16.265 14.027 12.151 9.381 7.097 5.531 3.814 2.377 0.945 0.000 1.207 2.721 4.908 6.133 6.507 7.620 10.022 11.073 12.314 13.626 14.754 16.483 16.745 19.377 20.382 21.924 20.415 20.665 20.512 20.592 19.769 18.579 19.608 19.201 17.187 17.273 18.578 18.180 16.860 18.104 19.355 19.500 20.114 22.059 22.464 23.939 24.718 24.535 24.894 23.654 21.747 22.661 22.609 20.508 18.856 19.010 20.217 19.698 18.066 19.416 20.818 19.729 19.997 22.045 23.349 23.466 24.534 24.740 23.858 23.988 24.887 24.442 24.268 25.369 24.660 25.480 25.128 24.683 25.689 25.087 26.137
20.534 18.433 16.471 14.953 12.877 9.714 8.834 8.035 6.275 4.140 2.588 0.833 0.000 1.444 3.013 4.197 5.323 6.378 8.132 9.716 11.627 13.204 14.861 16.521 17.532 19.512 20.779 22.189 21.187 20.945 20.738 20.971 19.943 19.216 19.977 19.334 17.602 18.039 18.563 18.332 17.566 18.794 19.825 19.962 20.693 22.531 22.837 24.386 24.974 24.460 25.087 23.896 22.035 22.749 22.755 20.838 19.025 19.076 20.060 19.175 17.942 19.154 20.409 19.619 19.849 21.692 23.068 23.308 24.303 24.742 23.878 23.816 25.020 24.580 24.196 25.393 24.590 25.542 25.365 24.747 26.001 25.416 26.480
20.802 18.676 17.035 14.801 13.185 10.584 9.635 9.416 7.505 4.813 4.981 2.879 1.111 0.000 1.486 2.923 4.330 4.969 5.753 8.272 10.211 10.941 11.980 14.063 14.913 17.475 18.568 20.118 19.200 19.528 19.558 19.972 18.856 17.224 18.745 18.487 16.205 16.125 17.737 17.474 15.611 17.369 18.907 18.930 19.478 21.646 21.744 23.167 24.131 23.828 24.157 22.706 20.755 21.378 20.912 19.067 17.065 17.178 18.208 17.666 15.698 17.145 18.641 17.925 17.700 20.055 21.517 22.010 23.092 23.607 22.603 22.666 23.894 23.339 23.020 24.366 23.702 24.721 24.374 23.943 25.084 24.836 25.948
20.538 18.651 16.852 15.485 14.318 11.237 10.317 11.084 9.735 7.110 6.185 4.283 2.949 0.856 0.000 0.918 2.460 3.620 3.692 5.969 8.549 8.904 10.329 12.627 13.951 17.043 18.306 19.922 19.123 19.436 19.389 20.090 19.128 16.872 18.858 18.554 16.294 15.813 17.895 17.650 15.759 17.373 18.886 18.973 19.837 21.833 21.737 23.247 24.000 23.481 23.927 22.636 20.575 21.293 21.189 18.968 16.846 17.016 18.200 17.489 15.488 16.907 18.492 17.752 17.662 19.934 21.756 21.985 23.133 23.405 22.520 22.577 23.723 23.421 22.999 24.547 23.759 24.977 24.691 23.872 25.483 24.894 25.992
21.421 19.373 17.644 15.819 14.339 11.530 10.603 10.933 9.714 7.730 7.139 5.566 4.042 2.275 0.726 0.000 0.846 2.288 3.811 4.898 6.540 8.511 9.412 10.791 12.432 14.942 16.302 17.878 17.432 18.038 18.301 19.169 18.172 16.396 18.364 17.968 15.776 15.753 17.725 17.245 15.352 17.390 18.897 18.879 19.671 21.712 21.853 23.259 23.876 23.628 23.708 22.474 20.583 20.861 20.968 18.971 16.901 16.753 17.938 17.250 15.531 16.631 18.303 17.635 17.464 19.737 21.545 21.742 22.849 23.108 22.197 22.234 23.176 22.825 22.544 23.892 23.453 24.379 24.061 23.805 24.927 24.740 25.870
21.821 19.849 17.829 16.833 15.389 12.944 12.208 13.265 12.179 9.817 9.066 6.654 5.220 3.276 1.687 0.646 0.000 1.039 2.104 3.934 4.999 6.768 8.148 9.935 11.513 14.279 15.277 17.550 17.096 17.394 17.674 18.621 17.633 15.940 17.770 17.925 15.816 15.549 17.383 17.225 15.688 17.261 18.917 19.343 19.895 22.030 22.191 24.046 24.481 24.205 24.347 23.047 21.208 21.505 21.289 19.356 17.105 16.989 18.285 17.806 15.472 16.674 18.586 17.750 17.032 19.686 21.579 21.704 22.727 23.252 22.047 22.026 23.182 22.774 22.286 23.778 23.089 24.331 24.194 23.610 25.009 24.965 26.055
21.937 20.286 18.259 16.983 15.813 13.029 12.631 13.601 12.899 10.200 10.163 8.316 5.859 4.111 3.209 2.386 0.722 0.000 1.646 3.913 4.846 5.697 7.382 9.752 11.409 14.580 16.186 18.319 17.705 18.093 18.294 19.268 18.249 16.615 18.389 18.094 16.038 16.154 17.991 17.416 16.300 17.798 19.211 19.303 20.648 22.300 22.352 23.952 24.658 24.189 24.587 23.422 21.121 21.519 21.640 20.119 17.968 17.584 18.624 18.769 16.217 17.210 18.922 18.808 18.052 20.116 21.994 22.152 23.139 23.440 22.657 22.434 23.518 23.004 22.705 24.098 23.401 24.620 24.373 23.725 25.171 24.741 25.920
23.654 21.905 19.536 19.120 18.181 15.208 14.865 16.162 14.176 11.666 10.889 9.861 7.421 5.820 5.091 4.323 3.614 0.820 0.000 1.617 3.897 5.692 6.690 8.233 10.710 13.315 15.424 17.096 17.266 17.999 18.433 19.338 18.598 17.378 19.244 18.814 17.040 17.503 18.774 18.452 17.502 19.428 20.526 20.652 21.505 23.561 23.695 25.089 25.475 25.030 25.235 24.235 22.684 22.920 22.947 20.921 18.995 18.537 19.937 19.382 17.275 18.176 20.026 18.877 18.276 20.863 22.574 22.284 23.608 23.806 22.637 22.681 23.702 23.147 22.744 24.365 23.789 25.053 24.972 24.468 25.688 25.442 26.392
23.286 21.811 19.619 19.293 18.609 16.198 16.232 17.950 17.248 15.196 14.562 13.028 10.433 8.188 6.127 4.519 5.512 3.199 0.961 0.001 1.616 3.859 5.723 6.291 8.881 12.023 14.008 16.375 16.436 17.395 18.772 20.024 19.236 18.280 20.489 20.295 18.166 19.211 20.962 20.034 18.934 21.151 22.022 21.646 22.722 24.514 24.691 25.783 26.379 26.166 26.292 25.348 23.897 23.988 23.701 22.050 20.141 20.230 21.176 20.428 18.455 19.604 20.937 19.891 19.172 21.562 22.903 22.609 23.547 23.906 22.983 23.034 23.992 23.474 23.545 24.964 24.702 25.677 25.670 25.507 26.581 26.522 27.405
23.846 22.437 20.557 20.397 20.005 18.059 18.089 20.177 19.722 18.078 17.667 16.080 13.627 10.940 10.043 6.581 6.473 5.933 3.898 1.027 0.000 1.768 4.478 6.473 7.872 10.316 12.587 14.867 15.156 16.054 17.213 18.832 18.638 17.488 19.895 19.893 17.890 18.446 20.452 19.754 18.873 20.720 21.976 21.859 22.743 24.533 24.686 25.818 26.212 25.979 25.935 25.064 23.157 23.218 23.182 21.568 19.465 19.081 20.010 19.328 17.532 18.308 19.748 18.636 18.066 20.342 21.827 21.632 22.658 23.091 21.965 22.299 23.164 22.621 22.529 23.931 23.673 24.653 24.650 24.581 25.663 25.766 26.731
24.027 23.234 21.257 21.734 21.752 19.551 19.826 21.912 21.023 19.184 19.045 17.242 14.996 12.061 11.377 9.651 7.417 6.750 5.989 4.123 1.039 0.000 1.581 4.293 6.383 8.490 10.338 13.605 14.014 15.468 17.075 18.830 18.936 18.148 20.598 20.510 19.036 19.837 21.533 20.933 20.379 22.058 22.809 22.719 23.524 25.212 25.130 26.147 26.627 26.168 26.388 25.525 23.979 24.214 24.171 22.611 20.752 20.402 21.257 20.225 18.387 19.383 20.547 19.146 18.422 20.850 22.219 21.683 22.804 23.115 21.901 22.275 23.133 22.428 22.540 24.141 23.837 25.083 25.217 24.955 26.351 26.077 27.085
24.300 23.327 21.360 21.852 21.520 19.706 20.047 22.269 21.703 19.978 20.251 18.617 15.901 13.640 12.106 10.714 9.636 7.225 6.362 5.797 3.821 1.201 0.000 1.775 4.604 6.187 8.087 10.834 11.770 13.933 16.231 18.064 18.001 17.510 19.943 20.114 18.362 19.500 21.368 20.955 20.082 21.991 22.816 22.665 23.421 25.519 25.416 26.361 27.074 26.618 26.735 25.888 24.174 24.231 24.114 22.474 20.509 20.352 21.165 19.991 18.206 18.974 20.412 19.353 18.486 20.806 22.200 22.012 22.905 23.347 21.908 22.132 23.437 22.358 22.685 24.355 24.115 25.453 25.571 25.508 26.753 26.549 27.545
24.405 23.422 21.577 21.695 21.551 19.698 20.636 22.574 22.068 20.609 21.018 20.220 17.136 15.891 13.500 12.388 11.178 9.270 7.440 6.676 5.532 3.927 1.232 0.000 1.788 3.880 6.313 7.363 8.681 10.513 12.789 14.581 15.184 15.397 17.684 17.926 17.079 17.706 19.685 19.620 19.050 20.655 22.107 22.404 23.081 24.709 24.738 25.885 26.184 25.683 25.674 24.799 23.067 23.042 22.810 21.453 19.315 18.809 19.841 19.052 17.125 17.447 19.014 18.135 17.318 19.381 20.921 21.029 21.881 22.599 21.160 20.906 22.085 21.320 21.101 22.678 22.470 23.566 23.676 23.842 25.213 25.211 26.219
24.992 24.527 22.735 23.074 22.858 21.263 22.052 23.862 23.178 21.607 22.403 21.436 18.446 17.166 15.267 13.593 12.454 10.860 9.967 7.388 6.380 5.792 3.660 1.452 0.001 1.874 4.488 6.153 7.958 9.880 12.475 14.337 15.197 15.772 18.209 18.237 17.505 18.749 20.243 20.025 19.470 21.437 22.549 22.406 23.261 25.025 24.879 25.984 26.540 25.914 26.299 25.490 23.797 23.905 24.031 22.530 20.583 20.068 20.799 20.052 18.382 18.709 20.072 19.009 18.327 20.568 21.809 21.675 22.687 22.846 21.273 21.730 22.480 21.526 21.514 23.212 23.006 24.255 24.484 24.664 25.945 25.620 26.787
25.359 24.797 23.145 23.365 23.142 21.806 22.624 24.245 23.480 22.265 22.909 22.072 19.433 18.784 16.961 16.162 14.527 12.365 11.810 10.130 7.958 7.356 6.214 4.163 1.452 0.000 1.993 4.007 7.029 8.046 10.153 12.238 13.759 14.028 16.426 17.008 16.802 17.585 19.377 19.692 19.697 21.401 22.606 23.125 23.640 25.043 24.962 26.038 26.499 25.885 25.927 25.226 23.694 23.529 23.743 22.538 20.720 20.009 20.563 20.309 18.240 18.326 19.856 19.208 18.099 20.069 21.711 21.962 22.481 22.956 21.267 20.912 22.059 20.757 20.738 22.193 21.580 22.939 23.170 23.600 24.993 25.069 26.276
26.995 26.692 25.488 25.850 25.821 24.538 25.369 26.592 25.880 25.227 25.747 25.152 23.231 22.353 21.265 20.475 18.863 17.256 16.439 13.855 11.780 10.882 8.836 6.213 4.429 1.511 0.000 1.857 4.855 6.878 8.560 10.952 12.869 14.826 16.898 17.119 17.869 19.268 20.394 20.907 21.764 22.870 23.958 24.756 25.224 26.271 26.068 27.021 27.330 26.559 26.901 26.359 24.614 24.763 25.304 24.416 22.785 21.774 22.733 22.499 20.931 20.632 21.835 21.292 19.690 21.441 23.284 23.063 23.640 23.672 22.161 22.340 22.759 21.418 21.525 22.878 22.282 23.381 23.647 23.641 25.047 24.937 26.173
26.412 25.852 24.453 24.587 24.219 22.934 24.176 25.331 24.639 24.013 24.995 24.709 22.444 22.485 20.950 21.043 19.335 17.251 17.279 14.646 13.058 12.150 9.641 7.851 6.491 3.873 1.359 0.000 1.804 4.439 6.568 7.540 8.622 10.311 12.139 12.236 12.731 14.287 15.945 16.470 17.725 19.250 20.816 21.713 22.641 23.758 24.039 25.321 25.550 24.789 25.145 24.454 22.155 22.353 23.206 21.836 20.046 19.045 20.213 20.151 17.980 18.139 19.838 19.170 18.014 19.991 22.049 21.986 22.637 23.129 21.692 21.291 22.322 21.204 21.006 22.424 21.396 23.013 22.747 22.391 23.934 23.341 24.891
27.180 26.840 25.750 25.947 25.617 24.527 25.362 26.164 25.335 24.503 25.718 25.484 23.757 23.890 22.855 23.088 21.739 20.128 20.168 18.637 16.818 15.535 14.099 11.152 8.775 6.639 4.107 1.512 0.000 2.037 4.214 5.890 7.163 8.814 10.815 11.539 12.669 13.890 15.492 16.866 18.619 19.913 21.565 22.836 23.707 24.915 24.778 26.046 26.350 25.461 26.040 25.628 23.608 23.659 24.615 23.617 21.755 20.757 22.105 22.034 19.768 19.382 21.601 20.895 19.185 21.304 23.125 22.766 23.126 23.305 21.996 21.536 22.314 21.337 20.748 22.337 21.488 22.816 22.878 22.816 24.328 23.957 25.288
26.877 26.281 25.081 25.200 24.813 23.866 24.945 25.878 24.955 24.729 25.952 25.837 24.268 24.785 23.636 24.208 23.053 21.189 21.041 19.720 18.030 16.629 14.967 12.762 10.103 8.247 6.740 4.016 1.681 0.000 2.068 4.852 6.686 6.741 8.210 10.304 11.604 11.731 12.717 14.587 16.131 16.837 19.321 20.810 21.544 22.568 22.344 23.875 23.679 22.626 23.211 22.554 20.479 20.391 21.504 20.587 18.856 17.335 18.597 19.068 17.100 16.491 19.166 19.634 17.698 19.781 22.098 22.746 23.065 23.756 22.357 21.718 22.617 21.589 20.676 21.664 20.563 21.673 21.146 20.734 22.066 21.973 23.425
26.071 25.345 24.407 24.513 23.887 23.005 24.192 24.964 24.173 23.968 25.321 25.244 23.156 23.845 22.610 23.464 21.918 19.979 20.066 19.366 18.004 16.200 14.629 13.042 10.353 8.380 7.000 5.611 3.992 1.357 0.001 1.501 3.492 5.026 6.041 6.569 8.095 9.262 10.102 11.441 12.985 14.863 16.744 17.932 18.500 19.813 19.569 21.675 21.790 20.791 21.598 20.485 18.683 18.616 19.778 18.347 16.621 15.409 16.853 17.019 15.034 14.934 17.467 17.369 16.391 17.997 20.370 20.581 21.236 21.892 20.847 20.144 20.932 20.288 19.399 20.341 19.814 20.643 20.626 20.021 21.506 21.289 23.038
26.566 25.976 24.751 25.021 24.487 23.008 24.460 25.489 24.597 24.182 25.606 25.635 23.243 23.978 22.579 23.599 22.325 20.194 20.500 20.099 19.173 17.533 16.428 14.763 13.115 11.320 8.599 7.537 6.438 3.514 0.984 0.000 1.541 4.142 5.307 6.128 7.984 10.060 11.690 12.456 13.641 15.524 18.172 19.056 19.455 21.125 20.728 23.069 23.099 21.858 22.863 22.221 20.152 20.302 21.332 20.260 18.201 17.263 18.843 18.900 16.282 16.500 18.773 18.372 16.998 19.001 21.174 21.497 21.979 22.711 21.430 20.459 21.602 20.501 19.577 21.114 20.072 21.629 21.383 20.826 22.661 22.446 23.989
25.711 24.881 23.595 23.726 22.928 21.338 23.342 24.296 23.497 23.454 24.929 24.956 22.698 23.764 21.965 23.511 22.643 20.272 21.109 21.283 20.413 18.675 18.606 17.828 14.673 14.936 13.346 10.885 8.403 6.229 3.899 1.163 0.000 1.915 4.836 6.217 5.431 6.156 9.946 11.285 10.305 12.425 15.243 16.646 16.825 18.323 18.805 20.723 20.832 20.359 20.577 19.238 17.470 17.559 17.443 15.965 14.069 13.526 14.690 14.524 12.646 13.355 16.074 16.067 15.448 17.846 20.144 21.018 21.726 22.344 21.353 20.423 21.591 20.983 19.806 21.047 19.972 21.267 20.988 20.475 22.024 22.017 23.550
25.522 24.603 23.113 23.363 22.418 21.105 22.724 23.826 23.420 23.253 24.522 24.664 22.572 22.933 21.099 22.423 21.396 19.149 19.516 19.842 18.904 17.115 17.157 16.433 14.235 13.829 12.804 11.630 8.622 6.892 5.423 4.409 0.905 0.000 1.288 3.154 4.473 4.538 5.599 7.387 8.304 9.555 12.934 13.698 14.238 16.318 16.119 18.372 18.580 18.295 19.227 17.925 16.128 16.626 17.050 15.432 13.360 12.708 14.107 14.185 11.959 12.640 15.299 14.998 14.580 16.804 19.134 19.630 20.666 21.308 20.073 19.853 20.945 20.148 19.337 20.540 19.585 20.689 20.461 19.845 21.436 21.385 23.098
25.142 24.263 22.600 22.746 21.711 20.241 21.907 22.911 22.172 22.471 23.492 23.452 21.537 21.829 20.496 21.783 20.881 18.385 19.259 19.457 18.856 17.025 16.779 16.474 14.374 13.950 12.762 12.248 10.012 7.819 6.748 6.235 3.517 1.087 0.000 1.322 2.832 4.716 4.407 5.404 7.750 9.242 9.855 12.190 13.263 14.862 15.691 17.443 18.421 18.427 19.416 17.901 16.031 16.761 17.351 15.533 13.723 13.065 14.204 13.995 11.878 12.874 15.115 14.915 14.444 17.108 19.199 19.754 20.968 21.591 20.436 20.338 21.660 20.939 19.918 21.413 20.159 21.478 21.187 20.165 22.028 21.578 23.212
24.701 23.662 22.187 22.218 21.047 19.738 21.436 22.440 21.757 21.925 23.472 23.603 21.122 21.905 20.299 21.633 20.788 18.488 19.246 19.564 19.038 17.581 17.671 17.953 16.183 16.574 15.347 15.201 12.938 10.441 7.967 6.587 4.446 2.923 0.674 0.000 0.987 3.068 4.141 3.811 5.152 8.043 9.850 10.330 11.633 14.328 15.067 17.166 17.745 18.394 18.765 17.171 15.689 16.620 16.346 14.859 12.888 12.435 13.912 13.389 11.484 12.629 15.106 14.676 14.453 17.201 19.069 19.562 20.715 21.380 20.219 19.847 21.385 20.892 19.965 21.213 20.168 21.503 20.929 20.231 21.875 21.638 23.511
24.696 23.470 21.906 21.849 20.836 19.758 21.702 22.648 21.891 21.916 23.720 23.781 21.306 22.171 20.385 21.983 21.194 18.585 19.541 20.001 19.129 17.835 18.111 18.326 16.514 17.251 15.934 15.491 12.943 10.956 9.454 6.999 5.077 4.694 2.732 0.665 0.000 1.332 2.957 3.859 3.809 5.478 8.212 8.906 10.491 13.275 13.830 16.017 16.624 17.234 17.584 16.290 14.742 15.361 15.375 13.306 11.629 11.118 12.731 12.717 10.514 11.488 14.444 14.285 13.867 16.505 18.853 19.667 20.792 21.390 20.216 19.768 21.240 20.737 19.894 21.097 20.126 21.244 20.660 19.989 21.322 21.276 23.008
24.942 23.735 22.233 22.153 21.225 19.719 21.583 22.572 22.035 22.250 23.620 23.758 21.810 22.124 20.598 22.107 21.211 18.698 19.629 20.039 19.484 17.643 18.150 18.410 16.210 17.074 15.998 15.517 13.368 11.364 9.770 8.536 5.711 4.756 4.054 2.758 0.618 0.000 1.192 2.266 3.569 3.886 5.424 7.107 8.818 11.058 11.990 14.719 15.528 15.795 16.756 15.648 13.657 14.796 15.140 13.211 11.153 10.702 12.093 12.248 10.599 11.069 13.877 13.709 13.309 15.969 18.683 19.258 20.411 21.117 19.753 19.573 21.131 20.527 19.469 20.847 19.766 20.730 20.472 19.699 21.026 20.855 22.267
24.701 23.512 22.081 21.849 20.537 19.487 21.214 22.195 21.442 21.575 23.197 23.401 20.952 21.694 20.068 21.540 20.776 18.264 19.077 19.634 19.245 17.432 18.007 18.405 16.624 17.381 16.462 16.175 13.968 12.338 10.968 9.788 7.557 5.717 4.707 3.765 2.862 0.614 0.000 1.068 2.265 3.744 4.432 6.108 8.383 11.107 12.460 14.734 15.819 16.044 17.031 15.617 13.921 14.650 14.739 12.831 11.310 10.843 12.118 11.917 10.296 11.163 13.928 13.876 13.687 16.193 18.547 19.344 20.620 21.533 20.292 20.127 21.715 21.167 19.936 21.349 20.294 21.413 20.847 20.163 21.620 21.277 22.828
24.582 23.443 22.046 21.765 20.632 19.633 21.391 22.316 21.486 21.811 23.589 23.728 21.132 22.129 20.164 21.912 20.924 18.517 19.500 19.872 19.366 17.559 18.086 18.642 16.669 17.608 16.447 16.139 14.183 12.369 10.786 9.809 7.351 6.727 4.870 3.874 3.474 2.401 0.620 0.000 0.943 2.402 4.469 4.474 6.728 9.477 10.775 13.395 14.471 15.724 16.209 15.186 13.453 14.823 14.443 12.783 11.475 11.095 12.544 12.640 10.963 12.091 14.695 14.683 14.638 17.324 19.535 20.132 21.118 21.634 20.734 20.177 21.829 21.314 20.171 21.553 20.142 21.485 20.748 20.152 21.417 21.305 22.575
24.405 23.121 21.696 21.380 20.187 19.261 21.239 22.074 21.253 21.558 23.433 23.355 21.231 21.746 19.883 21.905 20.790 18.426 19.136 19.669 19.142 17.567 18.112 18.784 17.030 18.093 17.380 16.912 14.864 13.113 11.351 10.210 8.200 7.060 6.430 4.352 3.852 3.167 2.278 0.643 0.000 0.978 2.874 4.173 5.388 7.598 9.745 12.058 13.224 14.663 15.508 14.281 12.941 14.163 13.859 11.853 10.351 10.561 12.221 12.312 10.671 11.690 14.526 14.200 13.911 16.780 19.015 19.413 20.664 21.261 19.977 20.088 21.498 21.218 20.409 21.639 20.604 21.505 20.964 20.321 21.563 21.593 23.212
24.569 23.379 22.076 21.737 20.542 19.475 21.160 21.980 21.362 21.746 23.185 23.596 21.584 22.121 20.559 22.290 21.168 18.819 19.435 20.182 19.746 17.881 18.617 19.216 17.664 18.511 17.960 17.485 15.512 13.730 11.730 11.111 9.614 8.191 7.859 6.297 4.892 4.316 3.961 2.545 0.689 0.000 1.000 2.771 5.214 7.074 9.224 11.880 13.523 14.339 15.662 14.477 12.588 14.338 14.426 12.039 11.079 10.773 12.407 12.231 10.827 11.938 14.794 14.442 14.549 17.517 19.310 19.895 21.288 21.936 20.551 20.444 22.017 21.534 20.547 21.809 20.479 21.342 20.866 19.967 21.401 21.197 22.676
25.022 23.742 22.627 22.017 20.677 19.935 21.370 22.254 21.634 21.880 23.708 24.008 21.892 22.563 21.103 22.514 21.700 19.498 20.173 20.904 20.388 18.818 19.589 20.020 18.708 19.724 19.269 18.789 16.643 15.625 13.735 12.868 11.850 10.265 9.579 7.820 7.432 5.630 4.334 4.493 3.355 0.723 0.000 1.387 3.618 6.250 9.109 12.130 13.394 14.664 15.713 14.560 13.426 14.749 14.748 13.130 11.742 11.605 13.699 14.057 12.407 13.706 16.568 16.446 16.366 18.825 21.051 21.497 22.396 23.184 21.941 21.658 23.070 22.551 21.545 22.598 21.372 22.066 21.312 20.714 21.902 21.437 22.956
24.944 23.638 22.635 21.922 20.650 20.121 21.502 22.317 21.325 22.190 23.583 23.714 21.923 22.647 21.147 22.437 21.815 19.827 20.251 20.843 20.334 18.972 19.930 20.319 19.319 20.270 19.608 19.411 17.553 16.315 14.624 13.913 12.999 12.430 11.343 9.152 8.494 7.536 5.370 4.902 4.926 2.793 0.883 0.000 1.363 3.636 6.533 8.870 10.812 12.844 14.148 13.403 12.547 14.788 14.994 13.138 12.338 12.716 14.872 15.322 13.490 14.890 17.378 17.407 17.410 19.938 21.556 21.864 23.148 23.406 22.474 22.648 23.751 23.411 22.748 23.600 22.641 23.183 22.523 21.796 22.790 22.443 23.750
24.383 23.075 22.119 21.792 20.442 19.915 21.090 21.810 21.179 21.215 22.815 22.986 21.389 22.006 20.264 22.134 21.236 19.324 19.839 20.925 20.681 19.341 20.310 21.182 20.566 21.656 21.282 21.355 19.755 18.832 17.367 16.407 15.621 14.783 13.730 12.002 10.616 9.609 8.407 6.022 5.953 5.323 3.124 1.062 0.000 1.820 4.323 6.006 6.843 9.345 11.199 11.181 10.796 13.375 14.002 12.242 12.043 12.878 15.191 15.408 13.935 15.852 17.966 17.756 18.212 20.425 21.737 22.087 23.343 23.820 22.928 23.118 24.246 23.749 23.236 24.021 23.066 23.717 23.099 22.353 23.297 22.998 24.217
24.361 23.157 22.004 21.428 20.085 19.485 20.942 21.763 21.138 21.527 22.753 23.116 21.709 22.098 20.522 22.200 21.690 19.924 20.652 21.756 21.599 20.382 21.694 22.843 22.354 23.817 23.743 24.018 22.153 21.929 20.297 19.912 19.115 17.768 17.109 15.682 13.418 12.836 12.009 9.975 7.879 7.241 5.788 3.143 1.423 0.001 1.294 3.118 4.157 6.698 8.052 8.560 9.078 11.102 11.759 10.916 11.843 12.943 15.223 15.939 15.390 16.728 18.621 18.554 19.260 21.130 22.706 23.194 24.273 24.917 23.911 23.924 24.989 24.410 23.893 24.569 23.404 23.963 23.203 22.529 23.417 22.994 24.193
24.638 23.431 22.383 21.967 20.869 20.304 21.632 22.158 21.610 22.117 23.233 23.627 22.149 22.725 21.583 22.972 22.449 21.196 21.408 22.476 22.290 21.183 22.554 23.501 23.297 24.530 24.574 24.759 23.484 22.944 21.306 21.480 20.527 18.968 18.658 17.253 15.821 14.494 13.956 11.549 9.597 7.375 6.376 4.922 2.997 1.017 0.001 0.984 2.487 5.780 7.073 8.164 9.244 12.108 12.543 12.862 14.103 15.177 16.705 17.008 18.040 19.031 20.281 20.533 21.060 22.660 23.820 24.213 25.051 25.407 24.854 24.496 25.627 25.228 24.549 25.260 23.908 24.473 23.696 22.953 23.597 23.199 24.225
24.510 23.541 22.557 22.243 21.180 20.862 21.990 22.568 21.967 22.285 23.578 23.725 22.457 22.948 21.833 23.115 22.726 21.677 21.933 22.967 22.725 22.250 23.312 24.123 24.153 25.139 25.315 25.339 24.275 23.941 22.644 22.527 21.862 20.469 19.942 18.837 17.392 15.320 14.798 13.081 11.213 9.380 7.739 6.389 3.919 2.342 0.959 0.000 1.844 4.019 5.756 6.833 8.631 11.221 11.926 11.696 13.377 15.155 17.147 17.953 18.863 19.757 20.915 21.448 22.263 23.569 24.261 24.394 25.232 25.387 25.134 25.310 26.037 25.768 25.229 25.747 24.759 25.161 24.351 23.813 24.184 23.844 24.743
24.849 23.807 22.924 22.459 21.293 20.640 22.235 22.933 22.410 22.660 23.940 24.341 22.790 23.543 21.909 23.705 23.226 21.210 22.030 23.105 22.952 21.399 22.592 23.455 22.641 24.251 24.013 24.257 22.463 21.756 20.324 20.543 19.601 17.801 17.741 17.381 15.910 14.327 14.291 13.208 11.632 10.249 10.163 9.016 6.889 4.976 3.534 1.429 0.000 1.899 3.653 5.249 5.437 7.275 8.949 9.445 10.365 11.087 12.695 13.932 14.461 15.216 16.925 17.819 18.854 20.146 21.534 22.413 23.359 24.050 23.361 23.191 24.342 24.033 23.132 23.793 22.582 23.197 22.428 22.149 22.662 22.799 23.521
25.518 24.279 24.006 23.813 22.674 22.873 23.839 24.051 23.965 24.664 25.502 25.854 24.735 25.250 24.023 25.235 24.999 23.376 23.578 24.618 24.379 23.078 24.082 24.800 23.993 24.951 24.892 25.119 23.611 23.205 21.677 22.280 21.403 19.517 19.860 20.161 18.372 17.587 17.456 17.792 15.786 14.338 14.926 13.940 11.269 8.316 6.061 3.567 1.083 0.001 1.723 3.637 4.964 5.978 7.048 9.184 10.392 11.309 12.876 14.802 16.348 16.735 18.154 19.065 20.031 21.086 22.385 23.091 23.365 24.466 23.838 23.962 25.199 24.943 24.052 24.746 23.334 24.042 23.110 22.720 23.062 23.359 23.935
24.876 23.894 23.421 23.318 22.338 21.952 23.177 23.616 23.452 23.871 24.865 25.293 23.992 24.409 22.941 24.219 23.904 22.068 22.609 23.546 23.335 22.078 23.091 23.725 22.899 24.334 24.213 24.322 22.844 22.109 20.930 21.144 20.214 18.035 18.501 18.418 16.873 15.474 16.108 15.919 14.067 12.832 13.667 13.165 11.084 9.416 7.261 6.405 3.386 0.882 0.000 1.414 3.188 4.899 5.415 6.576 8.967 10.275 11.497 12.392 13.594 15.041 16.676 17.398 18.430 19.988 21.090 22.256 22.784 23.863 23.202 23.229 24.308 24.052 23.190 23.987 22.625 23.466 22.712 22.083 22.842 22.809 23.671
25.058 23.876 23.230 22.885 22.153 21.282 22.985 23.738 23.183 23.230 24.631 24.602 23.117 23.413 21.835 23.201 22.664 20.577 21.032 21.890 21.530 20.109 21.183 22.116 21.291 22.701 22.630 22.763 21.284 20.409 19.116 19.427 18.292 15.853 16.702 16.498 14.542 13.374 14.610 14.613 12.538 12.443 13.966 13.822 12.078 11.216 8.398 8.033 4.927 2.825 0.943 0.000 1.601 4.038 5.062 4.901 6.225 7.718 9.749 10.020 10.301 12.002 13.936 14.525 15.575 18.152 19.125 20.364 21.210 22.190 21.547 21.457 22.993 22.406 21.760 22.847 21.450 22.499 21.914 21.338 22.594 22.309 23.596
24.842 23.660 22.897 23.163 22.111 21.242 22.658 23.402 22.907 23.174 24.549 24.710 22.825 23.515 21.855 23.292 22.724 20.421 21.029 21.993 21.466 19.768 20.872 21.830 20.987 22.146 21.834 21.995 20.337 19.216 17.787 18.336 17.508 15.088 15.380 15.957 13.991 12.410 13.689 14.072 12.139 11.230 13.075 12.237 10.912 10.085 8.039 7.142 5.498 4.525 3.380 0.888 0.000 1.368 2.909 3.920 5.025 6.096 7.487 8.490 9.568 10.799 12.553 12.881 14.145 16.456 17.602 18.540 20.287 21.288 20.018 20.096 21.899 21.501 20.659 21.650 20.391 21.417 20.576 20.229 21.356 21.317 22.439
24.632 23.500 22.511 22.477 21.694 20.710 22.422 23.362 22.866 23.261 24.518 24.790 22.998 23.468 21.676 23.231 22.975 20.476 21.109 22.294 21.939 20.187 21.416 22.297 21.377 22.748 22.466 22.763 21.041 20.072 18.542 19.275 18.165 15.711 15.940 16.533 14.645 12.979 14.247 14.587 12.345 11.647 13.202 12.649 10.888 10.284 8.156 8.079 6.175 5.163 4.437 2.903 0.790 0.000 1.318 2.424 4.531 5.902 7.408 7.944 10.017 11.158 12.909 13.064 14.632 17.316 18.000 18.693 19.970 21.230 20.348 20.629 22.512 22.084 21.214 22.689 20.898 22.429 21.315 20.604 22.091 21.741 23.166
24.798 23.344 22.251 22.244 21.230 20.607 21.983 23.042 22.727 22.857 24.105 24.199 22.505 22.685 21.204 22.674 22.181 20.271 20.562 21.687 21.287 19.923 20.978 21.936 21.291 22.498 22.272 22.516 21.049 20.166 18.728 19.141 17.955 15.756 16.462 16.234 14.371 12.818 14.462 14.204 11.895 11.770 13.477 13.210 11.828 11.543 9.538 9.764 8.116 6.035 5.135 4.326 2.120 0.846 0.000 1.310 3.035 5.665 7.244 7.166 9.441 11.614 12.972 12.875 14.465 17.034 18.183 17.794 19.514 20.368 19.912 20.200 21.820 21.547 20.952 22.171 21.047 21.906 21.003 20.782 21.868 21.846 23.221
24.087 22.850 21.917 21.643 21.069 20.180 22.022 22.828 22.410 22.679 24.051 23.988 22.175 22.447 20.780 22.279 21.758 19.749 19.982 21.107 20.861 19.371 20.422 21.485 20.989 22.301 22.184 22.512 21.031 19.952 18.661 19.215 17.977 15.608 16.327 16.174 13.871 12.531 14.442 14.223 12.144 12.522 14.262 14.459 12.919 12.774 10.405 11.159 9.315 7.891 5.962 4.890 3.693 2.437 0.896 0.000 1.472 4.086 6.027 5.959 6.841 9.583 11.465 11.188 12.162 15.067 16.890 17.365 18.732 19.608 19.078 19.565 21.156 21.104 20.508 21.882 20.667 21.997 21.292 20.757 22.144 22.175 23.700
24.673 23.358 22.729 22.601 22.041 21.439 23.244 23.962 23.346 23.779 25.031 25.277 23.346 23.944 21.861 23.469 22.981 20.749 20.728 21.775 21.489 19.718 20.529 21.431 20.748 22.068 21.572 21.864 20.350 19.354 17.531 18.788 17.851 14.901 16.183 16.340 13.998 12.228 14.973 15.254 12.605 13.030 15.566 15.739 14.087 14.306 11.760 12.419 10.937 10.249 9.017 6.412 5.209 5.538 3.254 1.062 0.000 1.701 4.258 5.373 5.420 5.856 8.832 10.529 10.585 12.197 14.318 15.610 16.809 17.752 17.275 17.385 18.309 18.876 18.394 19.538 18.880 20.436 19.826 19.593 21.166 21.593 23.177
25.044 24.034 22.921 23.050 22.332 21.529 22.997 24.137 23.691 24.098 25.136 25.531 23.676 23.966 22.413 23.729 23.431 21.517 21.414 22.361 22.026 20.586 21.439 22.217 21.490 22.597 22.036 22.600 21.111 20.273 18.420 19.621 18.840 16.182 17.035 17.362 15.031 12.671 15.569 15.574 13.178 13.347 15.846 15.766 14.409 15.008 12.961 13.882 13.683 12.586 12.453 9.625 6.922 6.689 6.172 3.141 0.893 0.000 1.386 3.737 5.157 4.118 4.597 7.334 8.640 8.814 10.986 12.699 14.260 15.562 15.174 15.889 17.315 17.864 17.310 18.870 17.810 19.756 19.168 18.813 20.948 20.876 22.549
24.924 23.703 23.025 23.263 22.367 21.723 23.204 24.383 24.295 24.639 25.469 25.838 24.069 24.161 22.576 23.879 23.483 21.668 21.465 22.430 21.977 20.801 21.359 22.212 21.592 22.680 22.255 22.890 21.507 20.525 18.705 20.107 19.479 16.513 17.684 18.128 15.783 12.898 16.117 16.609 13.910 14.020 16.663 16.898 15.431 16.173 14.320 15.443 14.504 13.483 12.701 11.180 8.161 7.521 7.202 5.910 3.818 0.715 0.000 1.380 3.333 3.877 3.579 4.846 7.976 8.238 9.430 10.003 12.932 14.605 14.234 15.151 17.467 17.746 17.696 19.357 18.182 20.243 19.725 19.055 21.183 21.033 22.632
25.032 24.122 23.238 23.112 22.393 21.516 23.330 24.238 24.094 24.122 25.249 25.216 23.617 23.903 21.904 23.614 22.785 20.824 20.799 21.691 21.383 19.849 20.432 21.287 20.386 21.570 20.994 21.358 20.135 18.954 17.097 18.541 17.726 14.623 15.965 16.230 14.280 12.366 15.012 15.542 13.494 14.097 16.677 16.834 15.870 16.797 15.602 16.506 15.551 14.360 13.227 11.437 9.544 7.913 7.105 6.555 5.939 3.653 0.654 0.000 0.903 2.581 3.272 2.763 4.537 6.139 8.294 8.434 11.327 11.917 11.648 12.748 14.853 15.384 15.338 17.467 17.027 19.293 18.993 19.032 20.984 21.200 22.947
24.980 24.132 22.995 22.933 22.430 21.436 23.074 24.180 23.818 24.166 25.185 25.288 23.514 23.764 21.927 23.412 22.869 20.749 20.801 21.446 21.261 19.720 20.199 21.130 20.368 21.404 20.765 21.097 19.765 18.482 16.786 18.067 16.983 13.772 15.559 15.780 13.467 11.639 14.933 15.094 12.829 14.036 16.626 16.501 15.716 16.917 15.246 16.722 15.960 15.584 14.424 12.568 10.686 9.591 8.490 6.542 5.219 4.023 2.646 0.629 0.000 0.908 2.152 2.819 3.116 4.245 5.838 7.118 9.702 10.712 10.221 11.564 13.900 14.750 14.972 16.796 16.514 18.929 18.569 18.429 20.599 20.936 22.872
24.790 24.115 23.104 23.224 22.540 21.830 23.205 24.477 24.273 24.508 25.308 25.644 23.908 23.997 22.331 23.627 23.180 21.306 21.167 21.707 21.458 20.204 20.434 21.510 20.568 21.699 21.022 21.697 19.901 18.960 17.090 18.481 17.464 14.101 15.621 16.368 13.896 11.805 15.273 15.346 13.096 13.989 17.012 16.899 15.713 17.256 15.308 16.654 16.167 15.040 14.444 12.340 10.687 9.805 9.186 7.467 5.717 4.220 3.305 2.132 0.620 0.000 0.836 2.145 3.394 2.963 4.406 5.856 8.446 9.719 10.365 11.122 14.179 14.651 15.055 16.957 16.141 18.776 18.478 18.132 20.569 20.442 22.175
25.016 24.274 23.283 23.142 22.618 21.908 23.595 24.723 24.437 24.620 25.671 25.753 24.157 24.316 22.597 24.092 23.211 21.232 21.302 21.891 21.555 20.326 20.614 21.471 20.640 21.713 21.129 21.659 20.322 19.240 17.326 18.946 18.263 14.746 16.189 17.335 14.848 12.629 15.999 16.504 14.075 14.749 17.803 17.905 16.637 17.771 15.886 17.282 16.235 15.448 14.409 12.374 11.021 9.924 9.071 7.747 6.766 4.714 3.377 3.232 2.416 0.599 0.000 0.891 1.919 3.476 3.535 4.520 6.991 8.807 9.723 11.406 13.556 14.427 14.842 16.873 16.458 18.914 18.768 18.393 20.796 20.956 22.701
24.759 23.889 22.843 22.700 22.304 21.640 23.375 24.226 23.884 24.224 25.265 25.416 23.681 23.972 22.086 23.708 22.946 20.935 20.916 21.667 21.357 19.983 20.151 21.053 20.440 21.376 20.899 21.134 20.367 18.865 16.953 18.601 17.851 14.651 15.908 16.791 14.581 12.387 15.616 16.399 13.809 15.005 17.683 18.061 17.002 17.958 16.343 17.713 16.969 16.159 15.051 13.493 11.484 10.955 10.275 8.671 6.944 6.194 3.826 3.092 3.204 1.721 0.632 0.000 0.716 1.652 2.722 3.300 5.773 7.417 8.641 9.841 12.101 13.044 13.598 15.707 15.669 18.246 18.321 18.427 20.673 21.008 22.476
25.266 24.420 23.336 23.426 22.831 21.956 23.351 24.507 24.274 24.633 25.513 25.513 23.918 24.001 22.505 23.736 23.077 21.191 21.095 21.556 21.375 20.145 20.208 21.175 20.301 21.397 20.533 21.170 20.012 18.689 16.634 18.512 17.857 14.367 16.142 17.025 14.565 12.446 16.101 16.372 13.965 15.249 17.997 17.913 17.292 18.554 17.039 18.536 17.971 16.807 15.736 14.143 12.387 11.629 10.782 9.451 7.784 6.689 4.965 3.916 3.418 2.715 1.926 0.680 0.000 0.832 2.054 3.445 5.460 6.989 8.459 9.405 11.850 12.881 13.279 15.214 15.596 18.131 18.178 18.211 20.195 20.604 22.275
24.915 24.268 23.615 23.714 23.000 22.498 23.958 24.937 24.887 25.220 25.936 26.026 24.640 24.627 23.144 24.348 23.614 21.720 21.779 22.312 21.917 20.660 20.843 21.613 20.616 21.910 21.211 21.737 20.584 19.299 17.367 19.090 18.319 14.825 16.219 17.415 14.983 12.893 16.310 17.012 14.638 15.337 18.441 18.861 17.893 18.824 17.186 18.816 18.106 16.933 16.327 14.375 12.572 12.180 11.167 9.980 8.632 7.165 5.769 5.624 4.253 3.376 3.178 2.423 0.721 0.000 1.137 2.669 4.762 6.840 8.175 9.732 12.033 13.040 13.780 15.781 15.856 18.524 18.479 18.438 20.715 20.643 22.221
25.115 24.318 23.698 23.579 23.150 22.776 24.206 25.029 24.895 25.112 25.984 25.913 24.576 24.932 23.276 24.549 23.890 22.129 22.269 22.675 22.411 21.171 21.317 21.940 21.350 22.251 21.555 21.994 21.079 19.572 17.219 19.242 18.701 15.240 16.519 17.839 15.583 13.862 16.990 17.874 15.642 16.660 19.320 19.834 19.236 19.802 18.720 19.960 19.234 18.065 17.160 15.581 13.990 13.553 12.534 11.672 10.342 8.874 7.087 6.947 6.619 4.362 4.109 4.023 2.395 0.795 0.000 1.257 3.633 5.298 6.830 8.444 10.761 11.794 12.833 14.768 15.311 17.961 18.192 18.662 20.677 21.153 22.757
25.360 24.703 24.064 24.273 24.113 23.942 25.095 26.010 25.707 25.692 26.784 26.753 25.374 25.698 24.188 25.025 24.687 22.968 22.854 23.477 23.050 21.742 21.821 22.489 21.867 22.779 21.913 22.672 21.643 20.638 19.184 20.506 19.717 17.316 18.290 19.315 17.648 16.401 19.370 19.751 18.142 19.444 21.454 22.118 21.766 22.644 21.771 22.839 22.226 21.287 20.268 18.969 17.733 16.667 15.786 15.161 13.609 12.267 10.268 9.758 9.463 7.472 5.542 5.360 4.977 2.716 1.086 0.000 1.502 3.157 5.128 5.999 7.908 9.440 11.012 12.887 14.357 17.229 18.027 19.375 21.527 22.278 23.946
25.288 25.091 24.619 24.593 24.574 24.349 25.423 26.214 26.009 26.123 26.857 26.895 25.756 25.775 24.506 25.155 24.784 23.297 23.257 23.261 23.172 22.107 21.810 22.479 21.918 22.537 21.907 22.732 22.019 21.195 19.954 21.769 21.284 18.724 20.126 20.913 18.965 18.159 20.836 21.192 19.469 20.857 22.749 22.918 22.781 23.787 22.959 24.034 23.473 22.576 22.225 20.658 19.042 18.485 17.638 17.027 15.602 14.914 12.953 11.310 10.974 9.991 8.204 6.686 6.468 5.754 3.347 1.098 0.002 1.828 3.882 6.090 7.207 8.674 10.845 13.368 15.191 18.052 19.410 20.560 22.595 23.239 24.724
26.224 25.520 25.189 25.233 24.854 24.575 25.443 26.208 25.951 25.996 26.814 26.768 25.600 25.666 24.657 25.246 24.826 23.181 23.297 23.624 23.371 22.128 22.019 22.565 21.933 22.563 21.495 22.464 21.487 20.774 19.599 21.052 20.746 18.565 19.595 20.459 18.698 18.034 20.395 20.986 19.544 20.865 22.857 23.089 23.174 24.269 23.593 24.686 24.301 23.665 23.195 22.182 20.566 20.037 19.417 18.861 17.393 16.595 15.343 14.180 12.956 11.871 10.392 8.830 8.100 6.745 5.125 3.381 1.107 0.000 1.361 4.079 6.123 7.470 8.905 11.292 13.288 15.608 17.064 18.306 20.686 21.494 23.180
26.561 26.183 25.665 25.951 25.815 25.113 26.239 26.819 26.552 26.464 27.224 27.303 26.213 26.357 25.306 25.657 25.637 24.206 24.007 24.344 24.187 22.689 22.810 23.249 22.462 22.791 21.635 22.436 21.882 20.581 19.314 20.850 20.920 18.691 19.684 20.611 19.431 18.641 20.635 21.415 20.321 21.350 22.865 23.545 23.493 24.496 23.649 24.782 24.677 23.864 23.650 23.073 21.351 21.297 21.304 21.077 19.598 18.265 17.889 17.001 15.943 14.210 13.396 11.419 9.103 9.284 8.087 4.663 2.879 1.020 0.000 1.800 4.319 6.242 6.967 8.777 10.536 13.045 14.702 16.783 18.750 20.146 21.945
26.476 26.058 25.635 25.805 25.459 25.085 26.006 26.835 26.595 26.511 27.288 27.286 25.984 26.163 25.284 25.601 25.039 23.947 23.599 23.904 23.514 22.541 22.380 22.654 22.274 22.477 21.517 22.233 21.668 20.769 19.593 20.959 21.042 19.086 19.808 20.714 19.806 19.057 21.017 21.472 20.587 21.762 23.325 23.892 23.836 24.914 24.143 25.404 25.200 24.111 24.241 23.414 21.933 21.662 21.704 20.834 19.511 18.256 17.739 16.547 15.159 13.890 13.268 11.439 9.930 9.505 9.070 6.160 5.778 3.691 1.164 0.000 1.716 4.113 5.616 7.106 9.704 11.875 13.838 16.257 18.376 20.210 21.974
26.601 26.069 25.611 25.749 25.386 25.086 26.026 26.722 26.395 26.466 27.153 27.213 26.046 26.381 25.037 25.647 25.247 23.738 23.562 23.603 23.513 22.214 22.286 22.566 21.677 22.156 20.921 21.748 20.966 19.984 18.620 20.606 20.708 18.514 19.833 20.737 19.541 19.065 21.255 21.879 20.953 21.922 23.624 24.090 24.314 25.290 24.586 25.744 25.491 24.564 24.529 23.766 22.157 21.957 21.600 21.186 19.391 18.187 17.918 16.887 14.595 13.752 13.522 11.517 9.756 9.779 9.576 7.419 6.981 5.997 4.131 1.189 0.000 1.644 3.777 6.272 8.617 10.920 13.171 15.880 18.028 19.438 21.491
27.210 26.822 26.338 26.520 26.106 25.747 26.593 27.344 26.878 26.727 27.560 27.543 26.371 26.775 25.682 26.161 25.729 24.327 24.218 24.406 24.004 22.763 22.744 23.074 21.823 22.339 21.191 21.685 20.966 19.873 18.467 20.417 20.859 18.817 19.714 20.884 20.484 19.702 21.456 22.528 21.774 22.756 24.431 24.923 24.917 25.767 24.968 26.047 25.843 24.748 24.739 24.415 22.747 22.293 22.815 22.587 20.900 19.357 19.763 19.388 17.300 16.118 16.118 14.880 12.167 12.073 12.850 10.492 8.461 7.055 6.036 4.015 1.294 0.001 1.416 3.708 6.295 7.487 9.821 12.213 14.791 17.056 18.854
27.473 26.993 26.376 26.555 26.291 25.717 26.628 27.448 26.924 26.886 27.678 27.674 26.470 26.817 25.869 26.334 25.856 24.515 24.181 24.469 24.021 22.790 22.699 22.848 21.729 22.137 20.872 21.451 20.917 19.827 18.590 20.010 20.264 18.652 19.506 20.558 20.218 19.752 21.352 22.231 21.730 22.385 24.016 24.537 24.514 25.504 24.574 25.746 25.538 24.272 24.237 23.651 21.914 21.474 22.170 21.506 20.214 18.717 19.118 18.922 17.134 15.633 16.345 15.287 12.503 12.366 13.490 11.552 9.706 7.766 6.801 5.812 3.230 1.202 0.001 1.673 4.088 5.735 6.965 9.739 11.393 14.453 16.828
27.018 26.239 25.741 25.822 25.273 24.990 25.866 26.612 26.317 26.384 27.232 27.218 26.083 26.314 25.273 25.879 25.391 23.753 23.701 23.946 23.314 22.146 22.518 22.570 21.412 22.066 21.257 21.444 20.379 19.711 18.011 19.513 19.361 17.848 17.982 19.248 18.472 17.547 19.379 20.442 19.715 20.322 22.573 23.257 23.446 24.299 23.860 25.155 24.860 23.301 23.270 22.684 20.725 20.125 20.816 20.392 18.728 16.999 17.038 17.359 15.582 14.272 15.115 14.692 12.274 12.605 14.386 12.703 11.437 10.459 8.624 7.335 5.737 3.436 1.406 0.000 1.743 3.957 5.794 7.576 9.280 11.964 13.903
27.207 26.761 26.148 26.340 25.832 25.230 26.395 27.112 26.734 26.692 27.613 27.458 26.229 26.832 25.588 26.263 25.726 24.202 24.265 24.717 24.059 22.833 23.044 23.172 22.100 22.698 21.533 21.986 20.948 20.219 18.241 19.630 20.293 18.224 18.485 19.683 19.654 18.117 19.835 21.090 20.855 20.842 23.067 23.763 23.793 24.762 24.098 25.252 24.948 23.258 23.224 22.833 20.857 19.987 20.549 20.309 19.015 16.783 16.905 17.941 16.071 14.396 15.699 15.701 13.232 13.206 15.194 13.685 12.025 11.460 10.026 7.985 6.505 5.568 3.528 1.383 0.001 1.648 3.968 6.317 7.104 9.960 11.627
26.946 26.301 25.782 25.661 25.259 24.812 25.889 26.701 26.209 26.401 27.200 27.077 26.057 26.368 25.229 25.801 25.479 23.960 23.966 24.223 23.749 22.520 22.849 23.123 21.843 22.803 21.894 21.850 20.489 19.871 18.136 19.385 19.388 17.674 17.945 18.947 18.397 17.312 18.961 20.035 19.440 19.887 21.950 22.891 23.051 23.880 23.410 24.763 24.636 23.345 23.028 22.354 20.333 19.849 20.269 19.597 17.985 16.379 16.152 16.543 15.219 13.855 14.714 14.819 12.831 12.998 14.925 14.032 13.284 12.754 11.393 9.267 8.303 7.273 5.049 3.598 1.478 0.001 1.887 4.362 6.037 8.026 10.262
27.564 27.091 26.238 26.591 25.934 25.715 26.613 27.343 26.821 26.959 27.717 27.715 26.749 27.268 26.219 27.047 26.436 25.065 25.547 25.592 25.179 24.042 24.558 24.991 23.594 24.272 22.928 23.063 22.028 21.036 19.108 20.325 20.949 19.275 18.852 19.970 19.821 18.760 19.454 21.034 20.624 20.592 22.657 23.583 23.508 24.362 23.562 24.769 24.503 22.671 22.967 22.618 20.525 19.870 21.259 20.711 19.503 17.553 18.389 19.476 18.243 16.499 18.568 18.988 17.537 17.350 19.787 19.312 18.128 17.566 16.127 13.616 12.353 10.362 8.151 5.739 4.234 1.699 0.003 1.689 4.235 6.252 8.019
27.325 26.635 26.315 26.149 25.681 24.915 26.285 26.928 26.536 26.498 27.485 27.502 26.423 27.011 25.871 26.726 26.181 24.755 24.832 25.342 24.795 23.461 23.884 24.216 23.175 23.908 22.685 22.808 21.634 20.605 18.798 20.127 20.279 18.562 18.531 19.523 19.049 17.788 19.091 20.369 19.805 19.816 21.794 22.672 22.604 23.758 22.959 24.155 24.186 22.108 22.596 21.929 19.727 19.072 20.151 19.564 18.164 16.234 16.707 17.583 16.469 15.119 16.680 17.258 16.139 16.385 18.574 18.190 17.759 17.501 16.085 14.009 13.343 11.813 8.921 7.148 5.525 3.690 1.512 0.004 1.681 4.034 5.726
26.585 25.863 25.231 25.339 24.705 24.546 25.454 26.063 25.726 25.866 26.639 26.734 25.683 25.987 24.939 25.902 25.524 23.879 24.146 24.537 24.028 22.839 23.549 23.982 22.925 23.823 22.876 22.877 21.437 20.459 18.627 19.803 19.459 17.925 17.717 18.569 18.426 17.201 18.055 19.497 18.911 19.038 21.094 21.877 22.032 23.069 22.511 23.927 24.107 22.524 22.805 21.763 19.771 19.507 19.973 18.889 17.613 16.597 16.727 17.336 16.367 15.355 16.726 17.454 16.270 16.663 18.954 19.054 18.423 18.511 17.020 15.012 14.799 13.727 10.684 9.096 7.105 6.083 3.671 1.366 0.000 1.664 4.230
27.136 26.446 26.317 26.230 25.758 25.203 26.269 26.569 26.083 26.188 27.168 27.092 26.143 26.917 25.916 26.797 26.166 25.144 25.378 25.718 25.405 24.226 24.631 25.187 24.119 24.818 23.556 23.770 22.688 21.644 19.835 20.526 20.579 19.074 18.685 19.828 19.513 18.779 19.169 20.424 20.372 20.204 21.937 23.113 22.863 23.879 23.237 24.503 24.697 22.889 23.025 22.560 20.538 20.187 21.087 20.732 19.713 18.193 18.558 19.533 18.675 17.531 18.811 19.956 18.567 18.665 21.038 21.249 20.404 20.835 19.668 17.593 17.383 15.745 13.039 11.237 8.581 7.252 5.309 3.774 1.490 0.001 1.615
26.943 26.482 26.040 26.024 25.456 25.374 26.037 26.587 26.048 26.203 26.990 27.100 26.537 26.732 26.003 26.618 26.236 25.270 25.493 25.639 25.212 24.456 24.910 24.954 24.126 24.554 23.665 23.442 22.313 21.534 19.934 20.245 20.207 18.938 18.461 19.844 19.783 18.478 18.932 20.492 20.338 19.932 21.955 23.165 22.930 23.701 23.409 24.378 24.330 22.934 23.020 22.322 20.514 20.319 20.727 20.194 19.344 18.269 18.568 19.468 18.435 17.940 19.214 20.453 19.457 19.708 22.132 22.417 22.122 22.508 21.492 19.722 19.952 18.248 15.596 14.738 11.492 9.775 7.704 5.704 4.365 1.583 0.006
