0.005 1.530 3.343 4.957 6.994 9.884 11.479 14.589 16.794 17.329 16.306 17.236 19.329 20.376 20.189 21.797 23.422 24.167 24.665 25.624 26.627 26.930 27.218 27.654 26.520 26.473 27.185 26.765 25.462 25.863 26.808 25.922 25.112 26.149 26.851 25.631 25.199 26.450 26.399 25.648 25.584 25.358 25.486 26.267 26.987 27.242 27.618 27.016 26.840 27.204 27.426 26.789 26.468 26.533 25.600 25.809 25.364 25.639 25.008 24.738 23.774 23.315 23.704 22.727 22.130 22.771 22.675 23.095 22.802 24.562 24.827 24.574 25.468 25.109 25.888 25.736 25.242 25.422 26.083 26.211 26.462
1.095 0.006 1.440 2.888 4.440 6.120 8.299 10.120 11.864 13.360 13.027 13.976 16.573 17.522 18.057 19.884 21.622 22.827 23.778 25.191 26.176 26.567 26.899 27.052 26.094 25.547 26.581 26.119 24.488 24.563 26.000 25.110 23.980 24.889 25.791 24.650 24.214 25.567 25.462 24.583 24.493 24.371 24.414 25.475 26.217 26.641 27.002 26.269 26.118 26.454 26.791 25.885 25.624 25.417 24.872 24.894 24.468 24.529 24.124 23.617 22.946 22.192 22.247 21.764 21.024 21.334 21.577 21.750 22.246 23.730 24.414 24.045 25.085 24.563 25.379 24.650 24.141 24.652 25.134 25.071 25.636
2.850 1.059 0.002 1.577 3.033 4.314 6.241 8.427 10.585 11.913 10.887 12.638 15.728 16.780 17.047 19.214 21.278 22.400 23.421 24.845 26.455 26.719 27.456 27.651 26.423 25.873 26.891 26.463 24.555 24.844 26.064 25.058 23.753 25.020 25.940 24.523 23.892 25.526 25.453 24.750 24.192 24.371 24.537 25.800 26.683 26.955 27.363 26.641 26.396 26.685 26.962 26.059 25.332 25.643 24.664 25.017 24.421 24.685 24.160 23.804 22.944 22.015 22.069 21.752 20.544 21.142 21.363 22.232 22.100 23.894 24.358 23.855 25.035 24.315 24.858 24.530 24.125 24.538 24.800 25.040 25.748
3.910 3.089 1.173 0.001 1.677 3.256 5.016 6.970 9.632 10.801 10.295 11.794 14.942 16.178 16.796 18.989 21.185 22.254 23.063 24.756 25.709 26.227 26.819 27.088 26.045 25.330 26.624 26.061 24.545 24.541 26.120 24.990 23.863 25.083 25.926 24.619 23.957 25.580 25.488 24.718 24.327 24.324 24.561 25.522 26.292 26.849 27.081 26.382 26.092 26.401 26.533 25.549 25.174 24.999 24.542 24.253 24.095 24.090 23.720 23.422 22.793 21.504 21.708 21.541 20.248 20.670 21.219 21.668 22.595 23.352 24.424 23.732 24.867 24.261 24.837 23.989 23.597 23.960 24.321 24.537 25.051
6.324 4.280 3.226 1.327 0.001 1.612 3.554 5.466 7.602 9.698 8.744 10.591 12.912 15.112 15.790 17.684 20.626 22.051 22.912 24.272 25.631 25.977 26.524 27.037 25.777 25.064 26.201 25.734 23.810 24.157 25.587 24.495 22.945 24.413 25.542 24.062 23.429 25.181 25.397 24.246 23.867 23.868 24.254 25.369 26.562 27.017 27.350 26.656 26.133 26.702 27.110 26.086 25.634 25.930 24.878 25.495 24.885 25.208 24.519 23.684 22.826 21.158 21.501 21.946 20.368 21.030 22.080 22.732 23.117 24.934 25.178 24.596 25.557 24.811 25.336 24.525 24.094 24.918 24.906 24.873 25.687
8.987 6.600 5.033 3.515 1.269 0.005 1.536 3.606 5.677 7.503 7.497 9.419 11.984 14.017 15.157 16.995 20.216 21.832 22.628 24.240 25.468 25.565 26.292 26.626 25.236 24.960 26.119 25.436 23.613 24.260 25.469 24.210 22.414 24.252 25.199 23.434 22.564 24.864 24.804 24.036 23.456 23.774 24.002 25.315 26.323 26.782 27.041 26.431 26.158 26.623 26.932 25.966 25.554 25.796 24.581 25.089 24.460 24.482 23.905 23.108 22.050 20.326 21.165 21.258 19.681 20.037 21.358 21.945 23.004 24.196 24.832 24.091 25.117 23.998 24.883 24.239 23.828 24.541 24.937 24.776 25.405
10.717 8.927 7.021 4.914 3.498 1.362 0.000 1.579 3.142 5.670 6.167 8.698 10.670 12.567 13.509 16.363 19.004 21.448 22.763 24.141 24.823 25.266 25.513 26.106 24.943 24.242 25.244 25.113 23.197 22.967 24.533 23.556 21.700 23.023 24.418 22.907 22.262 24.035 24.266 23.496 22.698 23.215 23.159 24.082 25.441 25.986 26.317 25.836 25.027 25.727 26.309 25.417 24.618 25.041 24.151 24.584 24.195 24.104 23.893 22.852 22.233 20.476 20.698 21.421 20.042 20.412 21.643 22.127 22.956 24.582 25.193 24.218 25.461 24.077 24.996 23.731 23.456 24.393 24.170 23.949 24.982
13.031 10.963 9.265 6.723 5.036 3.599 1.204 0.001 0.994 2.821 4.701 5.821 6.196 9.353 11.160 11.673 14.144 15.993 17.977 18.521 20.752 21.075 21.657 22.168 20.387 19.317 20.790 21.055 18.946 19.080 21.296 20.940 19.388 21.356 22.942 21.863 21.354 23.184 23.579 22.884 21.631 22.140 21.488 22.403 24.053 24.479 24.879 24.264 23.449 24.343 25.049 23.984 23.285 24.186 23.398 24.421 24.043 24.353 24.337 23.419 22.623 20.321 20.628 21.437 19.705 19.598 21.408 21.685 23.113 24.259 24.809 24.048 24.700 23.562 24.119 22.672 22.460 23.558 23.014 22.720 24.135
15.422 13.483 11.544 9.061 6.769 5.131 2.616 0.858 0.001 1.404 2.571 4.728 4.998 6.674 9.284 11.074 11.865 13.898 15.678 16.816 18.801 19.620 20.662 21.335 19.351 18.003 20.055 20.586 17.835 17.767 20.897 20.620 18.830 20.816 22.791 21.650 21.158 22.884 23.144 22.482 21.269 21.629 20.936 21.586 23.117 23.507 24.093 23.376 22.640 23.676 24.471 23.386 22.822 23.763 23.209 23.857 23.713 23.768 23.867 22.916 22.311 20.320 20.247 21.117 20.259 19.843 21.252 21.757 23.180 24.359 24.922 24.022 24.987 23.314 23.796 21.939 22.122 23.526 22.876 22.661 23.974
18.924 16.834 14.222 11.618 9.730 7.179 5.695 3.121 0.979 0.001 1.307 3.345 5.345 5.290 6.496 9.923 10.460 11.770 14.386 15.708 17.241 18.102 19.003 20.064 18.958 17.659 19.475 20.238 17.588 18.068 20.942 20.696 19.365 21.380 22.967 22.011 21.594 23.358 23.676 23.023 21.527 22.255 21.278 22.188 23.791 24.007 24.501 23.544 22.500 23.885 24.578 23.485 22.984 24.008 23.502 24.403 24.278 24.510 24.552 23.896 22.803 20.924 20.901 21.426 20.395 19.836 21.526 22.137 23.271 24.264 24.854 24.092 24.598 23.172 23.392 21.814 21.937 22.922 22.627 22.556 24.013
19.166 18.040 15.330 13.556 11.989 9.531 6.293 4.243 2.863 0.709 0.000 1.159 2.776 4.381 3.945 6.154 8.876 10.212 12.161 13.542 15.442 16.735 17.672 18.680 17.243 15.488 18.196 19.032 16.139 17.048 20.090 19.793 18.246 20.180 22.042 21.189 20.643 22.246 22.561 21.929 20.589 21.115 20.302 20.954 22.568 22.794 23.401 22.529 21.734 22.831 23.758 22.586 22.124 23.447 22.763 23.877 23.684 24.084 23.947 23.030 22.342 20.179 20.312 21.351 20.292 20.101 21.827 22.036 23.546 24.596 25.166 24.218 24.877 23.092 23.736 21.614 21.907 23.304 22.340 22.162 23.839
21.022 19.847 16.804 14.765 12.224 10.270 7.273 5.718 5.400 2.821 0.694 0.000 1.298 3.194 4.409 4.241 6.141 8.506 10.464 11.800 13.811 14.870 15.647 16.349 15.317 13.831 16.236 17.211 14.616 15.554 18.173 18.518 16.915 19.124 20.809 20.450 20.120 21.541 21.959 21.296 19.694 20.339 19.556 19.938 21.674 22.110 22.934 22.169 21.155 22.491 23.389 22.201 21.511 22.851 22.469 23.441 23.538 23.547 23.835 22.653 22.141 20.240 20.157 21.087 20.206 19.972 21.506 22.099 23.467 24.260 25.015 24.203 24.606 23.051 23.367 21.514 21.603 22.778 22.000 21.994 23.328
21.770 20.339 17.650 15.672 12.853 11.031 8.014 6.382 4.996 4.755 3.261 0.732 0.000 1.246 2.785 4.188 4.260 5.764 8.824 10.466 12.945 13.883 15.087 16.543 15.348 13.519 15.993 17.163 14.231 14.968 18.007 18.321 16.366 18.546 20.307 19.492 19.338 20.752 21.166 20.419 19.021 19.689 18.677 19.541 21.189 21.546 22.493 21.625 20.864 22.014 23.127 21.939 21.411 22.707 22.236 23.305 23.457 23.472 23.756 22.545 21.907 19.873 19.646 20.815 20.059 19.322 21.389 21.969 23.414 24.611 25.625 24.256 25.204 23.046 23.030 21.133 21.317 22.733 21.842 21.753 23.402
22.725 20.877 18.401 16.209 14.151 11.730 8.961 7.081 5.801 5.361 4.982 2.601 0.686 0.000 1.233 2.748 4.057 4.585 6.433 8.974 12.047 13.501 15.406 16.549 15.926 13.018 16.551 17.418 14.357 14.751 18.243 18.466 16.555 18.712 20.578 20.025 19.274 21.297 21.704 20.873 19.273 19.940 18.919 19.772 21.412 21.857 22.840 21.859 20.883 22.254 23.272 21.994 21.398 22.711 22.173 23.417 23.351 23.334 23.402 22.352 21.796 19.660 19.425 20.349 19.411 18.274 20.393 21.309 22.989 24.006 25.009 24.040 24.611 22.773 22.891 20.654 20.914 21.970 21.460 21.324 22.967
22.586 20.899 18.361 16.478 14.430 12.246 9.192 7.755 7.478 5.522 4.561 3.580 2.723 0.638 0.000 0.978 2.598 3.995 4.512 7.122 10.272 11.882 13.968 15.432 14.534 12.326 15.573 16.557 14.012 14.963 18.021 18.460 16.761 18.776 20.809 20.373 19.710 21.720 22.115 21.012 19.244 20.009 18.839 19.834 21.398 21.866 22.854 21.913 20.744 22.084 23.186 21.835 21.235 22.617 21.873 23.234 23.295 23.268 23.548 22.313 22.053 20.067 19.559 20.754 19.782 19.220 20.904 21.384 23.154 24.336 25.231 24.114 24.914 22.727 23.077 20.997 20.944 22.222 21.323 21.205 23.034
22.934 21.142 18.554 16.712 14.222 12.030 9.264 8.918 6.959 6.847 5.057 3.645 4.210 2.606 0.673 0.000 1.011 2.361 4.427 6.015 8.247 10.036 12.143 13.493 12.319 11.219 14.009 15.351 12.783 13.774 17.038 17.563 16.113 18.245 20.340 19.867 19.366 21.047 21.246 20.493 18.689 19.087 18.003 18.889 20.789 21.212 22.054 21.135 20.154 21.632 22.600 21.407 20.681 22.191 21.437 22.976 23.160 23.299 23.699 22.240 22.004 19.824 19.488 20.801 20.025 19.069 21.132 21.417 23.304 24.163 25.272 24.305 24.685 22.788 22.848 20.584 20.736 22.182 21.138 21.090 22.968
23.516 21.945 19.791 17.615 15.506 13.437 11.429 9.968 8.337 7.715 6.710 4.490 4.136 4.059 2.552 0.722 0.000 1.111 3.328 5.547 7.161 9.191 11.469 13.154 12.425 10.812 14.129 15.212 12.604 13.507 17.476 17.571 16.191 18.351 20.161 19.729 19.189 20.631 20.774 20.131 18.428 19.048 17.924 18.764 20.601 20.857 21.797 21.189 20.205 21.657 22.538 21.457 20.772 22.183 21.758 22.956 23.079 23.147 23.343 22.063 21.792 19.784 19.636 20.714 19.973 19.286 21.408 21.941 23.506 24.467 25.433 24.287 24.801 23.175 22.976 20.735 21.083 22.261 21.591 21.413 22.962
24.226 22.912 20.944 19.202 17.467 15.227 13.632 12.005 10.236 9.799 8.525 7.698 5.014 4.873 4.495 2.733 0.898 0.001 1.299 4.315 6.332 8.310 10.806 12.664 11.688 10.456 13.508 14.761 12.272 13.065 16.321 17.023 15.941 17.840 19.733 19.483 18.753 20.714 20.753 19.981 18.082 18.758 17.619 18.451 20.590 20.880 21.835 20.873 20.240 21.659 22.656 21.047 20.531 22.166 21.446 22.972 22.839 23.020 23.194 21.693 21.493 19.453 19.364 20.824 19.950 19.168 21.133 21.583 23.333 24.381 25.128 24.292 24.629 23.042 22.867 20.488 21.164 21.642 21.286 21.174 23.097
25.256 24.323 22.327 20.769 19.307 17.731 15.943 14.726 14.270 12.930 11.351 10.740 9.484 6.574 6.080 6.022 3.340 0.924 0.000 1.611 4.101 6.976 8.678 9.985 9.600 9.261 12.180 13.327 11.670 12.641 15.746 16.742 16.288 17.986 19.889 19.996 19.459 21.011 21.059 20.358 18.341 19.089 17.948 18.614 20.727 20.995 21.639 20.970 19.971 21.494 22.198 20.979 20.546 21.861 21.358 22.801 22.891 22.975 23.484 22.157 22.021 20.065 19.703 21.218 20.605 19.939 21.593 21.780 23.611 24.142 25.228 24.535 25.046 22.993 22.961 20.758 20.747 21.824 20.888 21.056 22.685
25.717 24.568 22.930 20.969 19.435 18.060 16.093 16.514 15.630 14.839 12.497 11.630 11.095 9.360 7.006 6.561 6.632 3.699 1.175 0.002 1.760 4.415 6.522 8.797 8.872 9.115 12.122 13.570 12.520 14.130 17.970 18.066 18.218 20.279 22.041 21.977 21.851 23.067 23.099 22.568 20.852 21.360 19.935 20.552 22.152 22.462 23.352 22.256 21.472 22.883 23.850 22.551 22.118 23.473 23.200 24.518 24.612 24.842 25.050 23.897 23.349 21.172 21.033 22.376 21.636 21.068 22.854 22.868 24.276 25.055 25.973 24.830 25.504 23.365 23.402 21.025 21.804 22.905 21.926 22.007 23.691
26.500 25.655 23.996 22.481 21.528 20.179 18.781 19.390 18.643 17.853 16.474 14.486 13.231 12.003 9.944 8.264 7.999 6.683 3.899 1.344 0.001 1.862 4.462 6.851 7.479 7.894 10.173 11.742 11.733 12.882 15.681 17.151 17.437 19.043 20.798 21.210 20.989 22.215 22.368 22.014 20.650 21.296 20.242 20.622 22.414 22.492 23.640 22.570 21.705 23.226 24.371 22.955 22.713 24.258 23.595 25.095 25.016 25.206 25.162 23.893 23.848 21.806 21.928 23.435 22.721 22.253 23.694 23.668 25.107 25.770 26.387 25.415 25.858 24.049 24.166 21.788 22.494 23.779 22.853 22.723 24.293
27.642 27.349 26.417 25.523 24.989 24.117 23.393 23.678 22.864 22.083 20.669 19.424 18.113 16.419 14.204 12.752 10.688 8.625 6.524 4.247 1.378 0.002 1.979 4.259 5.934 6.698 7.411 10.050 12.064 12.529 14.440 16.073 16.732 18.865 20.483 21.202 21.403 21.975 22.621 22.807 21.689 22.087 21.398 21.141 22.492 22.414 23.258 22.497 22.105 23.151 24.110 23.371 23.440 24.661 24.597 25.635 25.740 26.013 26.247 25.548 25.566 24.146 23.952 24.944 24.551 23.954 25.033 24.670 26.050 26.206 26.749 25.973 26.274 24.738 24.547 22.885 23.319 24.309 23.383 23.409 24.750
27.616 27.330 26.330 25.502 25.022 24.078 23.177 23.457 22.684 21.468 21.103 20.276 18.298 17.207 16.205 14.349 12.283 10.806 8.551 6.703 4.390 1.265 0.002 1.740 4.147 5.232 5.182 5.988 9.390 10.866 11.252 12.684 13.836 15.676 17.191 17.988 18.259 19.521 20.333 20.826 20.294 21.328 21.139 20.918 22.397 22.530 23.795 23.309 22.647 23.994 24.859 23.951 23.611 24.922 24.281 25.620 25.368 25.652 25.823 24.722 24.866 23.191 23.243 24.478 23.896 23.564 24.565 24.633 25.804 26.339 26.702 25.934 26.338 24.953 24.858 23.082 23.653 24.689 23.862 23.741 25.189
26.753 26.092 24.769 23.551 22.320 21.344 20.083 20.043 19.191 17.990 17.426 16.904 14.792 13.968 13.190 11.942 10.678 10.005 8.757 7.241 5.725 3.642 1.110 0.001 1.186 3.269 4.063 3.899 4.326 6.827 7.251 8.346 10.009 11.648 11.716 12.060 12.590 13.292 14.929 15.501 15.126 16.334 16.900 16.962 19.521 20.263 21.760 21.144 20.064 21.284 22.709 21.796 20.740 22.241 21.609 23.112 22.620 22.784 22.941 21.443 21.113 19.116 19.335 20.734 20.287 20.058 21.334 21.818 23.566 24.622 25.164 24.652 25.179 23.460 23.522 21.605 21.646 23.101 22.363 21.773 23.552
26.764 26.033 24.697 23.581 22.403 21.478 20.151 20.053 19.679 18.254 17.502 17.293 15.179 14.273 14.036 12.507 10.713 10.376 10.430 8.031 6.980 5.459 2.966 0.686 0.001 1.272 2.607 3.244 3.513 3.883 6.287 7.518 8.075 9.550 10.768 11.084 11.051 12.111 13.856 13.928 14.143 15.349 16.023 16.555 18.651 19.623 20.852 20.469 19.505 20.546 22.081 21.030 20.244 21.782 21.170 22.394 22.341 22.198 22.448 20.876 20.805 18.601 18.699 20.123 19.977 19.402 21.198 21.698 23.452 24.496 25.451 24.668 25.532 23.715 23.814 21.465 21.609 23.014 22.125 21.711 23.505
27.491 26.729 25.476 24.259 23.419 22.025 20.692 20.542 19.402 18.320 17.753 17.233 15.109 14.134 14.043 12.156 10.503 10.154 9.798 8.029 6.961 5.550 4.358 2.505 0.610 0.000 1.244 2.211 3.059 3.268 4.737 6.666 6.959 7.965 9.573 9.783 9.748 11.769 13.458 13.950 13.709 15.015 15.750 16.261 18.173 19.285 20.613 20.263 19.682 20.565 22.046 20.853 20.121 22.101 21.296 22.844 22.596 22.647 22.717 20.737 20.859 18.465 18.767 20.648 20.183 19.886 21.443 21.750 23.760 24.805 25.644 24.907 25.346 23.747 24.065 21.849 22.114 23.416 22.215 21.720 23.791
26.951 26.114 24.686 23.389 22.371 21.284 20.011 19.833 19.092 17.747 17.339 17.041 14.636 13.807 13.722 12.244 10.182 10.109 9.645 8.140 6.981 5.609 4.402 3.504 2.247 0.567 0.000 0.942 2.097 3.082 2.719 4.631 5.718 7.150 7.024 8.118 8.349 10.333 12.289 13.128 13.216 14.093 15.166 15.643 18.067 19.176 20.638 20.034 19.105 20.371 21.783 20.475 19.544 21.308 20.344 21.996 21.523 21.657 21.912 20.021 20.223 18.067 18.165 19.919 19.460 19.003 20.737 21.062 23.099 24.147 25.224 24.482 25.392 23.541 23.621 21.329 21.357 23.066 22.015 21.233 23.194
26.661 25.779 24.107 22.913 21.344 20.297 18.919 18.949 18.535 17.053 16.253 16.429 13.820 13.050 12.827 11.859 10.108 9.915 10.028 8.392 7.747 5.980 4.404 3.626 3.033 1.936 0.580 0.000 0.852 2.071 2.806 2.820 4.114 5.305 5.613 6.405 6.929 8.305 10.752 11.696 12.401 13.886 14.894 15.513 17.947 19.134 20.426 20.010 18.780 20.044 21.624 20.417 18.988 21.016 20.052 21.727 21.246 21.307 21.318 19.572 19.728 17.413 17.410 19.029 18.922 18.261 20.016 20.656 22.710 23.888 24.848 24.220 24.952 23.304 23.457 21.029 21.157 22.866 21.771 21.070 22.973
26.393 25.594 24.077 22.678 21.281 20.116 19.183 19.068 18.471 17.240 16.201 16.133 13.646 12.714 13.169 11.785 10.081 10.077 10.230 8.543 8.576 6.645 5.971 4.059 3.500 3.151 2.452 0.575 0.000 0.874 2.188 3.054 3.359 4.096 5.473 5.458 5.907 7.693 10.417 11.009 11.939 13.832 14.878 15.361 17.840 18.641 19.592 19.747 18.691 19.299 20.953 20.238 18.905 20.665 19.662 21.421 20.929 20.915 21.105 19.383 19.578 17.163 17.303 18.943 18.872 18.189 20.274 20.822 22.836 24.029 25.048 24.178 25.035 23.320 23.571 21.252 21.129 22.709 21.817 21.110 23.071
26.927 25.956 24.660 23.200 21.811 20.965 19.312 19.370 18.887 17.154 16.556 16.584 14.256 12.659 12.974 11.880 10.084 9.783 9.927 8.581 8.836 7.264 6.586 5.840 3.343 3.195 3.217 2.098 0.559 0.000 1.065 2.067 3.068 3.006 3.767 5.068 5.834 7.087 9.959 10.717 11.796 13.541 14.539 15.324 17.508 18.348 19.785 19.599 18.749 19.651 20.994 19.963 19.026 20.564 19.521 21.193 20.652 20.632 21.001 19.095 19.606 17.304 17.438 19.039 18.782 18.365 20.162 20.817 22.757 23.974 24.974 24.053 24.828 22.990 23.274 21.122 21.057 22.782 21.920 20.859 23.066
26.470 25.681 24.022 22.835 21.455 20.324 19.181 19.033 18.408 17.075 16.636 16.232 13.855 12.772 13.212 12.307 10.318 10.319 10.816 9.485 9.523 8.854 7.971 6.110 5.708 4.401 3.438 2.835 1.902 0.539 0.000 0.894 1.890 2.564 2.612 3.566 4.210 6.137 8.889 10.083 11.103 13.185 14.292 15.017 17.528 18.561 19.874 19.383 18.489 19.392 20.789 19.815 18.576 20.254 19.306 20.997 20.567 20.566 20.729 18.975 19.122 16.930 17.034 18.693 18.532 17.932 19.678 20.509 22.490 23.534 24.849 24.049 24.850 23.137 23.156 21.070 20.934 22.581 21.674 20.901 22.670
26.727 25.925 24.253 23.180 21.498 20.566 19.337 19.242 18.945 17.572 16.678 16.686 14.054 13.280 13.740 12.855 11.087 11.271 11.936 10.322 10.750 9.732 8.587 7.569 5.949 6.096 4.126 3.070 2.922 1.815 0.577 0.000 0.856 1.964 2.997 3.074 3.929 5.800 8.296 9.464 10.738 12.631 14.047 14.832 17.261 18.335 20.062 19.686 18.095 19.383 21.132 20.054 18.654 20.580 19.586 21.263 20.870 20.766 20.925 18.942 19.478 16.846 16.835 18.582 18.472 17.995 19.778 20.724 22.726 24.070 25.035 24.193 24.898 23.348 23.522 21.450 21.159 22.776 21.868 21.023 22.844
26.472 25.747 24.336 22.847 21.567 20.664 19.593 19.527 18.727 17.341 16.875 16.727 13.956 13.458 14.221 13.116 11.097 11.597 12.256 10.945 11.674 10.576 10.154 8.826 6.969 6.780 6.017 3.813 3.453 2.952 1.792 0.636 0.000 0.985 1.885 3.070 3.623 5.117 8.198 9.680 10.664 12.933 14.224 14.801 17.378 18.231 19.727 19.578 18.486 19.225 20.777 19.903 18.728 20.514 19.483 21.052 20.476 20.353 20.638 19.043 19.133 16.789 17.517 18.749 18.432 18.284 20.044 20.711 22.499 23.862 25.046 23.910 24.787 22.974 23.414 21.504 21.360 22.578 22.002 21.341 23.043
26.472 25.954 24.459 23.134 21.842 20.926 19.564 19.339 18.846 17.513 17.201 16.376 13.945 13.746 14.061 13.379 11.902 12.464 13.154 12.274 13.077 12.841 11.994 10.456 8.948 7.878 6.921 6.503 4.526 3.983 2.868 2.070 0.606 0.001 0.900 2.091 3.468 4.896 8.193 9.736 10.820 13.074 14.370 15.428 17.759 18.805 20.560 20.212 19.301 20.150 21.675 20.545 19.587 21.218 20.042 21.786 21.001 20.970 21.323 19.179 19.559 17.300 17.854 19.408 19.018 18.855 20.472 21.336 23.174 24.315 25.129 24.482 25.097 23.701 23.883 22.016 21.735 23.151 22.521 21.598 23.471
26.515 26.026 24.420 23.098 21.614 20.326 19.159 19.068 18.624 17.310 16.910 16.777 14.415 13.742 14.303 13.740 12.488 12.841 13.438 12.645 13.038 13.062 12.159 10.773 9.746 9.121 7.509 6.633 6.191 4.350 3.404 3.258 1.856 0.624 0.000 1.014 2.076 3.953 7.244 8.939 10.174 12.434 14.123 14.893 17.653 18.644 20.275 19.924 18.917 19.647 21.453 20.396 19.044 20.917 19.750 21.507 20.883 20.603 20.613 18.693 18.993 16.777 17.360 18.905 18.593 18.450 20.232 21.180 23.021 24.284 25.290 24.262 25.185 23.419 23.722 21.802 21.468 23.219 22.458 21.533 23.272
26.628 25.931 24.446 23.258 21.690 20.467 19.396 19.311 18.739 17.703 17.283 17.132 15.217 14.493 15.320 14.595 13.568 13.906 14.334 13.558 13.781 13.753 13.146 11.869 10.930 10.445 8.838 7.208 6.800 5.640 3.385 3.281 3.116 2.044 0.719 0.001 0.844 2.569 5.386 7.666 8.968 11.731 13.487 14.642 17.250 18.579 20.111 20.234 18.993 19.739 21.485 20.469 18.945 20.684 19.866 21.271 20.625 20.465 20.435 18.353 18.943 16.459 16.634 18.578 18.519 18.108 19.998 21.046 22.925 24.320 25.196 24.352 25.267 23.540 23.687 22.004 21.652 23.136 22.602 21.730 23.447
26.446 25.941 24.384 23.226 21.632 20.474 19.568 19.092 18.509 17.578 17.341 17.196 15.364 14.805 15.819 14.986 13.993 14.897 15.720 15.056 15.628 15.246 14.590 13.213 12.202 12.065 10.323 8.730 7.275 7.067 5.277 3.611 3.609 3.143 2.305 0.949 0.000 1.556 4.106 6.283 8.220 10.813 12.866 13.729 16.221 17.739 19.253 19.579 18.638 18.850 20.692 19.967 18.540 20.128 19.512 20.648 20.188 19.936 19.824 18.164 18.673 16.042 16.974 18.421 18.217 18.103 19.892 20.821 22.736 23.890 25.069 24.223 25.145 23.459 23.795 21.964 21.606 23.021 22.507 21.843 23.467
27.279 26.741 25.322 24.442 22.849 21.903 20.891 19.920 19.451 18.141 18.715 18.373 16.682 17.106 18.676 18.262 17.522 19.629 21.069 21.000 22.097 22.013 21.561 20.738 19.072 18.359 17.161 15.877 12.889 12.198 11.549 9.555 7.241 6.481 6.256 3.540 1.420 0.001 1.828 4.688 7.612 10.055 12.095 13.321 15.820 18.212 20.207 20.172 19.223 19.721 21.930 20.895 19.223 21.211 20.409 21.878 21.299 20.830 20.844 18.653 19.262 17.219 17.353 19.687 19.411 19.452 21.107 22.471 24.344 25.440 26.529 25.870 26.622 25.351 25.618 23.989 23.446 24.547 23.844 23.007 24.459
27.874 27.494 26.259 25.905 24.450 23.720 22.971 21.890 21.471 20.081 20.417 20.897 19.203 18.815 20.662 20.632 19.682 21.153 22.711 22.655 23.558 23.516 23.346 22.576 21.270 19.744 18.865 17.658 15.544 13.347 12.259 10.738 8.804 7.103 6.417 6.114 3.983 1.917 0.000 1.585 4.253 7.736 9.428 11.340 14.368 17.129 18.931 18.853 18.093 18.803 20.912 20.146 18.478 20.495 19.653 21.136 20.469 19.987 19.904 17.967 18.631 16.887 17.043 18.917 19.245 19.571 21.283 22.710 24.531 25.514 26.403 26.202 26.654 25.920 25.810 24.276 23.734 24.707 23.955 23.016 24.310
27.422 26.934 25.480 25.008 23.219 22.292 21.338 20.782 20.725 18.841 18.763 19.347 18.142 17.000 18.417 19.074 18.213 19.307 21.462 21.874 23.018 23.350 23.529 23.210 22.029 20.063 19.373 18.954 16.972 14.580 14.025 13.441 10.919 8.863 8.895 9.233 6.744 3.808 1.213 0.000 1.685 4.534 5.914 8.116 11.383 13.787 15.261 15.057 14.097 15.356 17.222 16.313 15.576 17.359 16.697 18.898 18.400 18.720 19.086 17.213 17.776 15.330 15.132 17.192 17.321 16.719 18.613 19.913 22.230 23.309 24.739 24.241 24.980 23.553 23.534 21.674 20.861 21.775 20.894 19.902 21.573
27.383 26.803 25.420 25.013 23.294 22.863 21.613 21.182 21.325 19.562 19.256 20.220 19.710 18.066 19.322 20.212 18.945 19.830 22.213 22.417 23.596 23.934 23.734 24.110 23.060 20.972 20.824 20.668 18.852 16.256 16.992 16.220 13.168 11.535 12.914 11.637 7.937 6.727 3.877 1.390 0.000 1.527 3.350 5.501 7.334 9.509 11.300 11.680 11.241 12.623 14.878 14.588 14.205 16.234 15.723 17.675 17.545 18.031 18.322 16.975 17.448 15.528 14.855 16.467 17.081 16.439 18.400 19.604 21.837 22.913 24.425 23.701 24.569 23.160 23.183 21.716 20.694 21.350 20.928 20.060 21.583
27.476 26.962 25.683 25.290 23.640 23.227 22.005 21.446 21.507 19.726 19.432 20.010 19.572 17.778 19.123 20.020 18.888 19.672 21.985 22.475 23.742 24.163 24.204 24.569 23.573 20.674 20.717 20.811 18.682 16.250 17.200 16.784 13.249 12.262 13.525 12.197 8.488 7.679 5.465 2.981 1.197 0.000 1.032 3.133 5.585 7.603 9.460 10.418 10.317 12.186 14.443 13.909 13.681 16.231 16.051 17.919 17.387 18.242 18.263 16.712 17.100 15.058 14.578 16.333 16.467 16.180 18.066 19.122 21.688 22.744 24.487 23.963 24.741 23.432 23.300 21.336 20.287 21.156 20.321 19.296 20.924
27.651 27.007 25.827 25.541 23.812 23.276 21.995 21.532 21.374 19.714 19.376 19.742 19.421 17.600 19.178 19.643 18.721 19.547 21.740 22.373 23.483 24.084 23.759 24.143 23.325 20.893 20.743 20.862 18.700 16.240 17.380 17.111 13.836 13.142 14.685 13.511 10.134 9.610 7.151 4.579 2.678 1.027 0.001 1.495 3.719 6.560 8.160 9.590 9.220 11.319 13.625 13.639 13.351 16.244 16.252 17.790 17.705 18.215 18.335 17.090 16.934 15.240 14.690 16.450 16.584 16.264 18.072 19.248 21.632 22.777 24.391 23.826 24.515 23.163 23.164 21.225 20.081 21.016 20.246 19.087 20.828
27.792 27.304 25.877 25.690 24.048 23.345 22.003 21.291 21.183 19.345 19.252 19.880 19.487 18.101 19.547 20.185 19.257 20.344 22.248 22.912 23.943 24.321 24.014 24.232 23.486 21.356 20.954 21.266 19.266 16.853 18.287 18.245 15.282 14.396 16.996 15.804 12.654 12.956 11.024 8.561 5.646 3.643 1.396 0.000 1.888 4.333 6.186 8.457 9.264 10.811 13.546 13.928 14.089 16.722 16.852 18.540 18.499 18.737 18.751 17.029 17.184 15.416 15.224 16.748 16.997 17.181 19.122 20.317 22.790 23.881 25.371 24.757 25.489 24.140 23.929 22.288 21.243 21.923 21.360 20.169 21.772
27.918 27.375 26.018 25.773 24.333 23.690 22.382 21.749 21.631 19.666 19.609 20.137 19.046 18.032 19.298 20.052 18.827 19.749 22.029 22.478 23.661 23.961 23.783 24.117 23.000 20.852 20.582 20.916 18.973 16.517 18.501 18.398 15.462 15.186 17.431 16.504 13.996 14.474 12.414 9.876 6.931 6.442 3.856 1.527 0.000 1.916 3.898 6.878 7.404 8.961 11.507 12.152 12.577 15.691 16.476 18.399 18.602 19.144 19.491 17.785 18.344 16.353 15.519 17.848 17.962 17.434 19.545 20.619 22.937 23.823 25.353 24.686 25.302 23.843 23.659 21.808 20.862 21.711 21.075 20.055 21.613
28.294 28.039 27.106 27.078 26.191 25.916 24.928 24.373 24.353 22.201 22.597 23.080 22.076 20.838 21.891 22.345 20.853 21.535 23.239 23.545 24.235 24.554 24.076 24.743 23.747 22.055 21.096 22.337 20.508 18.052 19.552 20.372 18.305 16.988 19.594 19.225 17.221 16.871 14.679 12.706 10.330 8.295 6.689 4.215 1.697 0.001 1.828 4.732 7.271 7.368 9.308 11.525 13.397 15.689 17.674 19.248 20.222 20.787 21.791 20.925 21.755 20.069 19.475 21.531 21.934 21.342 22.475 23.037 25.001 25.189 26.570 26.080 26.394 25.387 25.215 23.588 22.836 23.379 22.548 21.640 22.722
27.639 27.342 26.434 26.239 25.229 24.767 23.816 23.462 23.434 21.707 21.462 21.910 20.686 19.203 20.183 20.726 19.010 19.782 21.707 22.077 22.979 23.216 23.446 24.012 22.593 20.620 20.438 21.284 19.372 17.285 18.921 19.787 17.655 17.012 19.466 19.468 17.643 17.525 15.944 14.393 11.799 10.378 8.548 6.608 3.968 1.148 0.000 1.686 3.060 5.674 6.708 7.242 9.838 12.472 14.627 16.929 17.953 19.242 20.424 19.954 20.947 19.033 17.723 20.089 20.339 19.520 20.465 20.821 22.991 23.274 24.836 24.231 24.859 23.369 23.196 21.273 20.331 21.162 20.369 19.523 20.818
27.860 27.364 26.290 26.126 24.850 24.406 23.275 23.144 23.134 21.356 20.909 21.376 20.270 18.616 19.572 20.044 18.612 19.078 21.037 21.451 22.394 23.009 23.114 23.649 22.662 20.482 20.648 21.460 19.732 17.935 19.668 20.614 18.737 18.036 20.508 20.719 19.062 18.794 17.296 16.054 13.325 12.289 9.994 8.012 5.548 3.203 0.939 0.002 1.430 3.162 5.197 5.911 7.832 10.626 12.937 15.090 16.666 17.943 19.283 19.411 20.222 18.979 17.354 19.032 19.664 18.536 19.452 20.146 22.048 22.430 24.092 23.432 24.268 22.688 22.545 20.661 19.711 20.681 20.048 19.039 20.409
27.981 27.595 26.713 26.420 25.265 25.022 23.688 23.777 23.505 21.865 21.569 21.978 21.132 19.642 20.473 20.770 19.166 19.791 21.741 22.101 22.633 23.157 22.895 23.506 22.761 20.932 20.737 21.752 20.335 18.556 20.267 21.064 19.137 18.337 21.020 21.008 19.476 19.476 18.209 17.238 14.501 13.890 11.154 9.204 7.748 5.408 3.145 1.197 0.001 1.642 3.587 5.584 6.805 9.295 12.178 13.799 15.576 17.110 18.356 18.728 19.553 18.647 17.269 18.881 19.606 19.152 19.966 20.720 22.550 23.023 24.635 24.127 24.912 23.536 23.360 21.467 20.734 21.600 20.667 19.660 21.047
27.800 27.413 26.363 26.047 24.867 24.512 23.221 23.109 23.015 21.361 20.833 21.337 20.387 19.111 19.698 20.289 18.828 19.508 21.280 21.676 22.722 23.022 22.966 23.501 22.384 20.679 20.459 21.469 19.807 18.264 19.793 20.546 18.779 18.093 20.957 20.953 19.226 19.664 17.972 16.853 14.084 13.304 11.062 9.484 8.064 6.477 5.519 3.268 0.951 0.000 1.375 2.796 5.501 7.281 10.167 11.805 13.909 15.814 17.558 17.453 19.128 17.649 16.136 18.009 18.846 18.279 19.235 19.953 22.065 22.520 24.307 23.968 24.728 23.258 23.113 21.241 20.039 21.081 20.178 19.393 20.493
27.638 27.033 25.867 25.638 24.196 24.013 22.828 22.543 22.892 20.947 20.280 21.066 19.965 18.468 19.283 20.099 18.608 19.113 21.357 21.850 22.665 23.216 23.437 23.989 22.768 20.711 20.965 21.812 19.739 18.110 20.010 20.821 18.251 18.249 20.923 20.774 18.655 19.383 17.866 16.656 13.674 13.317 10.993 9.641 8.797 6.735 6.013 5.504 2.994 1.000 0.000 1.196 3.067 5.903 7.613 9.866 11.974 14.161 15.902 16.132 17.454 16.370 14.383 16.612 17.279 16.593 17.785 18.584 20.886 21.599 23.407 23.000 23.939 22.204 22.490 20.264 19.137 20.391 19.590 18.373 20.022
27.685 26.980 25.876 25.701 24.044 24.178 22.811 22.612 22.990 21.084 20.249 20.968 20.068 18.473 19.512 20.319 19.066 19.237 21.796 22.461 23.091 23.868 23.820 24.500 23.649 21.300 21.619 22.672 20.485 18.933 21.113 21.741 19.444 19.469 21.963 21.558 19.616 20.385 18.815 17.376 15.155 14.454 11.843 10.887 10.850 9.123 7.006 6.525 5.120 3.042 1.098 0.000 1.647 4.283 5.785 7.910 10.002 11.970 13.991 14.542 16.235 15.574 13.811 15.300 16.672 15.798 17.090 18.302 20.505 21.205 23.488 23.097 24.233 22.698 22.825 20.934 19.512 20.641 19.741 18.369 19.977
27.332 26.773 25.734 25.532 23.864 23.939 22.484 22.564 22.665 21.095 20.436 21.165 20.418 19.166 19.820 20.528 19.074 19.461 21.703 22.147 22.750 23.417 23.419 23.957 22.974 21.162 21.214 22.205 20.122 19.081 20.885 21.483 19.022 19.325 21.617 21.232 18.969 20.143 18.750 17.084 14.645 14.271 12.360 11.853 12.342 11.094 9.851 7.598 6.390 5.950 3.745 1.290 0.002 1.821 4.068 6.097 8.251 10.121 11.887 12.812 14.554 14.112 12.529 14.200 16.055 15.225 16.897 18.374 20.720 21.460 23.521 23.167 24.291 22.588 22.682 20.871 19.610 20.420 19.675 18.215 19.989
27.320 26.682 25.292 25.297 23.748 23.537 22.447 22.106 22.548 20.769 19.710 20.805 20.056 18.504 19.264 20.251 19.136 19.260 21.504 22.164 22.954 23.589 23.609 24.199 23.171 20.912 21.317 22.355 20.264 18.855 20.929 21.766 19.346 19.649 22.181 21.828 19.755 21.212 19.633 18.221 15.855 15.575 12.837 12.718 13.393 12.570 11.460 9.309 7.342 6.969 5.925 3.549 1.252 0.001 1.483 3.830 6.932 8.486 10.865 11.777 13.802 13.780 12.015 13.524 14.970 14.657 16.171 17.916 20.215 21.435 23.728 23.226 24.349 22.844 22.818 20.799 19.448 20.340 19.586 18.362 19.776
27.616 26.951 25.948 25.843 24.460 24.473 23.280 23.311 23.487 22.049 21.091 22.081 21.868 20.264 20.917 21.435 20.740 20.802 22.764 23.471 24.056 24.655 24.549 25.058 24.334 22.485 22.917 23.560 21.734 20.574 22.497 23.103 21.194 21.450 23.559 23.208 21.374 22.156 20.895 19.503 17.161 17.058 14.529 14.688 15.635 14.500 13.184 10.916 9.573 8.460 6.638 5.187 3.402 1.265 0.001 2.022 4.402 6.872 9.174 11.129 13.253 14.036 12.060 13.478 15.583 15.436 16.622 18.442 20.707 21.574 23.909 23.689 24.620 23.311 23.122 21.595 20.387 20.563 19.884 18.777 19.870
27.523 26.690 25.566 25.366 23.926 23.910 23.094 22.894 23.509 21.944 21.255 22.253 21.891 20.670 21.145 22.034 21.368 21.611 23.086 23.887 24.618 25.081 25.163 25.621 25.029 23.536 23.894 24.633 22.982 21.759 23.763 23.965 22.162 22.279 24.299 23.622 21.602 22.697 21.351 19.688 17.560 17.502 15.864 16.492 18.136 17.942 17.590 15.046 12.903 12.634 10.933 8.620 6.313 4.300 1.727 0.001 2.043 4.421 7.292 9.165 10.948 12.609 10.842 11.922 14.407 14.587 16.023 17.959 19.980 21.367 23.619 23.136 24.398 23.019 22.931 21.187 19.770 20.379 19.824 18.619 19.742
27.695 27.134 26.034 26.162 24.832 24.936 24.252 23.922 24.826 23.508 22.992 24.123 24.152 23.213 23.655 24.396 23.679 23.505 24.978 25.639 25.915 26.430 26.335 27.019 26.574 25.197 25.600 26.056 24.933 23.813 25.204 25.408 23.764 23.422 25.216 24.677 22.480 23.375 21.794 20.583 18.708 19.731 18.366 19.183 20.857 20.746 20.011 18.408 16.358 14.868 13.460 11.226 8.736 6.328 4.139 1.789 0.001 2.003 4.388 7.197 9.333 11.962 10.882 11.840 15.075 15.662 17.213 19.117 20.906 21.713 24.088 23.775 25.060 23.994 23.955 22.455 21.028 21.802 21.071 19.704 20.052
26.997 26.291 25.217 25.164 23.767 23.734 23.231 23.045 23.761 22.649 22.009 23.004 22.968 21.991 22.483 23.480 23.004 23.087 24.575 25.352 25.899 26.308 26.345 26.928 26.177 24.863 25.371 25.838 24.335 23.280 24.740 24.839 23.084 22.993 24.745 23.832 21.740 22.729 21.509 19.866 18.441 19.453 18.658 19.720 21.767 21.655 21.548 20.088 18.172 17.068 15.968 13.910 10.679 8.495 6.536 4.048 1.627 0.002 2.125 4.701 7.543 10.045 9.625 10.950 13.487 14.644 16.261 18.111 20.065 21.434 23.280 23.031 24.362 23.316 23.509 22.077 20.402 21.151 21.008 19.487 20.147
27.674 27.066 25.729 25.732 24.251 23.853 22.896 22.684 23.242 21.816 21.615 22.485 22.133 21.294 22.340 23.227 22.627 23.201 24.715 25.416 26.207 26.473 26.468 26.704 26.007 24.656 25.053 25.180 23.374 22.254 23.763 23.722 21.176 21.541 23.395 22.411 20.158 21.660 20.289 18.617 16.973 18.100 17.485 18.804 21.262 21.826 21.975 20.973 18.777 17.687 17.839 15.856 12.909 11.204 9.429 6.501 4.252 1.924 0.001 1.867 3.955 6.747 8.214 10.093 12.288 14.142 16.347 18.315 21.122 22.758 24.656 24.242 25.399 24.269 24.701 23.068 21.660 22.718 22.132 20.572 21.398
26.721 25.957 24.656 24.260 22.625 22.633 21.504 21.487 21.855 20.564 19.638 20.561 20.402 19.089 20.109 21.394 20.893 21.368 23.226 24.136 25.314 25.464 25.420 25.744 24.864 23.080 23.652 23.878 21.586 20.353 22.295 22.272 19.757 20.022 22.277 21.270 19.273 20.659 19.692 18.059 16.131 17.120 16.463 18.039 20.214 20.531 21.039 20.007 18.047 17.804 17.834 16.323 13.412 13.117 10.788 8.380 6.373 3.789 1.280 0.000 0.932 2.706 5.124 6.749 8.077 10.439 12.838 14.735 17.480 19.504 21.258 20.874 22.304 21.280 21.946 20.628 18.664 20.391 20.401 18.909 20.158
26.703 25.864 24.386 24.117 22.118 22.164 21.051 20.868 21.570 19.632 19.048 19.953 19.234 18.243 19.287 20.313 19.670 20.189 22.013 22.845 24.223 24.360 24.712 24.828 23.571 21.670 22.611 22.720 20.195 19.132 21.292 21.292 18.781 19.345 21.494 20.686 18.859 20.042 18.916 17.780 15.452 16.405 15.396 16.824 19.318 19.805 20.200 19.036 17.065 17.373 17.763 16.065 13.468 13.472 11.113 9.620 7.445 4.778 2.643 0.920 0.000 1.270 3.166 5.508 6.560 7.850 10.554 12.549 15.263 16.968 18.974 18.297 20.018 18.815 19.702 18.182 16.360 18.217 18.271 17.197 18.903
26.606 25.449 24.226 23.944 22.135 22.235 21.054 20.922 21.376 19.756 18.821 19.814 19.207 17.652 18.946 20.053 19.192 19.761 21.638 22.475 23.673 24.060 24.094 24.239 23.223 21.380 22.091 22.314 19.974 18.869 21.151 21.349 18.945 19.203 21.554 20.761 19.123 20.133 19.052 17.702 15.546 16.174 15.136 16.528 18.419 19.049 19.529 18.601 16.771 16.864 17.534 15.734 14.150 14.054 12.197 11.665 9.627 7.511 5.379 2.790 0.827 0.000 1.347 3.137 5.394 6.414 8.498 10.526 13.398 15.626 17.474 16.835 18.797 17.848 18.754 17.392 15.262 17.144 17.658 16.610 18.195
26.158 25.005 23.684 23.565 21.724 21.673 20.702 20.635 21.323 19.836 18.986 19.808 19.558 18.568 19.274 20.193 19.845 20.247 21.833 22.523 23.779 24.162 24.034 24.302 23.192 21.530 22.154 22.512 20.110 19.069 21.189 21.110 18.734 19.060 21.359 20.426 18.523 19.736 18.526 16.922 14.646 15.397 14.474 15.833 17.943 18.811 19.248 18.436 16.230 16.482 17.451 15.599 13.440 14.142 11.987 12.294 10.249 9.144 7.183 4.423 3.161 0.882 0.001 1.496 4.227 5.127 6.915 8.897 11.291 13.555 15.180 15.231 17.631 17.148 18.640 17.062 15.060 17.044 17.278 16.423 18.059
26.091 25.065 23.326 23.299 21.461 21.570 20.640 20.465 21.211 20.004 19.154 20.172 19.411 18.537 19.235 20.495 19.810 20.156 22.115 22.929 24.229 24.514 24.742 24.846 23.724 21.774 22.607 22.746 20.240 18.985 21.278 21.275 18.603 18.859 21.308 20.561 18.439 19.708 18.541 17.182 14.970 15.586 14.715 16.216 18.228 19.167 19.884 19.097 17.231 17.571 18.377 16.696 14.674 15.428 13.451 13.590 11.895 10.237 8.589 6.238 5.456 3.688 0.900 0.000 1.115 3.389 6.037 8.051 10.031 12.755 14.947 14.706 16.949 16.480 18.058 16.627 14.511 16.521 17.213 16.232 17.893
26.183 25.108 23.093 23.359 21.433 21.664 20.679 20.620 21.533 20.175 18.826 19.974 19.616 18.144 19.289 20.413 19.889 20.148 21.990 22.942 24.308 24.757 24.811 25.097 24.054 21.914 22.878 23.096 20.649 19.418 21.708 21.766 19.111 19.763 22.055 21.138 19.032 20.627 19.557 17.876 15.773 16.791 15.597 17.232 19.644 20.409 20.725 19.665 18.168 18.473 18.936 17.345 14.853 15.828 13.876 14.241 12.447 10.651 8.963 6.886 5.862 5.832 2.969 1.006 0.000 1.256 3.921 6.050 7.479 9.706 12.037 11.784 14.471 14.133 15.749 14.791 12.416 14.711 15.943 15.251 16.916
26.087 24.766 22.874 22.770 21.112 21.096 20.185 20.393 20.940 19.931 18.899 19.638 19.117 18.852 19.248 19.988 20.008 20.100 21.922 22.617 24.179 24.662 24.618 25.089 23.890 22.204 23.172 23.239 20.981 20.037 22.169 22.112 19.900 20.321 22.523 21.572 19.447 21.108 20.159 18.342 16.620 17.146 16.078 17.872 19.870 20.597 21.085 20.121 18.669 18.880 19.647 18.047 16.119 16.875 14.584 15.275 13.399 12.369 10.978 8.816 6.894 5.996 5.153 3.148 1.145 0.001 1.588 3.799 5.758 6.970 9.322 9.717 12.649 12.454 14.695 13.724 11.681 13.699 15.203 14.813 16.091
25.916 24.815 23.172 22.992 20.984 21.506 20.270 20.543 20.859 20.082 18.901 19.619 19.373 18.546 19.544 20.690 20.437 20.804 22.522 23.707 24.797 25.414 25.590 26.021 25.032 23.188 24.146 24.235 21.964 20.950 23.155 23.117 20.576 21.302 23.421 22.537 20.468 22.296 21.299 19.712 17.675 18.665 17.438 19.172 21.409 22.450 22.906 21.616 20.029 20.548 21.033 19.279 17.150 17.652 16.142 16.622 15.093 14.744 13.740 11.869 10.061 8.047 7.213 6.393 3.657 1.218 0.001 1.523 3.680 5.294 6.824 7.867 10.381 10.771 13.119 12.618 11.023 13.251 15.021 14.823 15.969
26.097 24.812 23.393 23.464 21.678 22.133 20.988 21.249 21.858 20.783 19.527 20.815 20.904 19.400 20.059 21.572 21.209 21.168 22.908 23.880 24.721 25.408 25.489 25.991 25.164 23.247 24.093 24.558 22.183 21.116 23.331 23.533 21.181 21.456 23.799 22.965 20.967 22.525 21.608 19.920 17.943 18.861 17.854 19.670 21.667 22.332 22.766 21.734 20.286 20.624 21.104 19.290 17.439 17.934 16.235 16.825 15.211 15.101 14.076 12.350 10.888 9.586 7.749 6.694 5.528 3.544 1.384 0.001 1.562 3.324 4.529 6.436 8.844 10.227 12.242 12.210 10.780 12.854 14.321 14.636 15.534
26.188 24.801 23.088 23.190 21.490 21.547 20.725 21.070 21.338 20.135 19.144 20.155 19.771 18.695 19.496 20.775 20.259 20.594 22.241 23.093 24.153 24.767 25.098 25.492 24.359 22.558 23.518 23.856 21.664 20.653 22.944 23.020 20.753 21.489 23.387 22.691 21.211 22.659 21.614 20.196 18.285 19.111 17.931 19.703 21.902 22.507 22.739 21.357 19.922 20.777 21.001 19.136 17.384 18.375 16.646 17.638 16.265 16.545 15.412 13.973 12.644 10.721 9.399 8.078 6.831 5.028 3.167 1.318 0.001 1.291 2.587 4.367 6.174 7.384 9.476 10.311 9.454 10.924 12.981 13.692 14.898
25.585 24.468 23.184 23.308 22.038 21.989 21.448 21.892 22.579 21.500 20.343 21.323 21.251 20.128 20.787 21.891 21.730 21.649 23.157 23.958 24.656 25.163 25.516 26.035 25.014 23.389 24.320 24.620 22.590 21.559 24.029 23.964 22.044 22.612 24.676 23.751 22.428 23.484 22.483 21.212 19.176 20.101 18.774 20.213 22.348 22.837 23.156 21.574 20.279 21.112 21.548 19.717 18.094 19.149 17.240 18.176 16.932 17.530 16.505 15.569 13.991 12.826 10.876 9.948 8.004 6.326 4.581 2.826 0.946 0.002 0.959 3.082 4.840 6.913 9.482 11.067 9.932 11.567 14.341 15.050 16.121
26.182 25.370 23.692 23.820 22.150 22.378 21.755 22.379 22.966 21.899 20.932 21.554 21.512 20.135 20.910 21.881 21.629 21.467 22.894 23.705 24.396 24.971 25.327 26.004 24.988 23.366 24.171 24.704 22.886 22.017 24.154 24.193 22.502 23.202 24.901 24.100 23.070 24.059 23.390 22.422 20.206 20.878 19.587 21.108 22.859 23.219 23.400 21.768 20.505 21.166 21.612 19.775 18.366 19.335 17.683 18.802 17.627 18.465 17.648 17.063 16.309 14.859 12.574 12.221 10.744 8.548 6.389 4.566 2.646 0.858 0.003 1.470 3.218 5.323 7.762 9.844 9.152 11.128 13.257 14.458 15.554
26.242 25.359 24.078 24.378 22.935 23.670 22.916 23.539 24.148 23.173 21.929 22.746 22.763 21.927 21.777 22.974 22.760 22.450 23.524 24.440 24.787 25.479 25.718 26.375 25.642 24.149 25.304 25.729 24.069 23.656 25.351 25.684 24.122 24.813 26.270 25.771 24.973 25.750 25.205 24.405 23.206 23.346 22.446 23.245 24.626 24.803 24.731 23.359 22.473 23.039 23.158 21.337 20.827 20.961 20.116 20.687 20.222 20.931 20.702 20.921 20.235 19.228 17.392 16.089 14.959 12.759 9.791 7.864 4.864 2.779 0.977 0.001 1.621 3.854 6.662 9.510 8.925 11.042 13.673 14.979 16.121
26.297 25.477 24.063 24.021 22.599 22.693 21.954 22.436 23.221 21.927 20.853 21.206 20.922 19.652 20.125 21.058 20.640 20.373 22.021 22.874 23.634 24.181 24.577 25.358 24.005 22.755 23.527 23.935 21.965 21.562 23.870 24.028 22.243 23.459 25.191 24.726 23.945 24.798 24.304 23.596 21.444 21.763 20.262 21.601 23.227 23.478 23.672 22.089 21.075 21.993 22.205 20.364 19.641 20.000 19.269 20.357 19.609 20.746 20.445 20.363 19.841 18.409 16.433 16.195 14.716 12.429 10.553 8.252 5.572 5.306 3.158 1.219 0.001 1.400 3.113 4.750 6.087 8.488 10.331 12.118 13.608
26.498 25.727 24.643 24.625 23.281 23.596 22.826 23.658 23.813 22.685 21.216 21.668 21.479 20.019 20.155 21.182 20.730 20.196 21.630 22.755 23.408 24.195 24.235 24.935 23.768 22.210 23.219 23.935 21.954 21.252 23.494 24.062 22.446 23.392 25.318 24.998 24.388 25.165 24.765 23.921 22.107 22.337 20.791 21.775 23.455 23.694 23.689 21.999 21.092 22.113 22.234 20.195 19.807 20.323 19.544 20.723 20.563 21.552 21.788 21.314 21.174 19.503 17.706 17.714 15.941 13.328 12.213 9.785 8.057 7.042 5.030 2.898 0.942 0.001 0.958 2.474 4.527 6.257 8.255 10.111 12.186
26.497 25.878 24.905 24.566 23.268 23.336 22.405 23.006 23.461 21.996 20.875 21.378 20.653 19.359 19.777 20.540 19.901 19.430 21.091 21.803 22.792 23.547 23.724 24.627 23.136 21.382 22.370 23.169 21.201 20.358 23.044 23.521 21.540 22.577 25.026 24.594 23.766 24.916 24.352 23.681 21.690 21.783 19.922 21.168 22.865 23.049 23.081 21.199 20.463 21.553 21.830 19.749 19.221 19.887 19.214 20.655 20.492 21.680 21.979 21.704 21.544 19.794 17.558 18.262 16.940 14.220 13.615 10.801 9.691 9.077 6.976 4.522 2.467 0.829 0.000 1.227 3.494 5.432 6.347 8.117 10.310
27.103 26.396 25.250 25.093 23.292 23.561 22.466 22.958 23.230 21.972 20.715 20.817 20.683 19.068 19.424 20.036 19.694 19.498 20.910 21.502 22.579 23.463 23.731 24.408 23.162 21.322 22.468 23.194 21.302 20.532 22.941 23.440 21.533 22.549 24.874 24.556 23.450 24.798 24.038 23.113 21.264 21.551 19.132 20.774 22.462 22.731 22.960 21.161 20.211 21.375 21.801 19.685 18.811 19.797 18.727 20.262 20.117 21.233 21.778 21.119 20.897 19.205 17.164 17.938 16.307 13.431 12.915 10.573 10.768 10.406 9.726 6.894 4.374 2.685 0.954 0.000 1.329 3.692 5.457 6.578 8.698
26.468 25.743 24.896 24.614 23.140 23.204 22.146 22.890 23.076 21.825 20.304 20.826 20.706 19.140 19.424 20.101 19.877 19.491 20.930 21.844 22.772 23.849 24.053 24.726 23.782 21.823 22.990 23.887 21.789 21.089 23.609 24.043 21.843 22.758 25.233 24.792 23.374 24.886 24.085 23.160 21.372 21.649 19.739 20.924 22.545 22.699 22.813 21.155 20.310 21.348 21.624 19.577 18.832 19.599 18.587 20.289 20.123 21.173 21.565 20.983 20.842 19.212 17.218 17.795 16.388 13.627 12.882 10.689 11.326 11.104 11.182 8.834 7.778 4.673 3.207 0.948 0.000 1.528 3.616 5.372 6.624
26.841 26.097 24.895 24.650 23.289 23.336 22.357 22.959 23.413 21.865 20.712 20.818 20.451 18.921 18.949 19.867 19.110 18.991 20.677 21.281 22.536 23.235 23.708 24.258 23.229 21.353 22.369 23.152 21.610 20.736 22.876 23.366 22.278 22.599 24.827 24.515 23.977 24.732 24.058 23.218 21.297 21.226 19.211 20.645 22.172 22.496 22.614 20.757 20.050 21.105 21.504 19.021 18.737 19.404 18.643 20.386 20.147 21.309 21.773 21.386 21.213 19.346 17.286 18.082 16.645 13.759 13.332 11.188 11.992 11.525 11.835 9.435 8.092 5.855 5.361 3.573 1.070 0.001 1.461 4.213 5.948
27.208 26.606 25.212 25.141 23.563 23.955 22.734 23.574 23.915 22.355 20.929 21.382 20.912 19.306 19.438 20.090 19.472 19.296 20.576 21.189 22.373 23.161 23.530 24.183 22.958 21.155 22.430 23.079 21.320 20.692 23.227 23.680 22.297 22.881 25.215 25.036 24.126 25.153 24.418 23.568 21.890 21.719 19.461 20.973 22.297 22.448 22.705 20.764 20.292 21.127 21.609 19.116 18.844 19.523 18.965 20.607 20.522 21.615 22.353 22.082 21.992 20.371 17.871 18.706 17.591 14.570 13.968 12.010 12.207 11.957 12.065 9.825 8.508 6.907 5.706 5.634 3.502 0.993 0.001 1.509 4.281
27.336 26.473 25.899 25.441 23.857 24.237 23.073 23.692 23.790 22.632 21.188 21.668 21.427 19.851 19.813 20.410 19.680 19.793 20.901 21.523 22.695 23.561 24.014 24.451 23.472 21.693 22.988 23.506 21.871 21.132 23.576 24.084 22.748 23.373 25.089 25.140 24.096 25.043 24.519 23.531 22.052 21.963 19.983 21.349 22.718 23.118 23.084 21.124 20.663 21.842 21.813 19.440 19.349 19.809 19.016 20.797 20.669 21.710 22.257 21.773 21.692 20.359 18.340 18.898 17.743 15.209 15.091 13.488 14.656 14.958 15.759 13.379 12.590 9.940 7.858 6.441 6.148 4.304 1.099 0.000 1.531
27.185 26.514 25.719 25.345 23.878 24.099 23.185 23.705 23.707 22.455 21.089 21.766 20.855 19.448 19.658 20.494 19.370 19.485 21.295 21.790 23.074 23.731 24.124 24.536 23.616 22.156 23.204 23.700 22.248 21.497 24.070 24.140 22.941 23.704 25.384 25.133 24.392 25.289 24.614 23.665 21.890 21.752 19.843 21.230 22.540 22.613 22.743 21.244 20.160 20.916 21.676 19.187 19.152 19.709 19.177 20.780 20.661 21.780 22.405 21.713 21.670 19.917 18.100 19.237 17.850 15.406 15.636 14.479 15.686 16.256 17.716 16.001 15.793 12.755 11.451 7.847 7.409 6.425 3.247 1.193 0.006
