0.001 1.557 3.301 5.038 6.621 9.460 10.867 13.544 15.869 16.828 19.091 20.813 21.088 21.839 20.379 19.396 17.582 16.955 18.271 18.001 16.189 17.168 19.262 18.679 17.247 20.305 21.586 20.532 20.756 23.495 24.099 23.491 24.361 25.593 24.888 25.780 25.197 25.649 24.679 23.204 23.228 23.700 22.116 23.502 23.027 21.327 22.316 23.642 23.687 23.279 24.633 25.017 24.717 23.851 22.976 22.106 20.831 22.004 22.423 21.371 21.477 19.487 20.604 20.905 19.103 18.726 20.459 20.674 19.679 20.606 22.566 22.473 22.997 24.424 25.313 24.488 25.481 25.297 24.547 23.134 21.257 20.646 20.905 20.699 20.827
1.057 0.001 1.318 2.817 4.371 6.127 7.927 10.163 12.435 13.242 16.226 18.020 18.778 19.246 18.133 17.381 15.609 15.493 15.841 15.530 13.767 14.318 16.161 16.010 15.132 17.354 19.146 18.673 18.738 21.593 22.538 22.605 23.203 24.309 23.717 24.600 23.893 24.305 23.225 21.322 21.494 21.518 19.519 21.205 21.039 19.128 20.402 21.918 21.922 21.632 23.415 23.885 23.730 22.858 21.842 20.672 19.522 20.715 20.622 19.538 20.297 18.802 20.056 19.252 17.858 17.874 19.437 19.105 18.219 19.946 21.229 21.212 22.139 23.713 24.095 23.440 24.748 24.409 23.659 22.369 20.540 20.394 20.277 19.982 20.617
2.997 1.061 0.000 1.517 3.320 4.775 6.143 8.332 10.519 11.838 14.642 16.832 17.745 18.802 17.247 16.660 15.146 14.703 15.542 15.244 13.783 13.985 15.929 15.786 14.866 17.045 18.830 18.898 18.739 21.503 22.714 22.589 23.042 24.734 23.888 24.956 23.720 24.584 23.175 21.199 21.173 21.404 19.169 21.186 20.614 18.661 19.779 21.651 21.972 21.544 23.511 23.882 23.700 22.841 21.842 20.492 19.135 20.456 20.632 19.091 20.021 18.471 19.645 19.469 17.426 17.494 19.497 18.667 18.119 19.753 21.429 21.384 22.145 23.797 24.283 23.613 24.997 24.685 23.577 22.632 20.533 19.896 20.088 20.095 20.331
4.302 3.089 1.153 0.002 1.535 3.514 4.729 6.774 9.460 10.976 13.734 16.302 17.340 18.364 17.361 16.741 14.971 14.739 15.685 15.529 13.499 14.254 16.145 15.997 14.975 17.343 19.206 19.138 19.283 21.945 22.994 22.899 23.539 24.723 24.157 25.232 24.111 24.929 23.813 21.910 22.081 22.224 20.093 21.865 21.288 19.368 20.474 22.394 22.325 21.691 23.736 24.083 23.874 22.868 21.936 20.658 19.364 20.565 20.626 19.140 20.238 18.139 19.868 19.003 17.322 17.521 19.160 18.531 17.949 19.804 21.380 21.615 21.955 23.863 24.329 23.398 24.688 24.375 23.316 22.017 20.022 19.925 19.943 20.071 19.906
6.038 4.319 3.094 1.315 0.000 1.397 3.375 5.379 7.779 9.766 11.982 14.366 15.690 17.580 16.324 16.095 14.512 14.739 15.229 14.892 13.317 14.048 15.605 15.486 15.044 16.952 18.599 18.617 18.974 21.493 22.479 22.514 23.272 24.380 24.117 24.946 24.086 24.893 23.713 21.777 22.131 22.234 20.121 21.558 21.326 19.551 20.035 21.783 21.943 21.505 23.568 23.922 23.843 23.256 22.199 20.745 19.761 20.787 20.883 19.573 20.545 19.025 20.561 20.285 17.865 18.370 19.979 19.257 18.412 20.446 22.035 21.717 22.197 24.130 24.913 23.633 25.077 24.746 23.630 22.192 20.296 19.775 20.099 19.708 20.189
8.053 6.047 4.555 3.218 1.186 0.001 1.479 3.664 6.196 8.152 10.289 12.802 14.140 16.352 15.523 15.748 14.038 14.557 14.952 14.467 12.974 14.329 15.471 15.398 14.857 16.542 18.281 18.084 18.433 20.964 22.049 21.872 22.741 24.058 23.781 24.849 23.697 24.792 24.080 21.962 22.459 22.638 20.185 22.073 21.640 19.680 20.326 22.446 22.512 21.788 23.807 24.192 23.940 23.295 22.246 21.165 20.004 20.873 20.990 19.461 20.573 19.045 20.585 20.050 17.365 18.128 19.826 19.038 18.041 20.105 21.609 21.313 21.524 23.564 23.884 22.946 24.349 24.016 23.009 21.885 20.127 19.546 20.021 19.486 19.796
9.715 8.243 6.310 4.776 3.582 1.206 0.002 1.913 4.347 6.718 8.358 11.021 12.969 15.249 14.916 15.514 13.869 14.947 15.500 14.945 13.828 14.997 16.445 16.488 16.119 18.071 19.547 19.628 20.151 22.226 23.310 23.318 24.013 24.956 24.567 25.540 24.701 25.418 24.591 23.055 23.458 23.555 21.736 23.096 22.810 20.720 21.519 23.284 23.099 22.463 23.986 24.424 24.203 23.750 22.669 21.616 20.525 21.657 21.911 20.719 21.408 19.216 21.152 21.207 19.073 19.088 21.055 20.439 19.765 21.357 22.896 22.580 22.892 24.620 25.216 24.079 25.121 24.693 23.507 21.980 20.218 19.674 20.149 19.742 19.965
14.175 11.725 9.855 7.523 5.422 3.950 1.489 0.003 1.837 3.995 6.312 7.842 9.917 12.066 12.266 13.535 13.213 14.224 14.757 14.467 14.251 15.415 16.601 17.146 17.462 19.180 20.346 21.101 21.513 23.139 24.499 24.700 25.134 25.941 25.754 26.501 25.573 26.363 25.840 24.480 24.504 24.501 22.629 23.641 23.367 21.676 21.701 23.395 23.170 22.220 23.487 23.941 23.382 23.084 22.006 21.217 20.744 21.359 21.825 21.447 21.710 20.145 21.897 22.078 20.238 20.617 22.490 21.967 21.536 22.974 24.488 24.065 24.317 25.656 26.164 25.109 25.831 25.640 24.672 23.546 21.832 21.401 21.592 21.408 21.498
17.853 15.321 13.320 10.609 8.553 6.502 4.081 1.505 0.001 1.704 4.467 6.237 7.272 9.415 10.433 12.085 12.404 13.887 13.846 12.910 13.516 14.653 15.163 15.862 16.417 17.863 18.814 19.778 20.861 22.081 23.035 23.643 24.285 24.956 24.880 25.662 24.891 25.598 25.035 23.911 24.145 23.731 21.807 22.792 22.937 20.946 20.747 22.781 22.532 21.404 22.801 23.479 23.117 23.068 22.297 21.366 21.070 22.054 22.595 21.876 22.729 21.276 23.122 22.903 20.564 21.551 23.317 22.169 21.394 23.376 24.518 23.869 24.180 25.738 25.777 24.976 25.754 25.520 24.646 23.331 21.807 21.734 22.091 21.596 21.811
19.978 18.484 16.046 13.019 10.671 8.213 5.948 3.864 1.398 0.001 1.730 3.964 5.841 7.519 8.869 11.498 11.964 13.410 13.327 12.530 13.739 14.180 14.974 15.535 16.033 17.340 17.961 19.148 20.217 20.964 22.163 22.476 22.979 23.884 23.660 24.560 23.528 24.826 24.411 22.898 23.485 23.411 21.320 22.416 22.477 20.646 20.476 22.361 22.222 21.144 22.767 23.363 23.145 22.970 22.501 21.233 20.773 22.372 22.499 21.750 23.042 21.733 23.361 22.723 20.527 21.526 22.835 21.710 21.206 22.913 23.872 22.866 23.303 24.938 24.986 24.048 25.144 24.774 23.822 22.704 21.391 21.320 21.857 21.447 22.185
21.005 19.320 17.138 14.791 12.495 9.581 7.778 5.942 4.061 1.070 0.001 1.751 4.831 6.616 8.188 10.558 11.673 13.322 13.014 12.499 13.538 14.831 15.152 15.555 16.522 17.561 18.458 19.439 20.255 21.515 22.458 23.144 23.542 24.352 24.065 25.039 24.036 25.146 24.567 23.045 23.500 23.299 21.294 22.304 22.155 20.306 20.128 22.043 21.939 20.998 22.526 23.176 23.188 22.791 22.382 21.247 21.041 22.415 22.612 21.698 22.930 21.790 23.290 22.731 20.551 21.384 22.941 21.595 21.139 23.057 24.077 23.221 23.819 25.265 25.175 24.449 25.185 25.051 24.217 23.298 21.616 21.815 22.152 21.738 22.461
23.701 22.361 19.988 18.075 15.663 13.163 10.627 8.120 5.673 3.620 1.095 0.000 1.244 3.604 5.852 8.774 10.662 12.189 11.394 11.269 13.485 14.474 14.288 15.728 16.801 17.512 18.332 19.901 20.370 21.169 22.783 23.344 23.683 24.028 23.796 24.669 23.531 24.693 24.410 22.684 23.052 22.643 20.652 21.285 21.580 19.557 18.958 20.973 20.795 19.934 21.351 22.208 21.786 21.530 21.064 20.149 20.229 21.653 22.088 21.627 22.760 22.249 23.791 23.225 20.874 22.216 23.603 22.017 21.800 23.969 24.734 23.678 24.616 25.752 25.627 24.991 25.952 25.896 25.182 24.434 22.643 23.068 23.418 23.019 23.470
24.409 23.196 21.252 19.566 17.917 15.305 13.545 10.703 7.603 5.586 3.158 0.928 0.000 1.582 3.402 6.561 9.928 10.952 9.894 10.806 13.296 14.019 14.654 15.855 17.301 18.143 18.864 20.211 20.240 21.497 22.927 22.940 23.008 23.993 23.730 24.428 23.209 24.504 24.232 22.642 22.800 22.654 20.849 21.491 21.439 19.609 19.205 21.188 20.901 20.279 21.574 22.362 22.107 21.823 21.232 20.329 20.303 21.860 22.418 22.108 23.445 22.985 24.429 23.647 21.668 22.660 23.849 22.387 22.460 23.960 24.671 23.837 24.767 25.861 25.818 25.029 26.063 25.931 25.053 24.446 23.099 23.513 23.835 23.701 24.097
23.710 22.579 20.513 19.105 17.624 15.009 13.867 12.105 9.444 6.572 5.883 3.266 1.495 0.001 1.752 3.366 6.054 7.092 7.294 8.567 10.051 11.245 11.781 13.510 14.599 16.150 17.318 18.244 18.736 20.306 21.483 21.918 22.346 22.769 22.855 23.615 22.525 23.640 23.307 21.306 21.388 21.104 19.130 20.300 20.077 17.916 18.255 20.273 20.157 19.323 20.967 21.654 21.298 20.808 20.205 19.165 18.682 20.433 20.786 19.959 21.397 20.760 22.001 21.347 19.149 20.561 21.832 20.315 20.583 22.546 23.537 22.447 23.478 24.930 24.919 24.308 25.386 25.303 24.495 23.518 21.862 22.358 22.740 22.635 22.969
24.640 23.832 21.319 20.330 18.482 16.841 15.685 14.452 12.358 8.752 7.359 5.587 3.397 0.947 0.001 1.554 3.431 5.173 6.428 7.306 9.507 10.687 12.107 14.188 16.063 17.281 18.571 20.424 20.361 21.922 23.116 22.960 22.860 23.997 23.443 24.372 23.093 24.293 23.861 22.112 22.124 21.847 20.142 20.634 20.575 18.630 18.679 20.572 20.390 19.701 21.095 21.743 21.435 21.081 20.196 19.335 18.964 20.404 20.877 20.181 21.611 20.946 22.440 21.729 19.804 21.024 22.475 21.201 21.488 23.312 24.063 23.368 24.436 25.729 25.684 24.991 26.287 26.238 25.434 24.680 23.217 23.521 23.914 23.528 24.036
24.074 23.325 21.034 19.975 18.244 16.087 15.730 14.698 13.338 10.840 9.224 8.553 5.585 3.263 1.191 0.000 1.335 3.469 5.609 6.337 6.661 9.423 11.090 11.356 12.608 14.266 15.540 16.691 18.266 20.077 21.272 21.601 21.719 22.120 22.330 23.115 22.108 23.282 22.917 21.180 21.373 21.007 19.033 20.043 19.932 17.951 18.417 20.084 19.991 19.252 21.164 21.670 21.545 20.901 20.475 19.440 19.211 20.731 21.111 20.208 21.572 20.425 22.377 21.368 18.718 19.521 21.414 19.725 19.231 21.703 22.674 21.738 22.735 24.267 24.468 23.770 24.848 24.938 23.972 23.216 21.259 21.627 22.166 22.078 22.547
23.503 22.907 20.196 19.945 18.353 16.473 16.465 15.698 14.582 11.779 10.569 10.755 9.539 5.937 3.633 0.948 0.001 1.485 3.914 5.526 5.161 6.486 9.002 10.890 10.065 11.796 13.372 14.585 15.768 16.687 17.918 18.564 18.779 19.539 19.896 20.517 19.424 20.750 20.330 18.332 18.805 18.526 16.536 18.202 18.269 16.225 16.898 19.243 19.286 18.860 20.913 21.316 21.509 20.632 20.043 18.869 18.129 19.547 19.681 18.435 19.819 18.708 20.121 18.885 16.360 17.380 18.852 16.964 16.562 19.277 20.272 19.484 20.661 22.545 22.957 22.111 23.636 23.813 23.064 22.105 19.995 20.487 21.373 21.621 22.036
23.183 22.753 20.008 19.812 18.068 16.193 16.247 15.605 14.624 12.223 11.510 12.095 11.136 8.685 6.643 3.743 0.707 0.000 1.177 2.952 3.883 4.671 5.361 7.949 9.027 8.929 10.314 11.648 12.530 13.931 14.429 14.672 15.355 17.024 17.130 17.960 17.007 18.622 17.977 16.426 17.138 16.963 14.921 16.934 17.027 15.110 15.955 18.487 18.919 18.391 20.405 21.211 21.182 20.474 19.697 18.793 17.539 19.299 19.443 18.487 19.649 18.451 20.017 18.731 15.966 17.054 18.416 16.389 15.990 18.802 19.547 18.643 19.898 21.872 22.226 21.386 23.021 23.258 22.475 21.523 19.796 20.159 21.140 21.400 22.011
23.138 22.606 19.947 19.759 17.938 15.821 16.179 15.914 15.385 13.377 13.351 13.967 12.595 11.583 7.561 4.566 3.028 0.853 0.000 1.161 2.711 4.779 4.150 5.889 8.177 8.943 8.824 10.012 11.564 12.428 14.521 14.369 14.744 15.295 16.846 17.106 16.696 18.163 17.804 16.351 17.459 17.444 15.251 17.066 17.654 15.392 16.135 18.901 19.201 18.078 20.352 21.352 21.236 20.588 19.641 18.700 17.628 19.095 19.265 18.205 19.364 18.426 19.811 18.607 15.606 16.962 18.383 16.395 16.087 19.096 20.198 19.092 20.620 22.468 22.652 21.882 23.422 23.741 23.047 21.997 19.813 20.368 21.096 21.508 22.017
22.715 22.293 19.866 19.340 17.901 16.019 16.789 16.209 15.992 13.691 14.607 14.997 12.908 11.376 8.577 5.944 5.156 2.941 0.646 0.000 1.264 3.142 4.089 3.871 4.797 6.839 6.925 7.375 8.243 10.526 11.781 11.821 11.718 13.568 14.927 15.609 15.294 17.203 16.622 15.144 16.146 16.268 14.031 16.492 16.961 14.734 15.622 18.437 18.826 18.053 20.500 21.242 21.305 20.668 19.655 18.648 17.342 18.873 19.047 17.572 18.890 17.516 18.672 17.595 14.200 15.539 16.762 15.213 14.314 17.111 18.173 17.433 18.542 20.634 21.214 20.364 21.597 21.926 21.205 20.459 18.512 19.006 19.939 20.292 20.980
21.990 21.699 19.716 19.242 17.994 16.042 16.670 16.319 15.702 13.537 14.428 14.547 12.902 11.275 8.403 5.956 5.084 4.789 2.684 0.662 0.000 1.108 2.284 3.402 3.433 3.713 5.330 6.391 6.569 8.311 9.921 10.225 9.940 11.832 12.519 13.356 13.802 15.057 14.291 13.434 14.225 14.296 12.595 14.609 14.903 13.410 14.449 16.916 17.514 17.575 19.735 20.268 20.617 20.061 18.872 17.625 16.649 17.825 17.785 16.185 17.521 16.408 17.613 15.877 13.121 14.301 15.250 13.413 13.032 16.013 16.927 16.360 17.442 19.600 19.950 19.365 21.000 21.472 20.832 20.381 18.413 18.765 19.859 20.118 20.721
22.439 22.061 19.440 19.344 17.686 15.727 16.507 16.588 16.606 14.319 15.206 15.899 14.793 12.767 10.020 6.933 5.529 4.789 4.153 2.740 0.611 0.000 1.049 2.264 3.071 3.086 3.994 5.178 5.481 6.376 8.506 8.802 8.870 10.194 11.134 12.210 12.371 14.341 13.689 12.486 13.869 13.554 11.748 13.958 14.333 12.832 13.784 16.488 17.357 17.082 19.282 20.104 20.441 19.746 18.749 17.342 16.204 17.797 17.586 15.935 17.407 16.307 17.389 15.997 12.916 14.289 15.304 13.277 13.169 16.197 17.133 16.222 17.660 19.738 20.153 19.524 21.060 21.325 20.787 20.220 18.483 18.941 20.012 20.510 21.100
22.336 22.039 19.327 19.339 17.975 16.230 17.025 16.960 16.697 15.057 15.402 16.256 14.631 13.529 9.389 7.745 6.449 4.896 4.291 3.551 2.040 0.563 0.000 0.929 2.173 2.980 2.720 3.441 5.569 5.975 6.578 7.453 8.799 10.215 11.669 13.096 12.823 14.829 14.339 13.205 14.355 14.281 12.418 14.410 14.693 13.222 14.109 16.861 17.690 17.316 19.419 20.263 20.548 19.873 18.904 17.544 16.535 17.715 17.392 16.153 17.428 16.425 17.664 16.119 13.082 14.510 15.834 13.751 13.381 16.632 17.661 16.673 18.136 20.208 20.515 19.800 21.272 21.687 20.937 20.298 18.329 19.015 20.112 20.516 21.297
21.361 21.268 18.882 19.152 18.061 16.501 17.488 17.239 17.261 15.269 16.103 16.311 15.016 13.368 10.389 8.833 7.186 6.450 4.879 4.568 3.095 2.020 0.561 0.000 0.725 1.795 2.500 2.380 2.842 5.222 5.826 5.916 7.086 8.646 10.024 12.001 12.370 14.377 13.297 12.178 13.752 13.711 11.732 14.172 14.624 12.843 13.755 16.755 17.491 17.577 19.851 20.338 20.876 20.255 19.345 17.804 16.847 18.115 17.877 15.828 17.447 15.959 17.137 15.731 12.619 13.663 14.697 13.123 12.725 15.416 16.461 15.839 17.166 19.115 19.534 18.616 20.202 20.689 19.918 19.473 17.561 17.989 19.428 19.868 20.692
21.067 21.209 18.334 18.902 17.832 15.827 17.261 17.147 17.180 14.927 16.087 17.008 15.414 13.890 10.934 8.821 7.651 6.152 5.772 3.933 2.923 2.836 1.868 0.589 0.000 0.838 1.841 2.479 2.996 3.510 4.725 5.023 5.725 7.661 8.679 10.765 11.540 13.408 12.794 11.845 13.421 13.316 11.706 14.298 14.614 13.166 14.251 17.121 18.149 17.600 19.784 20.481 21.055 20.318 19.154 17.744 16.437 18.122 17.940 15.650 17.502 15.900 17.091 15.498 12.449 13.494 14.661 12.730 12.420 15.133 16.200 15.704 16.889 18.994 19.284 18.328 20.056 20.377 19.437 19.033 17.291 17.884 19.145 19.547 20.329
21.797 21.791 19.306 19.581 18.531 16.480 17.794 17.519 17.726 15.503 16.485 17.211 16.216 14.750 10.986 9.489 8.713 7.195 6.491 5.506 3.433 3.525 2.990 1.687 0.563 0.000 0.760 1.630 2.323 2.330 3.474 4.269 5.764 7.007 8.474 10.498 10.582 13.466 12.550 11.822 13.039 13.177 11.341 13.858 14.394 12.915 13.871 16.716 17.336 17.237 19.108 19.975 20.447 19.782 18.845 17.310 16.365 17.841 17.707 15.859 17.213 16.090 17.007 15.616 12.515 13.747 14.834 13.035 12.633 15.426 16.656 15.795 17.072 19.130 19.501 18.678 20.303 20.688 20.119 19.650 17.810 18.374 19.623 20.363 20.828
21.522 21.416 18.934 19.396 18.387 16.790 17.936 18.085 18.021 16.366 17.126 17.573 16.106 15.169 12.202 10.352 9.572 8.333 7.396 5.781 5.192 4.195 3.638 2.605 1.761 0.546 0.000 0.861 1.569 2.505 2.647 3.403 4.669 6.642 8.231 10.170 11.027 13.603 12.572 11.697 13.303 13.346 11.625 13.918 14.527 13.048 14.259 16.836 17.685 17.578 19.710 20.386 20.920 20.130 19.547 17.537 16.841 18.312 18.009 15.905 17.425 16.327 17.175 15.849 12.761 13.992 14.996 13.120 12.685 15.402 16.557 15.737 17.119 19.209 19.584 18.620 20.070 20.662 20.135 19.765 18.074 18.838 19.819 20.228 20.986
21.125 21.302 18.700 19.367 18.342 16.791 17.961 17.654 18.020 16.093 16.899 17.184 15.958 14.869 12.050 10.805 10.127 9.102 8.637 6.789 5.297 5.003 3.260 2.970 2.732 1.489 0.575 0.000 0.687 1.726 2.799 2.872 4.102 6.174 7.257 9.287 10.456 12.375 11.796 11.222 13.045 13.104 11.600 13.915 14.690 13.195 14.508 17.121 18.001 17.750 19.988 20.718 21.403 20.748 19.749 18.111 17.050 18.754 18.428 16.177 17.765 16.604 17.432 15.788 12.762 13.663 14.554 12.756 12.548 15.031 16.054 15.477 16.732 18.877 19.304 18.164 20.184 20.477 20.030 19.695 17.745 18.366 19.671 19.844 20.724
21.411 21.287 18.567 19.396 18.554 16.482 18.105 18.244 18.584 16.628 17.467 18.330 17.331 15.946 12.980 11.320 10.675 9.094 8.852 7.857 5.516 5.267 5.237 2.884 2.692 2.535 1.873 0.590 0.000 0.945 2.028 2.665 3.458 5.173 6.813 8.741 9.676 11.514 11.225 10.763 12.716 13.085 11.378 14.263 14.499 12.920 14.705 17.202 17.974 17.987 20.151 20.683 21.234 20.633 19.584 18.146 16.779 18.434 18.029 15.597 17.363 16.023 16.882 15.444 12.154 13.147 14.317 12.416 12.176 14.640 15.883 15.086 16.635 18.774 19.125 18.125 19.945 20.154 19.548 19.144 17.532 18.240 19.193 19.845 20.564
21.743 21.725 19.174 19.675 18.948 17.356 18.581 18.623 18.846 17.669 18.050 19.009 17.901 16.849 14.431 12.925 11.855 10.720 10.210 8.998 6.741 6.267 5.932 5.373 3.633 3.477 2.650 1.730 0.564 0.000 1.100 1.923 3.289 4.939 7.181 9.266 10.038 12.534 11.819 11.686 13.412 13.718 12.360 14.583 15.396 14.002 15.144 17.519 18.163 18.122 20.242 20.771 21.094 20.496 19.655 17.818 17.008 18.594 18.277 16.120 17.560 16.478 17.097 15.415 12.838 13.716 14.585 12.828 12.515 15.057 15.995 15.449 16.641 18.909 19.279 18.460 20.034 20.423 19.839 19.623 17.672 18.584 19.791 20.441 20.895
22.060 21.908 19.656 20.404 19.467 18.261 19.440 19.898 20.106 19.076 19.683 19.983 18.682 17.389 15.534 14.637 13.783 13.064 12.032 11.544 8.972 7.919 6.974 6.137 5.823 3.755 3.132 2.741 1.835 0.634 0.000 0.834 2.254 4.503 6.831 8.597 9.718 11.980 11.742 11.328 13.398 13.470 12.367 14.778 15.654 14.265 15.484 17.887 18.858 18.782 20.698 21.510 22.175 21.347 20.701 18.767 18.033 19.383 19.004 16.991 18.332 17.407 17.984 16.473 13.722 14.632 15.279 13.522 13.160 15.490 16.603 15.779 17.199 18.993 19.451 18.652 20.058 20.633 20.112 19.907 18.332 18.714 20.174 20.728 21.170
21.865 22.017 19.824 20.353 19.701 18.188 19.599 19.538 20.101 18.416 19.336 19.775 18.433 17.778 15.287 14.705 13.605 12.861 11.940 11.425 10.268 9.595 8.167 6.911 6.582 4.998 3.465 3.199 2.948 2.000 0.724 0.000 0.853 2.958 5.601 7.366 8.956 11.195 11.063 11.479 13.869 14.000 13.416 15.604 16.513 15.417 16.440 18.705 19.829 19.372 21.343 22.045 22.635 21.857 21.179 19.774 18.601 19.981 19.756 17.825 19.151 17.884 18.740 17.221 14.533 15.150 16.066 14.112 13.840 16.306 17.090 16.574 17.874 19.631 19.773 18.819 20.701 20.915 20.248 19.991 18.464 18.960 20.253 20.629 21.389
22.592 22.667 20.835 21.350 20.909 19.412 21.048 20.825 21.645 20.540 21.600 22.030 20.576 20.277 18.385 18.319 16.479 15.657 14.788 13.647 12.066 11.874 10.336 8.353 7.439 7.180 5.392 3.842 3.816 3.839 2.126 1.006 0.000 1.763 4.126 6.106 8.209 9.985 10.211 11.763 14.356 14.858 14.111 16.552 17.571 16.755 17.784 19.876 20.791 20.942 22.624 23.448 23.807 23.283 22.269 20.952 20.039 21.215 21.062 19.127 20.528 19.443 19.814 18.664 15.696 16.575 17.443 15.772 14.912 17.165 18.146 17.260 18.361 20.070 20.145 19.295 20.800 21.104 20.703 20.178 19.132 19.628 20.556 21.274 22.052
24.045 24.341 22.851 23.527 23.685 22.788 24.185 24.385 25.225 24.398 25.406 25.729 24.569 24.740 23.211 23.618 22.822 21.961 21.486 20.750 19.181 17.800 17.235 15.335 12.648 12.079 11.658 9.086 6.984 6.773 6.475 3.285 1.371 0.001 1.679 4.141 6.719 7.753 8.342 10.712 13.204 14.177 15.188 17.577 18.837 19.028 19.947 21.918 22.863 23.150 24.531 25.256 25.622 25.141 24.774 23.268 22.898 23.863 23.365 22.007 23.122 22.083 22.158 20.841 18.481 18.771 18.939 16.970 16.328 17.972 18.531 17.538 18.444 20.043 19.912 19.307 20.661 20.927 20.438 20.191 18.946 19.926 21.115 22.002 22.885
25.680 26.086 24.890 25.499 25.672 24.852 25.744 25.496 26.107 25.344 26.051 26.261 25.294 25.616 24.538 24.983 24.303 23.252 22.846 22.492 20.976 19.878 18.662 17.988 15.325 13.661 12.834 11.098 9.233 7.736 6.910 6.009 3.771 1.241 0.001 1.706 4.388 5.756 7.373 9.692 12.623 13.895 15.422 17.506 19.175 20.063 20.746 22.484 23.498 23.882 25.214 25.828 26.295 25.890 25.756 24.447 24.212 25.067 24.817 23.738 24.809 24.077 24.124 22.987 21.258 21.638 21.396 19.138 18.953 20.467 20.195 18.698 20.126 21.425 20.872 20.342 22.228 22.516 21.755 21.917 21.053 22.184 23.170 23.897 24.518
24.608 24.929 23.283 24.073 23.930 22.933 24.181 24.274 24.908 23.812 24.956 24.979 23.467 23.931 21.986 22.312 21.611 20.262 19.103 18.905 17.573 15.287 15.165 15.234 13.252 11.461 11.701 11.165 9.226 8.176 8.527 7.959 5.628 3.621 1.420 0.000 1.520 3.275 5.438 6.473 8.296 9.534 10.522 12.684 13.752 14.576 16.225 18.305 19.675 20.290 22.294 23.053 23.791 23.144 22.843 20.880 20.584 21.755 21.346 19.549 21.397 20.554 20.909 19.083 16.801 17.824 18.183 15.622 15.673 17.858 18.021 17.026 18.470 20.308 20.008 19.677 21.343 21.746 21.229 21.154 19.823 20.887 22.145 22.749 23.537
25.610 25.645 24.052 24.937 24.691 23.741 24.612 24.411 25.065 23.856 24.535 24.689 23.513 23.695 21.959 22.282 21.795 20.321 19.555 19.505 18.209 16.508 16.094 16.676 15.169 13.103 13.706 13.369 10.909 9.667 10.301 10.276 7.339 5.419 3.609 1.166 0.001 1.320 3.883 5.515 6.788 8.350 10.077 12.182 13.382 14.380 15.948 18.083 19.662 20.287 22.070 22.901 23.463 23.169 22.817 21.084 20.683 21.919 21.496 20.054 21.815 21.269 21.461 19.442 17.709 18.983 18.742 16.226 17.068 18.859 18.912 17.877 19.306 20.843 20.313 20.325 22.127 22.585 22.136 22.306 21.169 22.209 23.437 23.921 24.582
23.469 23.799 21.946 22.868 22.564 21.585 22.957 23.171 24.061 23.043 24.307 24.359 22.895 23.118 21.211 21.146 20.312 18.581 17.718 17.806 16.021 14.191 14.238 14.830 12.557 11.515 12.082 11.801 9.746 9.233 10.087 9.868 7.893 6.367 5.021 2.883 0.865 0.000 1.059 3.496 5.282 7.177 8.859 11.687 12.652 13.465 15.503 17.603 19.008 19.689 21.780 22.254 22.985 22.295 21.866 19.822 19.237 20.624 20.156 18.086 19.926 19.287 19.518 17.421 15.468 16.534 16.340 14.116 14.379 16.338 16.815 15.940 17.371 19.081 18.843 18.717 20.626 21.060 20.579 20.625 19.143 19.953 21.575 22.080 22.715
23.591 23.829 22.134 23.091 22.894 22.145 23.414 23.672 24.505 23.729 24.771 24.915 23.737 23.725 22.093 21.640 20.930 19.167 18.628 18.524 17.189 14.887 15.595 15.991 13.377 12.733 13.929 13.993 11.133 11.186 12.622 12.724 10.586 8.975 6.066 4.021 2.467 0.881 0.000 1.508 3.506 6.283 7.251 10.309 11.055 11.682 14.619 16.936 18.531 19.602 21.307 21.994 22.750 22.262 21.495 19.648 19.008 20.187 19.655 17.567 19.417 18.717 18.842 16.615 14.437 15.748 15.759 13.256 13.922 15.718 16.378 15.563 17.460 19.024 19.065 18.832 20.829 21.283 20.965 20.800 19.405 20.124 21.623 22.194 22.784
24.296 24.350 22.833 23.509 23.264 22.671 23.738 23.795 24.538 23.645 24.555 24.752 23.604 23.550 21.975 21.720 20.870 19.324 18.430 18.598 17.041 14.714 15.501 16.362 13.734 12.769 15.065 15.452 12.264 13.203 15.028 15.062 12.814 11.400 8.758 6.313 5.890 3.292 1.158 0.000 1.353 3.297 5.089 6.867 7.944 9.405 11.569 13.398 15.541 17.036 19.588 20.341 21.435 20.993 20.293 18.357 17.748 19.128 18.546 17.052 18.916 18.464 18.839 16.638 14.418 16.181 16.110 13.928 14.208 16.691 17.044 15.847 18.149 19.536 19.538 19.145 21.357 21.811 21.272 21.150 19.982 20.697 21.894 22.672 23.132
24.205 24.536 22.774 23.885 23.615 22.821 24.371 24.558 25.318 24.145 25.473 25.559 24.120 23.918 22.156 21.970 21.288 19.689 18.477 18.891 17.484 14.761 15.445 16.362 13.929 12.955 14.880 15.213 12.710 13.228 15.114 15.026 13.356 12.664 9.800 8.160 7.276 6.127 3.218 1.141 0.001 1.653 4.367 5.553 7.186 8.465 10.625 12.400 14.707 16.198 18.306 19.737 20.768 20.736 20.420 18.000 18.008 19.578 18.983 17.212 19.727 19.224 19.729 17.275 15.100 17.036 17.102 13.856 14.621 17.160 17.544 16.228 18.119 19.751 19.372 19.086 21.156 21.544 21.140 21.106 19.817 20.662 22.089 22.776 23.369
24.227 24.014 22.074 22.792 22.270 21.269 22.621 22.882 23.429 22.596 23.653 23.875 22.286 21.884 19.663 19.253 18.656 16.776 15.627 16.163 14.866 12.654 14.009 14.972 13.172 12.485 15.451 16.183 14.082 14.997 17.559 17.537 16.312 16.306 13.143 11.876 10.273 8.350 6.076 4.146 1.525 0.000 1.765 4.357 5.582 5.560 6.967 9.069 10.806 11.554 14.077 15.069 16.285 16.565 15.793 14.320 14.275 15.782 15.614 14.215 17.022 16.808 17.987 15.563 13.224 15.404 15.665 13.288 13.946 16.580 17.338 16.300 18.028 19.755 19.853 19.672 21.713 22.180 22.059 21.784 19.990 21.035 22.221 22.560 23.223
23.216 23.197 21.122 21.710 21.337 20.189 21.662 21.856 22.625 21.196 22.665 22.902 21.362 21.087 18.906 18.581 17.751 15.840 14.732 14.814 13.767 11.471 12.570 13.404 11.680 11.217 13.645 14.387 12.684 13.951 15.894 16.396 15.654 15.898 13.318 12.192 10.520 8.429 7.004 5.315 3.677 1.292 0.000 0.994 2.683 3.826 3.982 5.050 7.877 8.754 10.875 11.560 13.671 13.979 14.047 12.607 13.049 14.934 14.754 13.559 16.012 16.038 17.138 14.987 12.416 14.625 14.823 12.554 12.963 15.644 16.310 15.366 17.039 18.645 18.825 18.769 20.436 20.867 20.628 20.476 19.163 19.797 21.148 21.473 22.040
23.301 23.239 21.205 21.807 21.067 20.211 21.605 21.746 22.484 21.336 22.597 23.001 21.310 21.129 18.650 18.226 17.485 15.759 14.755 14.999 13.381 11.782 12.794 13.587 12.156 11.582 14.185 14.806 13.230 14.577 17.029 17.018 16.309 16.937 14.388 13.587 11.443 10.337 8.192 6.012 4.864 3.008 0.736 0.000 0.825 2.259 3.378 4.053 5.778 8.073 9.907 10.929 12.374 13.229 13.342 12.395 12.741 14.244 14.196 12.967 15.826 15.738 17.137 14.914 12.367 14.554 14.979 12.291 12.747 15.410 16.248 15.333 16.607 18.602 18.880 18.644 20.506 21.124 20.863 20.704 19.186 20.162 21.600 21.792 22.365
23.328 23.310 21.242 21.828 21.156 20.366 21.646 21.895 22.649 21.601 22.713 23.154 21.599 21.242 18.699 18.348 17.564 16.083 14.895 14.895 13.857 11.897 13.089 13.977 12.813 12.155 15.041 15.925 14.079 15.542 17.747 18.397 17.596 17.804 15.744 14.603 12.445 11.098 9.418 6.958 5.590 3.686 2.208 0.708 0.000 0.840 1.955 3.560 5.091 6.350 9.407 10.192 11.860 12.206 12.546 11.656 12.085 13.659 13.685 12.583 15.799 15.766 17.498 14.963 12.742 15.100 15.657 13.012 13.882 16.802 17.206 16.184 17.875 19.686 19.783 19.782 21.531 22.147 21.811 21.563 19.876 20.717 21.992 22.193 22.736
23.439 23.321 21.125 21.797 20.842 20.151 21.290 21.660 22.340 21.150 22.658 22.906 21.283 21.087 18.636 18.325 17.465 15.562 14.514 14.786 13.534 11.326 12.762 13.890 12.351 12.151 15.115 15.737 14.045 15.921 18.137 18.355 17.673 18.216 16.121 15.303 13.136 11.619 9.985 7.661 6.018 4.669 2.882 2.136 0.719 0.000 1.202 2.682 4.603 5.157 7.472 8.757 10.943 11.634 12.200 11.248 11.691 13.604 13.573 12.532 15.521 15.710 16.975 14.888 12.519 15.135 15.471 12.965 13.709 16.557 17.142 16.201 17.857 19.473 19.823 19.623 21.427 21.933 21.389 21.191 19.753 20.431 21.552 21.975 22.441
24.095 23.855 21.771 22.226 21.540 20.720 21.994 22.036 22.831 21.421 23.004 23.173 21.509 21.305 19.027 18.836 17.939 16.383 14.953 15.362 13.920 12.023 13.061 14.172 12.782 12.543 15.269 15.970 14.412 15.915 18.378 18.508 17.831 18.571 16.481 16.002 13.600 12.775 10.652 8.202 6.981 5.679 3.944 4.374 3.242 0.785 0.000 1.258 3.750 4.974 6.300 7.839 10.514 11.625 12.330 11.685 12.460 14.323 14.330 13.323 16.657 16.914 18.066 15.783 13.120 15.562 15.749 13.392 13.713 16.493 17.323 16.397 17.930 19.813 20.086 19.544 21.568 22.124 21.566 21.355 19.762 20.677 21.978 22.092 22.660
24.377 24.007 21.953 22.655 21.800 21.100 22.133 22.342 22.886 21.729 22.855 23.173 21.542 21.457 19.263 19.132 18.229 16.832 15.312 15.649 14.326 12.184 13.335 14.293 12.977 12.556 15.187 16.167 14.958 16.174 18.521 19.039 18.746 18.845 17.324 16.782 14.706 13.979 12.588 9.797 9.245 7.715 5.687 5.073 5.336 3.558 0.849 0.000 1.366 3.734 5.483 7.288 9.333 10.634 11.964 11.557 12.758 14.624 15.060 14.265 17.647 17.541 19.006 16.905 14.264 16.492 17.035 14.537 14.668 17.443 18.210 16.907 18.381 20.096 20.241 20.045 21.822 22.323 21.972 21.767 20.024 21.134 22.449 22.522 23.315
25.054 24.686 22.801 23.023 22.189 21.657 22.640 22.684 22.946 22.118 22.982 23.087 22.007 21.532 19.564 19.482 18.843 17.406 15.988 16.336 15.604 13.524 14.452 15.812 15.425 14.384 16.995 18.218 17.292 17.863 20.509 21.340 20.765 20.751 19.460 18.583 16.325 15.595 15.037 12.710 11.198 9.379 8.247 5.732 5.527 5.300 3.038 1.028 0.000 1.433 4.279 6.403 8.309 9.785 11.284 11.331 12.788 14.716 15.904 15.884 19.039 19.157 20.836 19.014 16.976 18.838 19.661 17.366 17.970 20.198 20.612 19.548 21.082 22.302 22.249 22.071 23.445 24.017 23.653 23.382 21.786 22.638 23.419 23.618 24.057
24.844 24.550 22.628 23.067 22.115 21.551 22.329 22.819 23.087 22.257 23.362 23.386 22.294 21.767 19.786 19.603 19.191 17.757 16.247 17.000 16.347 14.446 15.420 17.041 16.078 15.899 18.166 19.169 17.957 19.067 21.353 21.741 21.300 21.679 20.281 19.671 18.120 17.317 16.395 14.217 12.610 11.294 9.426 8.718 6.797 6.268 4.905 3.154 0.975 0.000 1.711 4.661 6.521 8.496 10.245 10.873 12.189 13.962 15.162 15.324 17.782 18.302 19.583 18.136 15.891 18.174 18.371 16.777 17.227 19.434 19.783 18.798 20.547 21.982 22.061 21.697 23.426 23.822 23.265 23.030 21.458 22.049 23.127 23.447 23.974
24.931 24.372 22.679 22.892 22.029 21.345 22.206 22.564 22.844 22.182 23.187 23.643 22.496 21.647 19.726 19.169 18.687 17.198 16.310 16.822 15.964 14.534 15.441 16.776 15.795 15.839 18.308 19.405 18.100 19.569 21.912 22.448 21.933 22.641 21.069 21.284 19.218 19.317 17.902 15.251 14.395 13.195 10.654 10.424 9.522 7.149 6.251 5.863 3.850 1.054 0.000 1.513 4.213 6.830 8.185 9.318 11.097 12.630 13.880 14.477 16.874 17.348 19.088 17.579 15.636 17.620 18.300 16.340 17.151 19.405 19.911 19.000 20.838 22.217 22.337 22.020 23.605 24.169 23.655 23.309 21.544 22.180 23.162 23.402 23.783
26.133 25.598 24.201 24.331 23.085 22.767 23.179 23.542 23.291 22.561 23.213 23.383 22.269 21.397 19.999 19.327 19.276 18.177 17.103 18.080 17.882 16.968 17.551 19.155 19.115 18.867 20.596 22.172 21.569 21.966 24.159 24.726 24.549 24.805 24.050 24.046 22.388 22.654 22.498 20.343 19.540 18.483 16.340 14.634 13.872 11.709 8.797 7.983 6.621 3.725 1.188 0.000 1.949 4.847 6.913 9.580 11.481 12.722 14.771 16.455 18.859 19.820 21.799 20.948 19.481 21.423 22.453 21.472 22.266 23.783 24.318 23.798 24.947 25.554 25.466 25.246 26.272 26.608 25.974 25.837 24.381 24.830 25.459 25.312 25.477
25.741 25.192 23.603 23.987 22.663 22.398 23.245 23.828 23.936 23.318 24.228 24.523 23.391 22.194 20.715 19.927 19.842 18.300 17.829 19.057 18.616 17.751 18.885 20.401 20.098 20.050 22.009 23.371 22.797 23.573 25.267 25.765 25.581 25.910 25.157 25.435 23.911 24.053 23.676 21.595 20.581 19.885 17.758 16.613 14.659 13.183 11.539 9.435 7.878 6.574 3.947 1.509 0.001 1.698 4.170 7.086 8.762 9.879 12.549 14.636 16.374 17.749 19.943 19.110 18.019 20.303 21.451 20.920 21.824 23.415 24.228 24.161 25.011 25.924 25.916 25.796 26.579 26.848 26.359 26.033 24.509 24.645 25.162 24.920 24.996
25.927 25.561 24.028 24.413 23.253 23.416 23.781 24.298 24.198 23.885 24.101 24.472 23.262 22.322 20.838 19.939 20.016 18.755 18.248 19.754 19.775 18.635 20.112 21.730 21.694 21.900 23.649 24.729 24.411 25.245 26.505 26.733 26.681 27.106 26.468 26.758 25.493 25.810 25.406 23.869 22.965 22.024 20.009 19.186 17.526 14.853 13.781 12.776 9.924 8.374 6.483 4.405 1.362 0.001 1.901 4.767 6.368 7.948 10.631 12.873 14.830 16.546 19.253 18.493 18.051 20.264 21.510 21.631 22.753 23.954 24.916 24.905 25.668 26.548 26.630 26.564 27.203 27.383 26.965 26.571 25.246 25.322 25.767 25.469 25.515
25.054 24.647 22.949 23.401 22.458 22.280 23.237 23.848 24.185 23.369 24.198 24.344 23.019 22.173 20.702 19.990 19.871 18.383 17.808 18.893 18.291 16.926 18.145 19.659 18.893 18.996 21.205 22.202 21.467 22.783 24.483 24.802 24.548 25.245 24.281 24.482 23.276 23.331 22.234 20.464 19.443 18.662 16.516 16.548 14.692 13.073 12.665 12.412 10.284 9.185 8.460 6.284 3.940 1.707 0.000 1.524 3.997 6.188 7.896 9.066 11.249 12.812 14.656 12.987 12.930 15.756 16.847 16.718 18.301 20.193 20.825 21.136 22.659 23.599 23.916 23.913 24.910 25.386 25.189 24.859 23.144 23.479 24.100 24.138 24.320
24.309 23.549 22.259 22.386 21.636 21.548 22.496 23.062 23.345 22.988 23.814 23.903 22.956 22.330 20.702 20.195 19.439 18.104 17.519 18.889 17.840 16.557 18.346 19.266 18.300 18.820 20.769 21.674 20.780 22.062 23.987 24.008 23.881 24.579 23.722 23.924 22.416 22.997 21.942 20.074 19.276 18.936 16.895 17.546 15.476 13.302 13.795 13.810 11.616 10.824 10.541 8.233 6.183 4.263 1.309 0.001 1.839 4.572 6.603 7.263 9.002 10.836 12.533 11.767 11.430 13.939 15.080 15.597 17.406 18.801 19.473 19.888 21.616 22.440 22.983 22.847 24.084 24.579 24.331 23.852 22.118 22.099 23.041 22.964 23.376
23.871 23.296 21.906 22.203 21.540 21.523 22.193 23.218 23.501 22.972 23.529 23.910 22.730 22.109 20.177 19.841 19.061 17.807 17.655 18.054 17.974 17.018 18.294 19.143 19.222 19.656 21.202 22.211 21.734 22.865 24.596 24.815 24.777 25.546 24.654 25.070 23.664 24.341 23.572 21.586 20.673 19.846 17.814 17.844 15.675 13.429 13.461 13.493 11.638 10.378 10.718 8.722 7.468 6.361 4.031 1.203 0.000 1.524 4.370 6.364 7.619 9.901 12.015 11.223 11.877 15.015 16.421 17.127 19.370 20.983 21.547 22.149 23.285 24.020 24.306 24.196 25.149 25.405 24.991 24.411 22.844 22.447 23.059 22.996 23.403
23.965 23.496 21.580 22.016 21.112 20.712 21.899 22.712 23.335 22.685 23.502 24.009 22.787 22.235 20.161 19.666 19.285 18.060 17.434 17.922 17.408 16.390 17.494 18.604 18.249 18.616 20.627 21.848 21.002 22.548 24.092 24.479 24.414 25.049 24.405 24.751 23.540 23.853 22.777 20.734 19.890 19.198 16.594 17.208 14.843 13.092 13.480 13.761 12.261 11.609 12.458 11.185 10.479 8.826 5.907 3.804 1.123 0.000 1.578 4.762 6.488 9.261 10.727 9.805 10.942 13.472 14.473 15.434 17.997 19.601 20.264 21.073 22.637 23.250 23.578 23.610 24.555 24.860 24.677 24.188 22.415 22.328 23.146 22.990 23.225
23.364 22.945 21.183 21.979 21.116 21.302 22.330 23.348 24.011 23.526 24.122 24.565 23.683 23.029 21.118 20.400 19.811 18.111 17.946 18.808 17.756 16.105 18.257 19.159 17.797 18.393 21.194 21.828 20.466 22.561 24.453 24.303 24.134 24.977 23.727 24.260 22.610 23.116 21.463 19.319 18.488 18.357 15.646 17.338 14.931 13.117 14.366 14.989 13.556 13.554 14.568 13.147 11.899 9.979 7.532 6.752 4.118 1.400 0.000 1.670 4.312 7.590 7.769 5.947 7.186 9.616 9.428 10.536 12.189 13.871 14.752 16.311 18.167 19.387 20.656 20.604 22.216 22.923 22.945 23.069 21.048 21.204 22.784 22.783 23.007
22.826 21.971 20.152 20.755 20.340 20.286 21.731 22.678 23.550 23.055 24.036 24.556 23.440 22.925 20.874 20.099 19.359 17.396 16.957 17.610 16.209 14.215 16.126 16.791 15.032 15.477 18.304 18.910 17.582 19.311 21.601 21.687 21.512 22.563 21.697 21.884 20.459 20.857 19.572 16.982 16.245 15.900 13.580 14.952 13.737 11.957 13.339 14.304 13.470 13.641 14.624 13.575 12.683 10.902 8.519 7.429 6.144 3.754 1.254 0.000 1.564 3.190 4.964 5.154 5.376 7.055 8.270 9.064 10.720 12.406 14.159 14.540 16.617 17.717 18.408 18.522 19.762 20.356 20.244 20.283 19.197 19.381 20.705 21.146 21.642
21.958 21.201 19.646 20.152 19.963 19.272 21.220 22.046 22.885 22.392 23.634 24.048 23.224 22.927 20.740 20.243 19.294 17.181 16.724 17.164 15.326 13.386 15.289 16.000 14.064 14.788 17.445 17.899 16.350 18.974 20.646 20.948 20.879 22.062 20.979 21.537 20.088 20.710 19.137 16.257 15.854 15.814 12.795 15.138 13.247 11.769 13.467 15.003 14.544 14.465 16.468 15.954 15.325 13.426 11.428 9.324 7.672 6.385 3.632 1.150 0.000 1.365 3.679 4.042 4.237 4.033 6.799 8.336 7.983 9.632 11.602 12.735 13.823 15.392 16.402 16.149 17.029 17.648 17.613 17.720 16.513 17.278 19.059 19.692 20.300
22.108 21.360 19.893 20.453 20.336 19.803 21.880 22.590 23.829 23.130 24.423 24.815 23.808 23.559 21.592 20.684 19.979 17.432 17.462 18.410 15.781 13.966 16.229 17.037 14.278 15.190 18.094 18.176 16.638 19.083 20.997 20.988 20.909 22.194 21.155 21.933 20.718 21.335 19.796 17.105 16.781 16.832 14.296 16.950 15.446 13.695 15.469 17.281 16.647 16.617 18.277 17.724 17.422 15.998 13.049 11.569 9.631 7.664 6.037 3.820 0.882 0.000 0.922 2.016 2.972 2.499 2.861 4.787 6.177 5.969 8.102 9.135 10.387 10.895 12.128 12.918 14.131 15.536 16.461 17.384 16.020 17.017 18.807 19.647 20.355
21.893 21.350 19.670 20.386 20.376 19.538 21.496 22.148 23.232 22.513 23.792 24.366 23.105 23.178 20.964 20.465 19.668 17.356 17.076 17.793 15.854 13.737 15.751 16.712 14.235 14.962 17.679 17.958 16.188 18.648 20.365 20.623 20.292 21.546 20.444 21.157 19.835 20.373 19.023 16.419 16.094 16.275 13.642 16.435 15.685 13.364 15.073 17.293 16.831 16.431 18.140 18.026 17.824 16.386 14.223 12.431 10.258 8.102 6.925 4.822 1.937 0.604 0.000 0.792 1.600 2.178 2.069 3.160 4.517 5.450 6.522 7.651 9.067 10.167 10.775 11.191 12.994 14.558 15.694 16.998 15.669 16.881 18.952 19.577 20.336
22.191 21.424 19.638 20.141 20.189 19.169 21.202 21.801 22.645 22.092 23.387 24.090 22.977 22.906 20.528 20.109 18.832 16.796 16.484 16.553 14.581 12.859 14.465 15.075 13.106 13.570 16.171 16.312 14.852 17.045 19.185 19.353 19.188 20.555 19.474 20.339 19.051 19.901 18.167 15.536 15.281 15.260 12.554 15.576 14.636 12.568 14.816 17.029 16.407 16.292 18.433 18.081 17.809 16.375 14.336 12.771 10.378 9.082 7.351 5.110 2.892 1.440 0.605 0.000 0.718 1.584 2.344 2.254 3.105 4.859 6.358 6.610 8.483 9.890 10.722 10.792 12.687 14.360 15.255 16.281 15.418 16.525 18.382 19.178 20.282
21.577 20.739 19.118 19.631 19.540 18.771 20.761 21.635 22.578 21.632 23.422 23.942 22.659 22.771 20.469 19.719 18.701 16.502 16.164 16.510 14.505 12.637 14.606 15.095 12.729 13.579 16.213 16.553 14.741 17.394 19.655 19.527 19.350 20.963 19.491 20.344 18.969 20.038 18.271 15.467 15.577 15.132 12.334 15.051 14.520 12.234 14.051 15.866 16.108 15.644 17.722 17.269 17.291 15.798 13.684 12.313 9.856 8.374 6.905 5.171 3.129 2.224 1.720 0.571 0.000 0.682 1.655 2.079 2.443 3.015 4.900 5.696 6.878 8.944 9.407 9.829 12.012 13.764 14.820 15.993 14.927 16.165 17.913 18.947 19.946
21.648 21.081 19.507 20.222 20.159 19.225 21.231 22.057 23.120 22.370 23.982 24.636 23.297 23.219 20.932 20.113 19.222 16.826 16.689 17.115 15.192 13.036 15.118 15.883 13.437 14.035 17.191 17.272 15.588 18.137 20.376 20.075 19.914 21.507 19.798 20.931 19.427 20.539 18.797 16.187 16.090 16.032 13.056 15.826 14.864 12.566 14.672 16.710 16.714 16.447 18.020 17.818 17.535 16.405 14.152 12.600 10.353 8.827 7.616 5.387 3.391 2.488 2.386 1.383 0.541 0.000 0.698 1.586 2.213 2.555 3.652 4.998 6.479 7.756 9.075 9.390 11.225 13.665 14.633 15.922 14.845 15.972 18.263 19.329 19.893
21.753 21.095 19.536 20.024 20.019 19.068 20.956 21.523 22.507 21.913 23.143 23.859 22.571 22.613 20.453 20.036 18.900 16.716 16.409 16.674 14.852 12.618 14.667 15.329 13.020 13.545 16.168 16.593 14.669 17.025 19.242 19.301 19.101 20.331 19.217 20.080 18.871 19.789 17.888 15.542 15.192 15.446 12.793 15.530 14.755 12.791 14.626 16.608 16.662 16.383 17.929 17.797 17.516 16.387 14.475 12.933 10.808 9.236 8.144 5.751 3.597 2.687 2.254 2.081 1.355 0.538 0.000 0.709 1.473 2.482 2.762 4.684 6.297 7.348 8.796 9.547 10.985 13.145 14.451 15.646 14.717 15.946 18.087 18.990 19.957
22.066 21.262 19.734 20.128 20.427 19.560 21.540 22.432 23.387 22.630 23.985 24.536 23.317 23.254 20.908 20.581 19.301 17.021 16.603 16.998 14.735 12.754 14.772 15.356 13.072 13.428 16.000 16.301 14.358 16.927 19.081 19.043 18.875 20.248 18.781 19.765 18.697 19.688 17.454 14.997 14.542 14.903 12.508 15.351 14.356 12.768 14.770 16.700 16.596 16.503 18.488 18.098 18.137 16.957 14.767 13.355 11.150 9.979 8.810 5.912 4.491 3.314 2.596 2.239 2.427 1.449 0.596 0.000 0.865 1.921 3.008 3.418 5.220 7.292 8.022 9.074 11.046 12.951 14.256 15.598 14.803 16.161 17.937 19.058 20.397
21.125 20.703 19.154 19.617 19.619 18.827 20.762 21.538 22.812 21.825 23.693 24.078 22.730 22.939 20.401 20.152 18.658 16.542 16.156 16.569 14.131 12.416 14.309 14.975 12.623 13.171 15.808 16.220 14.327 17.022 19.360 19.095 18.909 20.413 18.802 19.849 18.844 19.614 18.008 15.111 14.687 14.890 12.510 15.139 14.391 12.541 14.351 16.443 16.671 16.291 18.454 18.202 18.107 16.613 14.611 12.914 10.741 9.646 8.090 5.954 5.225 4.121 3.506 2.642 2.423 2.216 1.602 0.651 0.000 0.873 2.055 3.396 4.230 5.687 7.670 8.498 10.069 12.022 13.322 14.863 13.904 15.187 17.362 18.340 19.292
21.313 20.870 19.333 19.856 19.982 18.892 20.904 21.596 22.872 22.186 23.846 24.397 22.900 23.029 20.704 20.155 18.692 16.489 16.461 16.697 14.533 12.701 14.644 15.424 13.173 13.708 16.376 16.740 15.039 17.569 19.693 19.815 19.489 20.914 19.636 20.441 19.381 20.308 18.366 15.655 15.705 15.913 12.924 15.864 15.272 13.009 15.084 17.170 17.201 16.869 18.722 18.525 18.331 17.035 14.826 13.058 11.326 10.266 9.279 7.364 6.329 4.831 3.938 3.950 3.373 2.697 2.693 2.093 0.602 0.000 1.008 2.474 3.981 4.652 6.589 8.287 9.913 12.218 13.596 15.102 14.335 15.537 17.969 18.640 19.679
21.726 21.376 19.696 20.438 20.661 19.900 21.742 22.392 23.410 22.959 24.558 24.946 23.555 23.778 21.600 21.077 19.770 17.554 17.409 17.596 15.349 13.875 15.755 16.009 14.008 14.608 17.093 17.104 15.523 17.993 19.929 19.698 19.599 20.933 19.645 20.654 19.664 20.548 18.490 16.428 16.117 16.441 14.208 17.081 16.335 14.648 16.457 18.608 18.484 18.569 20.381 20.238 20.105 18.839 16.721 15.604 13.747 13.175 12.478 10.245 8.792 7.407 5.841 5.383 5.164 3.561 3.344 3.774 2.399 0.633 0.000 1.132 3.087 4.608 5.635 7.379 9.295 11.576 12.868 14.549 14.164 15.733 18.049 19.250 20.283
22.330 22.075 20.869 21.542 21.787 21.760 22.986 23.938 24.807 24.175 25.273 25.662 24.608 24.634 22.664 22.216 21.052 18.928 18.781 19.254 16.935 15.387 17.236 17.687 15.801 15.823 18.326 18.637 16.994 19.093 20.852 20.543 19.795 21.496 19.912 20.873 20.127 20.969 18.757 16.916 16.212 16.758 15.201 17.736 16.550 15.504 17.592 19.453 19.489 19.729 21.543 21.342 21.483 20.324 18.709 17.084 15.900 15.453 14.755 11.838 11.410 10.852 8.565 7.338 7.633 6.753 4.839 4.489 4.326 3.134 0.687 0.000 1.411 4.053 5.533 6.376 8.540 11.177 12.724 14.836 14.623 16.978 19.481 20.746 21.805
23.064 23.305 21.941 23.069 23.547 23.041 24.465 24.815 25.519 24.892 25.904 26.122 24.965 25.113 23.475 23.393 22.293 20.289 19.983 20.718 19.193 17.173 18.547 19.626 17.536 16.871 19.300 19.596 17.625 19.047 21.353 21.341 20.776 21.656 20.548 20.799 19.649 20.555 18.727 16.477 16.339 16.631 15.400 17.767 17.153 16.156 18.060 20.047 20.100 20.600 22.286 22.367 22.418 21.615 20.288 18.449 17.184 17.080 16.297 13.996 15.574 15.746 13.557 10.740 9.724 10.583 8.534 6.492 6.473 6.450 4.057 0.840 0.000 1.535 4.364 6.479 8.010 10.930 12.511 15.326 16.097 18.883 21.360 22.344 23.386
23.380 23.235 21.781 22.617 22.994 22.494 23.912 24.525 25.228 24.888 25.799 26.108 25.044 25.217 23.555 23.200 21.993 20.137 19.955 19.998 18.231 16.605 18.140 18.343 16.095 16.172 18.597 18.544 16.722 18.640 20.620 20.091 19.724 21.050 20.210 20.744 20.029 20.960 19.221 17.448 17.597 17.984 16.459 18.983 18.863 17.796 19.596 21.534 21.733 22.158 23.780 23.725 23.869 23.346 22.143 20.601 19.525 19.547 19.272 17.684 18.108 17.008 16.411 14.659 12.810 11.529 10.804 9.515 7.071 6.352 6.177 3.774 0.826 0.000 1.095 3.545 5.870 8.226 11.137 13.715 14.132 16.999 19.576 21.317 22.610
23.578 23.714 22.185 22.970 23.512 22.805 24.321 24.564 25.379 25.202 26.104 26.116 25.382 25.445 24.158 24.034 22.980 21.515 21.133 20.989 19.210 17.835 19.014 18.635 16.890 17.260 19.026 18.744 17.463 19.455 20.790 20.234 19.717 21.246 20.190 21.059 20.417 21.756 19.484 18.010 18.386 19.210 18.034 20.472 20.402 19.284 20.729 22.655 23.023 23.080 24.241 24.611 24.671 24.107 23.025 22.033 21.079 21.358 21.085 19.641 19.454 18.726 16.924 16.019 14.647 12.638 11.670 10.902 8.590 6.975 5.988 5.710 2.799 0.796 0.001 1.340 3.551 6.448 8.052 10.517 11.806 15.230 17.419 19.401 21.052
24.276 24.207 22.945 23.488 23.799 23.136 24.627 24.669 25.674 25.013 26.340 26.382 25.446 25.768 24.076 24.186 22.966 21.270 21.027 20.854 19.134 17.355 18.796 18.900 16.858 17.096 18.829 18.700 17.187 18.869 20.477 20.028 19.495 20.698 20.057 20.164 20.045 20.665 19.173 17.286 17.771 17.970 16.905 19.302 19.318 18.719 20.183 22.227 22.869 23.047 24.393 25.079 25.228 24.677 23.883 22.714 21.641 22.297 22.162 20.009 20.497 18.710 17.428 16.122 14.562 13.166 11.838 10.235 8.988 8.097 6.665 5.408 4.757 3.532 1.032 0.000 1.890 4.197 6.325 8.257 10.539 13.516 15.498 17.826 19.488
24.907 25.095 23.680 24.279 24.810 24.026 25.243 25.403 26.165 25.874 26.912 27.057 26.150 26.595 25.160 25.235 24.170 22.994 22.305 22.463 20.652 19.237 20.229 20.012 18.013 17.565 19.705 19.179 17.498 18.932 20.805 20.222 19.582 20.958 19.774 20.423 19.690 20.754 18.684 17.428 18.164 18.845 18.233 20.517 20.949 20.640 21.798 23.569 24.237 24.337 25.561 26.147 26.422 25.971 25.445 24.263 23.739 24.394 24.116 22.595 23.213 22.067 21.206 19.724 17.888 16.898 15.829 13.000 11.734 11.201 9.725 7.595 7.417 6.415 3.946 1.339 0.001 1.888 4.653 7.272 9.960 12.605 14.642 17.904 19.732
24.877 24.944 23.771 24.324 24.867 23.900 25.318 25.427 26.356 26.226 27.274 27.414 26.884 27.369 26.189 26.324 25.045 24.137 24.096 23.902 22.086 21.275 22.104 21.235 18.948 19.610 21.166 20.098 18.701 20.525 21.916 20.644 20.623 22.313 21.397 22.167 21.765 22.781 20.641 19.690 20.827 21.815 21.309 23.499 23.616 23.166 24.086 25.535 25.789 25.839 26.879 27.408 27.500 26.949 26.376 25.605 24.972 25.770 25.562 24.351 24.592 23.313 22.809 21.822 19.892 18.626 17.856 16.088 13.590 12.987 11.846 10.216 8.639 7.004 6.303 4.029 1.672 0.000 2.051 4.173 7.397 9.500 11.263 13.824 16.175
24.744 24.599 23.144 23.474 23.868 22.892 24.548 24.708 25.743 25.713 26.784 27.029 26.658 27.043 25.857 25.768 24.391 23.550 23.675 23.356 21.260 20.986 21.790 20.726 18.490 19.706 21.193 19.755 18.822 21.076 22.756 20.899 21.721 23.294 22.509 23.458 23.067 24.187 22.159 21.350 22.450 23.398 22.740 24.494 24.539 23.917 24.423 25.939 26.095 25.884 26.947 27.340 27.350 26.932 26.377 25.571 24.926 25.955 25.923 24.879 25.456 23.773 23.840 23.328 21.369 20.088 19.938 18.499 15.575 15.641 15.567 13.726 11.259 9.926 9.045 6.991 4.101 1.848 0.000 2.139 4.889 7.167 8.515 10.950 13.119
23.771 23.317 21.675 22.112 22.573 21.580 23.340 23.791 25.062 24.698 26.149 26.318 25.626 26.067 24.288 24.040 22.377 20.921 21.276 21.143 18.460 17.422 19.312 18.690 16.206 17.710 19.560 18.739 17.776 20.145 21.758 20.595 20.898 22.548 21.617 22.631 22.234 23.368 21.447 20.285 20.982 21.666 20.293 22.503 22.502 21.356 22.370 24.202 24.623 24.253 25.745 26.198 26.236 25.351 24.755 23.355 22.290 23.706 23.356 21.795 22.521 20.289 20.878 20.266 17.334 16.995 17.554 16.367 13.847 14.539 15.043 13.404 11.914 11.746 10.552 8.134 6.524 4.097 1.780 0.001 1.843 4.560 6.798 8.191 10.163
23.449 22.754 21.641 21.663 22.066 21.267 23.163 23.548 24.829 24.197 25.991 26.131 25.315 25.846 23.886 23.906 22.262 20.736 21.061 20.912 18.394 17.298 19.253 18.425 15.751 17.649 19.459 18.899 17.174 20.229 21.546 20.785 20.655 22.413 21.284 22.460 21.920 23.189 21.491 20.088 21.004 21.181 19.715 21.757 21.841 20.889 21.842 23.791 24.217 23.888 25.531 25.997 25.976 25.242 24.509 23.035 21.992 23.228 22.866 20.980 21.748 19.596 20.024 19.626 16.692 16.380 17.425 16.361 14.096 15.025 16.204 14.617 13.041 13.693 12.666 9.342 8.616 6.337 4.133 1.404 0.001 1.722 4.519 6.341 7.535
23.680 23.176 22.318 22.265 23.173 22.240 24.384 24.576 25.773 25.506 26.950 27.305 26.733 27.455 25.907 25.666 24.164 22.732 22.904 22.642 20.497 19.510 20.719 19.990 17.508 18.404 19.866 19.140 17.828 19.792 21.279 20.335 20.024 22.115 21.349 22.646 22.290 23.627 21.912 21.006 22.013 22.592 21.786 23.657 23.939 22.948 23.947 25.889 26.091 25.797 27.228 27.603 27.529 26.939 26.119 24.953 23.978 25.014 24.934 23.404 23.687 21.585 22.051 21.672 19.263 17.959 19.473 17.693 15.547 16.098 17.211 15.045 13.791 14.386 13.457 9.849 9.610 7.837 6.141 4.155 1.474 0.001 1.743 4.347 5.965
23.679 23.221 21.801 21.812 22.463 21.597 23.146 23.827 25.146 24.967 26.196 26.813 26.318 26.650 25.216 24.727 23.220 21.864 22.263 21.974 19.404 19.053 20.532 19.601 17.465 19.021 20.744 19.480 18.960 21.088 22.674 21.061 21.441 23.409 22.575 23.892 23.251 24.348 22.486 21.328 22.307 23.013 21.820 23.649 23.604 22.659 23.684 25.268 25.555 25.495 26.782 27.158 27.139 26.479 25.734 24.617 23.444 24.407 24.272 22.687 22.988 20.700 21.230 21.070 18.400 17.610 18.739 17.606 14.953 15.812 16.880 15.485 14.285 14.916 14.449 12.079 11.368 9.552 7.845 6.537 4.060 1.458 0.001 1.783 4.873
23.446 22.813 21.771 21.357 22.235 21.125 23.151 23.685 24.850 24.672 26.233 26.543 25.938 26.358 25.288 24.913 23.557 22.442 22.616 22.103 19.892 20.020 21.045 19.835 18.281 19.998 21.213 19.882 19.685 21.452 22.764 21.291 21.921 23.725 22.843 24.247 23.736 24.929 23.320 22.210 23.285 24.028 22.834 24.555 24.629 23.537 24.100 25.763 25.933 25.609 26.865 27.266 27.149 26.762 26.025 24.888 23.941 24.959 24.916 23.624 23.930 21.162 21.975 22.376 19.523 18.463 20.189 19.583 16.916 17.685 19.336 17.870 16.976 17.475 16.929 14.091 13.779 11.971 9.304 7.723 6.393 4.134 1.433 0.001 1.497
22.770 23.052 21.380 21.350 21.948 21.502 22.673 23.502 24.664 24.178 25.775 26.236 25.684 26.066 24.910 24.579 22.940 21.812 22.285 21.786 19.635 19.008 20.429 19.966 18.117 19.648 20.670 19.629 19.208 21.187 22.534 21.052 21.493 23.460 22.434 23.993 23.317 24.545 22.824 21.675 22.714 23.513 22.046 24.062 24.233 23.000 23.727 25.499 25.673 25.226 26.548 26.889 26.893 26.350 25.371 24.247 23.342 24.438 24.289 22.857 23.268 20.619 21.627 21.847 19.125 18.489 20.644 19.586 17.390 18.736 20.438 19.383 18.875 20.005 19.573 16.667 16.705 14.700 12.131 9.272 7.992 6.345 3.908 1.399 0.001
