0.001 1.717 3.396 5.494 6.896 8.995 10.959 12.600 15.164 14.496 15.519 18.174 18.706 20.345 22.020 22.967 20.828 19.534 22.261 22.075 19.677 20.592 22.997 21.725 20.406 22.950 24.048 23.009 22.417 21.113 22.612 23.945 22.475 22.770 25.042 25.309 24.222 25.254 26.528 26.070 25.666 26.295 26.266 25.614 26.330 25.479 26.415 25.684 24.879 25.309 24.928 23.839 22.980 21.630 21.607 21.391 21.026 19.909 20.476 20.200 19.603 19.981 20.880 20.670 20.687 21.951 23.042 22.559 23.117 24.600 25.375 25.247 25.480 26.436 26.737 26.636 27.107 27.898 28.157 28.576
1.113 0.001 1.496 3.393 5.042 6.501 8.682 10.561 12.727 11.993 13.909 16.303 16.646 18.341 20.044 20.853 18.395 17.711 20.031 20.099 17.057 18.891 20.983 19.942 18.947 21.708 22.769 21.784 21.512 20.015 21.989 22.732 20.773 21.186 23.515 23.795 22.446 23.905 25.122 24.576 23.822 24.752 24.624 24.431 24.990 24.825 25.876 24.953 24.460 25.019 24.491 23.454 22.726 21.429 20.500 20.343 19.894 18.679 18.832 18.903 17.774 17.799 19.023 18.634 18.237 19.198 20.334 20.153 20.311 22.189 23.141 23.305 23.489 24.980 25.523 25.567 26.169 27.325 27.613 27.902
3.205 1.197 0.001 1.685 3.757 5.165 7.229 9.322 11.717 11.214 13.341 15.621 16.610 18.481 20.424 21.255 18.576 17.829 20.796 20.678 17.673 19.354 22.027 20.662 19.603 22.490 23.620 22.875 22.181 20.429 22.729 23.738 21.924 22.158 24.777 24.880 23.614 25.046 26.044 25.322 24.795 25.766 25.537 25.110 26.287 25.791 26.812 25.809 25.192 25.681 24.961 23.557 22.766 21.472 20.712 20.649 19.854 18.606 18.952 18.917 18.155 18.333 19.222 19.175 18.687 19.928 20.987 20.411 20.759 22.862 23.924 23.994 24.038 25.574 26.076 26.091 26.819 27.792 28.125 28.503
4.424 3.366 1.284 0.001 1.631 3.753 5.412 7.382 10.141 10.720 12.607 15.551 17.129 18.781 20.625 21.365 18.890 18.059 20.996 21.020 18.020 19.900 22.099 20.783 19.575 22.525 23.651 22.524 21.905 20.085 22.243 23.286 21.787 22.041 24.265 24.660 23.644 24.659 25.891 25.331 24.613 25.366 25.052 24.685 25.671 25.181 26.131 25.303 24.710 24.894 24.399 23.148 22.294 20.728 20.447 20.166 19.192 18.043 18.242 18.510 17.544 17.627 18.790 19.086 18.290 19.587 21.005 20.957 21.093 23.083 24.146 24.226 24.609 25.792 26.221 26.338 26.982 27.812 28.326 28.481
6.499 4.855 3.322 1.412 0.000 1.557 3.692 6.142 8.537 9.206 11.538 14.291 15.517 17.518 19.482 20.451 18.137 17.743 20.563 20.821 18.150 19.750 22.304 21.318 20.070 22.881 24.297 23.201 22.689 20.732 22.869 23.823 22.345 22.499 24.608 24.896 23.857 24.768 25.751 25.147 24.584 25.300 25.023 24.739 25.607 25.368 26.382 25.531 24.970 25.387 24.714 23.598 22.601 21.217 20.458 20.625 19.730 18.457 18.531 18.785 17.620 17.863 18.947 19.211 18.315 19.435 20.484 20.485 20.603 22.204 23.388 23.433 23.765 24.893 25.472 25.640 26.365 27.493 27.772 28.168
9.132 6.512 5.441 3.647 1.368 0.001 1.846 4.848 6.558 8.179 10.596 13.431 15.250 17.908 20.136 21.050 19.189 18.668 21.945 21.643 19.634 21.093 23.376 22.282 21.578 23.802 24.772 24.004 23.252 21.506 23.615 24.425 23.115 23.080 25.091 25.209 24.205 25.160 25.975 25.367 24.907 25.495 25.295 25.058 26.105 25.633 26.592 25.765 25.250 25.621 25.091 23.931 23.253 21.671 21.303 21.606 20.047 19.183 19.997 19.895 18.608 18.868 20.054 20.052 18.932 20.204 21.485 21.129 20.855 22.818 23.928 23.822 24.125 25.238 25.879 25.842 26.645 27.490 27.993 28.182
12.379 10.352 8.597 6.080 4.456 1.491 0.001 1.880 4.348 6.405 7.832 9.787 12.067 14.293 16.643 17.593 16.073 16.224 19.005 19.363 17.675 19.668 21.736 20.896 20.778 22.920 24.067 23.263 22.883 21.071 23.196 23.770 22.193 22.520 24.423 24.531 23.582 24.527 25.291 24.665 24.193 24.701 24.702 24.594 25.573 25.173 26.137 25.592 24.968 25.473 25.016 23.924 23.191 21.904 21.126 20.949 19.650 18.604 18.949 18.743 17.516 17.586 18.832 18.611 17.801 18.787 19.878 19.674 19.577 21.755 22.671 22.497 22.971 24.376 24.933 25.032 25.901 26.870 27.317 27.664
17.632 15.483 13.310 9.891 7.121 4.538 1.307 0.001 1.683 4.370 6.045 7.412 9.173 11.404 14.483 15.715 13.864 14.939 18.364 18.260 17.116 19.769 21.866 20.989 21.559 23.517 24.896 24.120 24.099 22.778 24.526 24.868 23.435 23.689 25.279 25.130 24.172 25.048 25.656 24.966 24.354 24.998 24.742 24.817 25.606 25.607 26.444 25.876 25.581 26.042 25.660 24.717 24.299 22.935 21.826 21.691 20.932 19.616 19.751 19.426 18.168 18.081 19.188 18.857 18.005 18.789 19.850 19.439 19.119 21.015 22.132 21.823 22.168 23.484 24.134 24.094 25.244 26.204 26.760 27.122
19.309 16.772 14.310 11.078 8.095 6.395 3.746 1.053 0.001 1.545 4.176 6.225 7.403 8.650 11.136 12.363 10.685 11.761 14.539 15.187 14.086 16.314 18.370 18.194 18.571 21.320 22.672 22.335 22.968 21.283 23.509 23.677 21.735 22.373 23.978 23.787 22.423 23.968 24.539 23.799 22.973 23.738 23.656 23.907 25.060 25.041 26.241 25.476 25.306 25.897 25.607 24.336 23.700 22.498 21.297 20.852 19.624 18.596 18.430 17.921 16.515 16.669 17.466 16.944 16.621 17.386 18.038 17.727 17.837 19.908 20.921 20.867 21.481 23.087 23.433 23.640 24.945 25.739 26.328 26.892
20.784 18.836 16.676 13.413 11.225 7.980 6.024 3.705 1.153 0.001 1.875 4.363 6.056 7.409 9.202 11.144 9.945 10.399 13.369 13.997 13.347 15.668 18.172 17.792 18.026 20.993 22.246 21.668 22.646 21.181 23.327 23.542 21.243 22.032 23.867 23.484 21.728 23.361 24.197 23.066 22.499 23.375 23.126 23.114 24.648 24.508 25.666 24.983 24.838 25.592 25.069 24.265 23.823 22.546 21.137 20.448 19.551 18.451 18.278 17.597 16.742 16.569 17.325 16.942 16.400 16.950 17.768 17.594 17.428 19.622 20.623 20.564 21.098 22.818 23.585 23.646 24.777 25.974 26.546 26.995
22.258 20.213 17.736 14.530 12.422 9.207 7.407 6.254 4.107 1.092 0.000 1.781 4.668 6.763 7.670 10.144 8.946 9.772 12.847 14.223 14.068 16.783 19.201 18.937 20.124 22.587 23.674 23.318 24.266 22.959 24.647 24.793 22.992 23.573 24.948 24.617 23.489 24.625 25.043 24.345 23.780 24.357 24.204 24.256 25.203 25.134 26.214 25.634 25.328 25.922 25.732 24.695 24.305 23.197 21.770 21.240 20.561 19.146 18.928 18.641 17.443 17.359 18.173 17.926 17.106 17.944 18.525 18.418 17.900 19.850 21.029 20.994 21.442 22.900 23.542 23.853 24.966 25.973 26.591 26.876
21.426 19.408 16.984 14.241 12.532 10.069 8.296 6.896 5.880 3.673 1.256 0.000 1.569 4.210 5.668 6.739 6.295 7.390 9.662 10.517 10.852 13.338 15.290 16.041 17.058 19.206 20.628 20.630 21.872 20.812 23.042 22.817 20.882 22.021 23.611 23.049 21.958 23.629 24.102 23.143 22.706 23.478 23.405 23.498 24.845 24.763 26.286 25.568 25.209 25.948 25.833 24.690 24.054 22.833 21.538 20.808 19.656 18.549 18.615 17.752 16.321 16.446 17.310 16.471 16.042 16.885 17.401 17.003 16.922 18.922 19.809 19.755 20.523 22.213 22.495 22.779 24.152 25.342 25.952 26.570
24.414 22.616 20.871 18.482 16.284 13.774 12.372 9.452 7.949 6.787 3.781 1.461 0.000 2.186 4.568 6.111 6.318 7.828 10.195 11.516 12.595 14.464 16.046 17.981 19.261 20.885 22.621 23.092 24.573 23.655 25.915 25.624 23.883 24.610 26.144 25.560 24.394 25.459 25.902 24.919 24.631 25.086 24.609 25.008 26.102 25.969 26.920 26.305 26.208 26.782 26.405 25.655 25.426 24.118 23.304 22.963 21.982 20.900 21.093 20.571 19.269 19.144 20.033 19.271 18.198 19.469 19.677 19.196 18.774 21.022 21.293 21.011 21.935 23.466 23.680 23.552 25.110 26.085 26.441 27.061
24.950 23.800 21.636 19.618 18.540 15.760 14.611 12.573 10.119 8.892 7.252 4.586 1.702 0.002 2.061 4.349 5.651 5.303 5.103 9.075 9.896 8.839 11.095 13.205 13.610 13.471 16.640 18.638 20.540 21.169 22.945 22.408 21.163 22.203 23.791 23.207 22.661 24.131 24.484 23.925 23.981 24.785 24.903 24.936 26.170 25.897 26.823 26.591 26.095 26.753 26.515 25.799 25.500 24.502 23.680 23.038 21.755 20.870 21.071 20.141 18.634 18.774 19.547 18.588 17.675 19.036 19.599 19.214 19.151 21.356 22.050 21.602 22.664 23.970 24.591 24.553 25.842 26.302 26.822 27.109
21.245 20.140 18.129 16.478 16.695 14.547 14.137 12.624 11.212 9.477 7.771 6.181 3.874 0.963 0.002 0.834 1.560 1.928 1.890 1.863 3.465 3.331 3.731 4.395 5.398 5.810 6.538 7.093 8.365 8.897 10.207 9.378 8.962 10.366 11.255 10.792 11.243 13.037 13.747 13.097 13.806 16.250 17.530 16.813 19.838 20.033 22.688 22.303 21.646 23.361 23.556 22.302 21.863 20.506 19.121 17.597 16.565 15.568 14.479 12.728 12.249 12.920 12.725 11.637 12.243 13.463 13.278 13.590 14.893 16.839 17.681 18.350 19.554 20.474 21.046 21.870 22.986 23.719 24.537 25.234
20.912 19.805 17.805 15.927 16.236 14.249 14.314 13.240 11.796 10.033 8.063 6.682 4.775 2.033 0.577 0.000 0.623 0.955 1.247 1.139 1.289 2.223 2.412 2.835 3.045 3.795 4.038 4.536 5.917 6.661 7.440 7.147 6.873 7.978 9.077 9.265 9.210 11.230 12.171 11.753 12.919 15.286 16.421 16.338 18.959 19.575 21.893 21.415 21.115 22.880 22.724 21.630 21.301 19.832 18.062 16.856 15.644 14.345 13.085 11.358 11.254 11.764 11.445 10.543 11.259 12.360 12.435 12.643 13.770 16.263 17.190 17.914 19.024 20.670 21.381 21.708 22.970 24.127 25.182 25.685
21.257 19.656 17.997 16.445 16.469 14.256 14.453 13.367 12.181 10.104 8.603 7.108 4.733 2.445 1.181 0.557 0.000 0.662 0.891 1.101 1.129 1.379 1.959 2.448 2.513 2.934 3.350 3.587 4.888 5.939 6.744 6.364 6.258 7.635 8.416 8.458 8.648 10.937 11.731 11.576 12.569 15.242 16.589 16.298 19.463 19.719 22.438 21.868 21.448 23.504 23.497 22.312 21.805 20.464 18.873 17.078 15.490 14.269 13.060 11.206 10.901 11.299 11.072 9.958 10.998 12.124 12.494 12.570 13.771 16.292 17.182 17.985 19.283 20.786 21.531 21.692 22.983 23.981 24.897 25.809
20.683 19.414 17.445 15.573 15.898 13.772 13.988 13.019 11.258 9.582 8.207 6.991 4.861 2.452 1.585 0.975 0.526 0.000 0.576 0.710 0.930 1.012 1.103 1.595 1.799 2.192 2.672 2.998 4.320 5.620 6.705 6.088 6.188 7.114 8.335 8.586 8.677 10.879 11.516 11.428 12.356 14.690 16.074 15.608 18.900 19.160 21.748 21.491 20.946 22.717 22.759 21.340 21.203 19.805 17.929 16.414 14.982 13.958 12.853 11.008 10.758 11.376 11.183 10.299 11.148 12.221 12.295 12.512 13.496 15.993 16.988 17.866 18.977 20.386 21.244 21.859 22.844 23.840 24.820 25.470
20.491 19.302 17.330 15.615 16.050 14.053 14.324 13.262 11.879 9.875 8.521 7.156 4.885 2.573 1.693 1.266 0.857 0.510 0.000 0.521 0.704 0.829 0.794 1.037 1.469 1.682 2.215 2.734 3.860 5.343 6.096 5.108 5.628 6.947 7.761 7.783 8.252 9.887 10.591 10.548 11.447 13.658 14.881 14.767 17.877 18.720 21.265 20.999 20.417 22.213 22.218 21.123 20.992 19.568 17.782 16.319 15.000 13.982 12.776 10.679 10.716 11.194 10.843 9.895 10.736 11.745 11.798 12.115 13.359 15.612 16.648 17.340 18.737 19.780 20.580 21.512 22.462 23.429 24.553 25.224
21.152 19.530 17.824 16.098 16.297 14.279 14.407 13.359 12.131 9.884 8.581 7.052 5.033 2.912 1.656 1.260 1.120 0.677 0.516 0.000 0.512 0.659 0.790 0.876 1.081 1.435 1.872 2.305 3.548 4.870 5.494 4.817 4.956 6.273 7.233 7.529 7.872 9.549 10.684 10.713 11.843 14.169 15.548 15.305 18.470 18.888 21.576 21.298 20.699 22.785 22.985 21.505 21.455 20.041 17.956 16.358 15.087 13.858 12.557 10.377 10.648 10.703 10.582 9.769 10.687 11.473 11.787 11.914 13.440 15.789 16.608 17.387 18.886 20.591 21.309 21.635 23.082 23.872 24.968 25.724
20.715 19.318 17.714 15.852 16.051 13.933 14.218 13.288 12.061 9.599 8.339 7.261 4.990 2.984 2.083 1.366 1.080 0.918 0.682 0.508 0.000 0.525 0.699 0.884 1.121 1.346 1.828 2.285 3.471 4.724 5.960 5.150 5.318 6.481 7.590 7.941 8.092 9.979 10.913 11.078 11.670 14.511 15.921 15.183 18.660 18.789 21.577 21.234 20.295 22.562 22.668 20.877 20.734 19.445 17.576 15.675 14.439 13.419 12.234 10.382 10.501 10.645 10.531 9.693 10.572 11.554 11.705 11.928 13.195 15.891 16.711 17.644 19.073 20.239 21.566 22.265 23.095 24.201 25.154 25.801
20.596 19.377 17.483 15.806 16.152 14.215 14.347 13.467 12.047 9.840 8.535 7.349 5.582 3.308 2.083 1.715 1.235 0.956 0.806 0.618 0.503 0.000 0.528 0.694 0.936 1.053 1.661 2.128 3.420 4.808 5.800 5.029 5.332 6.403 7.251 7.989 8.190 9.698 10.430 10.894 11.706 13.548 14.995 14.812 17.932 18.333 21.269 21.001 20.264 22.282 22.167 20.848 20.677 19.226 17.358 15.939 14.255 13.541 12.411 10.396 10.380 10.833 10.538 9.862 10.565 11.631 11.666 11.966 13.325 15.695 16.864 17.725 19.000 20.211 20.899 21.631 22.453 23.460 24.385 25.171
20.268 19.691 17.767 16.120 16.499 14.267 14.539 13.843 12.510 10.075 8.910 7.515 5.604 3.490 2.258 1.758 1.529 1.094 0.777 0.702 0.615 0.513 0.000 0.519 0.767 1.038 1.323 1.967 3.115 4.649 5.253 4.888 4.966 6.388 7.167 7.599 8.072 9.459 10.254 10.526 11.427 13.817 15.197 15.015 17.895 18.613 21.284 20.853 20.541 22.394 22.454 21.208 20.753 19.543 17.626 16.212 14.910 13.859 12.725 10.443 10.558 10.968 10.579 9.836 10.651 11.451 11.577 12.023 13.259 15.530 16.649 17.504 18.824 20.204 21.024 21.801 22.713 23.701 24.922 25.334
20.848 18.968 17.726 16.283 16.242 14.400 14.674 13.881 12.469 10.050 8.968 7.630 5.709 3.587 2.488 2.190 1.838 1.496 1.018 0.843 0.857 0.730 0.531 0.000 0.547 0.905 1.385 1.908 3.120 4.378 5.171 4.615 4.770 6.156 7.216 7.411 7.913 9.673 10.536 10.481 11.327 14.034 15.463 15.138 18.429 18.845 21.742 21.453 20.734 22.882 22.987 21.613 21.073 19.766 18.144 15.889 14.853 13.767 12.472 10.333 10.583 10.742 10.453 9.644 10.519 11.427 11.431 11.791 13.157 15.608 16.295 17.492 18.842 19.976 20.936 21.759 22.772 23.565 24.715 25.567
20.192 19.280 17.590 16.034 16.162 14.479 14.638 14.072 12.563 10.143 9.115 8.148 6.311 4.071 3.148 2.656 2.371 2.195 1.727 1.180 1.026 1.130 0.890 0.563 0.000 0.672 1.177 1.697 2.745 4.080 5.271 4.696 4.753 6.353 7.477 7.669 8.027 9.710 10.874 11.036 12.037 14.539 15.503 15.496 18.343 18.546 21.331 21.080 20.462 22.426 22.576 20.900 20.494 19.388 17.601 16.175 14.565 13.778 12.608 11.053 10.448 10.975 10.599 10.079 10.574 11.526 11.742 12.126 13.583 15.772 16.468 18.153 19.531 20.312 21.499 22.620 23.342 24.268 25.315 26.011
20.321 19.052 17.376 16.027 16.483 14.790 15.112 14.431 13.174 11.193 10.292 9.184 7.567 5.838 4.554 4.190 3.394 3.002 2.596 2.057 1.662 1.553 1.300 0.979 0.586 0.000 0.693 1.416 2.572 4.296 5.103 4.560 4.856 6.098 7.190 7.708 8.106 9.590 10.120 10.932 11.911 13.893 15.311 15.273 18.159 18.475 21.259 21.075 20.465 21.916 22.183 20.850 19.954 19.092 17.578 15.915 14.634 13.951 12.893 10.351 10.401 11.097 10.762 9.878 10.886 11.942 11.885 12.225 13.990 15.990 16.869 18.102 19.644 20.434 21.378 22.252 23.191 23.786 24.552 25.438
20.506 19.514 17.703 16.492 16.881 15.077 15.565 15.176 14.004 11.652 10.874 10.276 8.851 7.087 6.134 5.504 4.409 3.844 3.433 3.263 2.521 1.992 1.967 1.794 1.235 0.653 0.000 0.640 2.132 3.767 4.475 3.385 4.097 5.361 6.460 6.963 7.699 9.345 10.244 11.084 12.413 14.598 15.800 16.108 18.480 19.057 21.542 21.279 21.123 22.424 22.682 21.520 20.483 19.986 18.636 16.612 15.361 14.727 13.988 10.997 11.234 12.212 11.571 10.552 11.652 12.681 12.468 12.767 14.578 16.476 17.063 18.101 19.844 20.810 21.623 22.418 23.431 23.865 25.042 25.636
20.803 19.559 18.173 16.749 16.910 15.434 15.925 15.631 14.398 12.028 11.286 10.925 9.884 7.979 7.131 6.948 5.621 5.162 4.589 4.365 3.783 3.070 2.461 1.925 1.877 1.478 0.689 0.000 0.847 1.741 2.838 2.745 2.994 4.411 5.484 6.138 6.601 7.862 9.171 9.625 10.707 13.407 14.829 14.990 18.043 18.468 21.276 21.378 20.819 22.651 23.000 21.679 20.906 19.800 18.289 16.167 14.699 13.948 12.834 10.797 10.933 11.231 10.720 10.203 10.930 12.032 11.633 12.376 13.951 16.352 16.640 18.255 19.801 20.652 21.624 22.427 23.606 24.195 24.956 26.272
20.398 19.715 17.867 16.777 17.557 16.050 17.164 16.938 15.774 13.550 13.665 13.371 12.066 10.674 10.313 10.116 8.668 8.674 7.775 6.414 5.665 5.350 4.540 3.559 3.114 2.820 1.856 0.750 0.000 0.995 2.155 2.656 2.763 2.827 4.457 5.267 5.471 7.178 8.159 8.885 9.914 12.016 13.536 14.384 17.294 17.922 20.655 20.741 20.501 22.285 22.253 21.079 20.633 19.326 17.948 16.203 14.849 14.393 13.042 10.955 11.173 11.565 11.077 10.614 11.725 12.381 12.405 13.095 14.775 16.520 17.266 19.161 20.162 20.905 21.905 22.886 23.772 24.379 25.137 26.110
20.552 19.543 17.915 16.608 17.496 16.015 17.110 17.145 16.232 14.016 13.700 14.014 12.626 11.447 11.105 10.439 9.209 8.325 8.313 7.498 6.264 5.659 5.773 4.962 3.477 3.751 3.174 1.714 0.672 0.000 0.768 1.066 1.654 1.825 2.547 3.496 4.602 5.423 6.859 7.669 9.132 11.650 13.506 14.492 17.383 17.919 20.633 20.865 20.275 22.327 22.513 21.099 20.390 19.330 17.932 15.845 14.559 14.457 13.170 11.161 11.127 11.601 11.015 10.679 11.641 12.577 12.556 13.158 15.048 16.864 17.526 19.167 20.642 21.502 22.340 23.626 24.548 25.023 25.891 26.487
20.769 19.761 18.117 16.976 17.631 16.201 17.209 17.088 15.944 13.710 13.827 13.488 12.278 11.469 11.136 10.927 9.451 8.706 8.727 7.920 6.412 6.287 6.598 5.275 3.814 4.237 3.852 2.622 1.221 0.554 0.000 0.593 1.042 1.504 1.752 2.470 3.900 5.224 6.109 7.022 8.466 10.682 12.614 13.778 16.648 17.682 20.438 20.334 20.182 22.055 22.450 20.964 20.536 19.394 17.730 16.280 14.918 14.462 12.926 11.077 11.315 11.766 10.785 10.622 11.706 12.466 12.362 13.149 14.545 16.510 17.240 18.780 20.038 21.124 21.799 22.855 23.794 24.392 25.101 26.236
21.012 19.950 18.358 17.143 17.509 16.002 16.836 16.768 15.778 13.566 13.826 13.702 12.609 11.912 11.515 10.958 9.784 9.415 9.352 8.447 7.154 6.931 7.160 5.779 4.464 4.953 4.561 3.131 1.672 1.058 0.549 0.000 0.650 1.308 1.865 2.236 3.171 4.677 5.854 6.868 8.270 10.762 12.682 14.022 17.199 17.706 20.423 20.408 20.087 21.925 22.107 21.145 20.436 19.636 17.916 16.198 15.079 14.191 12.830 10.976 11.351 11.297 10.639 10.752 11.481 12.057 12.013 12.850 14.360 16.324 17.052 18.779 19.910 20.771 21.685 22.745 23.713 24.139 25.294 26.213
20.999 19.820 18.485 17.253 17.648 16.308 17.121 17.168 16.006 14.370 14.269 13.986 12.905 11.922 11.698 10.975 9.568 9.206 9.335 7.795 6.714 7.107 6.928 5.514 4.833 5.390 4.807 3.090 2.050 1.645 1.055 0.537 0.000 0.674 1.448 2.140 2.706 3.981 5.598 6.529 7.955 10.815 12.850 14.102 17.686 17.858 20.575 20.553 20.209 22.176 22.550 21.223 20.608 19.598 17.990 15.749 14.783 14.263 12.834 10.592 10.906 11.030 10.381 10.117 11.359 12.022 11.794 12.508 14.288 16.471 16.947 18.579 19.916 20.836 21.716 22.728 23.722 24.704 25.244 26.242
20.569 19.782 18.080 16.953 17.543 16.050 17.373 17.287 16.604 14.487 14.445 14.578 13.287 12.149 11.766 11.307 9.872 9.244 9.030 8.297 6.677 6.509 6.625 5.838 4.183 4.820 4.698 3.441 2.047 1.976 1.860 1.077 0.569 0.000 0.776 1.636 2.542 3.410 4.640 6.235 7.825 10.274 12.492 13.803 17.252 17.965 20.571 20.643 20.144 22.194 22.414 20.943 20.256 19.698 18.216 15.813 14.869 14.556 13.114 11.301 11.312 11.494 11.042 10.629 11.660 12.478 12.389 13.211 15.176 17.217 17.356 19.431 20.822 21.636 22.630 23.730 24.708 25.191 25.828 26.803
21.029 19.994 18.385 17.132 17.882 16.303 17.605 17.533 16.501 14.427 14.910 14.712 13.721 12.909 12.811 12.703 11.346 10.548 10.648 10.105 8.588 9.138 9.076 7.365 6.081 7.612 7.115 4.984 3.674 2.922 2.090 1.812 1.414 0.582 0.000 0.817 1.909 3.439 3.886 5.230 7.281 9.532 11.379 13.192 16.400 17.357 20.194 19.773 19.789 21.639 21.841 20.564 20.038 19.302 17.649 15.938 14.917 14.621 12.942 10.911 11.503 11.740 10.768 10.665 11.785 12.445 12.319 13.234 14.535 16.589 17.503 18.784 19.794 21.158 21.798 22.716 23.829 24.318 25.259 26.304
21.902 20.983 19.611 18.632 19.195 18.052 19.316 19.621 19.022 17.162 17.509 17.628 16.369 16.416 16.285 15.601 14.556 13.697 14.247 13.693 12.214 12.868 12.608 10.638 8.945 10.503 9.048 6.652 5.454 4.115 2.842 2.434 2.715 1.435 0.665 0.000 0.927 2.676 3.734 4.574 6.207 8.821 10.630 12.472 15.785 16.873 19.683 19.812 19.767 21.875 22.168 21.150 20.822 20.024 18.296 16.569 15.819 15.216 13.510 11.393 12.356 12.655 11.282 11.173 12.598 13.131 12.583 13.913 15.572 17.198 17.566 19.403 20.708 21.575 22.507 23.469 24.320 24.705 25.735 26.461
22.575 21.942 20.958 20.244 20.761 19.562 20.762 21.345 20.945 19.499 19.876 20.166 18.464 18.343 18.830 17.406 15.901 15.723 15.965 14.223 12.385 13.968 13.377 11.401 10.064 12.182 10.911 8.125 7.408 7.125 5.471 4.116 4.376 3.433 2.378 0.769 0.000 1.366 2.561 4.302 5.614 7.932 9.681 11.749 14.763 15.720 19.006 19.414 19.331 21.649 22.315 21.317 20.587 20.164 18.477 16.357 15.872 15.787 13.698 11.653 13.317 13.175 11.709 11.838 13.273 13.936 13.051 14.713 16.798 17.852 18.064 20.130 21.084 21.553 22.865 24.001 24.512 25.076 25.902 26.654
22.778 22.566 21.061 20.593 21.685 20.581 21.997 22.325 21.693 20.156 20.628 20.533 19.183 19.349 19.348 18.422 16.663 16.408 16.550 14.988 13.638 14.114 14.175 11.743 11.223 13.470 12.148 9.926 10.206 8.809 8.517 6.454 4.750 4.789 4.574 3.000 0.723 0.000 1.150 2.841 5.558 7.592 9.489 11.757 15.308 16.999 20.114 20.432 20.748 22.792 23.373 22.321 21.778 21.360 19.448 17.546 16.801 16.621 14.910 12.791 13.706 14.135 12.693 12.381 13.731 14.382 13.445 15.089 16.804 18.066 18.222 20.330 21.488 22.346 23.220 24.016 24.951 25.541 26.060 27.096
23.201 22.806 21.268 20.705 21.786 20.339 21.889 22.425 21.981 20.134 20.976 21.416 19.593 19.745 20.539 19.639 17.315 17.643 18.434 16.301 15.354 16.440 16.359 14.539 14.584 15.682 14.800 12.353 11.286 10.205 9.175 7.859 6.585 5.100 4.337 3.905 2.288 0.789 0.000 1.106 2.941 6.014 7.810 11.053 14.279 16.253 19.068 19.364 19.879 21.775 22.386 21.525 21.048 21.008 19.334 17.258 17.314 17.179 15.041 12.996 14.400 14.483 13.020 13.036 14.220 14.447 14.145 15.207 16.396 17.529 18.163 19.678 20.697 21.714 22.115 23.211 24.078 24.612 25.603 26.690
23.949 23.561 22.494 21.681 22.390 21.309 22.413 22.900 22.629 21.172 21.728 22.371 20.862 21.568 21.974 21.255 18.872 19.268 20.352 18.265 17.240 18.253 18.601 15.780 15.987 17.861 16.641 13.810 12.849 11.312 9.925 8.688 8.442 6.680 5.371 4.207 3.555 2.750 0.998 0.000 1.513 4.103 6.633 8.637 12.071 14.068 17.286 17.725 18.884 21.028 21.850 21.377 21.332 21.312 19.210 17.701 17.689 17.531 15.168 13.344 14.992 14.781 13.230 13.270 14.965 14.633 13.872 15.572 16.843 17.425 17.875 19.738 20.771 21.304 22.091 23.100 23.938 24.507 25.588 26.487
25.716 25.640 24.782 24.175 24.884 23.847 24.456 24.947 24.649 23.735 24.516 24.968 24.136 24.699 25.016 24.354 22.493 23.175 23.824 21.875 20.390 22.074 21.700 18.693 19.219 21.331 19.686 16.560 16.855 15.144 14.358 11.764 10.803 9.897 8.850 6.519 6.033 6.255 3.675 1.204 0.000 1.954 4.681 7.308 9.749 12.811 15.354 16.064 17.769 20.487 21.418 21.851 21.961 21.979 20.034 18.422 18.686 18.383 16.466 15.238 16.667 16.493 14.851 15.319 16.910 16.621 15.431 17.656 18.788 19.064 19.323 21.189 22.082 22.660 23.311 24.436 24.870 25.400 26.286 26.984
26.524 26.505 25.427 25.075 25.823 24.746 25.866 26.187 25.943 24.866 25.687 26.150 25.460 26.027 26.247 25.585 23.995 24.678 25.223 23.160 21.722 23.994 23.682 20.365 21.622 23.894 22.456 19.784 20.183 18.677 18.742 16.266 12.960 12.194 11.960 9.282 7.175 7.135 6.533 4.380 1.479 0.000 1.891 5.392 7.037 10.900 12.956 13.323 16.251 19.463 20.213 20.912 21.757 22.271 20.358 19.020 20.268 20.173 17.435 16.332 18.329 18.099 15.838 16.299 17.878 17.532 15.949 18.036 19.209 19.484 19.731 21.700 22.731 23.271 23.846 24.935 25.604 25.959 26.994 27.599
26.112 25.968 24.956 24.581 25.305 24.204 25.194 25.619 25.355 24.209 25.099 25.639 24.772 25.498 26.112 25.698 23.424 24.541 25.462 23.028 21.938 24.270 24.353 21.209 22.420 24.912 23.910 21.559 21.999 19.911 19.895 18.172 15.711 14.539 14.572 12.090 9.444 9.193 7.587 6.488 4.279 1.598 0.000 1.597 4.055 6.770 8.032 8.407 10.374 13.422 14.475 16.068 17.521 18.395 16.775 16.233 17.925 17.912 15.529 15.297 17.477 16.943 15.570 16.995 18.404 17.512 16.853 18.857 19.861 19.830 20.304 21.985 23.077 23.588 24.362 25.271 25.698 25.839 26.931 27.507
25.596 25.496 24.636 23.945 24.556 23.380 24.454 24.951 24.777 23.584 24.407 24.999 23.925 24.793 25.092 24.711 22.069 22.994 24.051 21.210 20.030 22.867 23.023 19.630 20.848 23.690 22.972 20.736 21.485 19.912 20.227 18.920 16.323 16.076 16.069 14.059 11.578 11.547 9.217 7.577 5.819 3.527 1.236 0.000 1.480 3.674 4.693 6.151 8.052 10.451 12.047 14.095 15.354 16.930 15.405 14.659 16.283 16.398 14.683 14.388 16.122 16.054 15.044 15.984 17.006 16.535 15.878 17.740 18.512 18.895 19.599 20.963 22.158 22.763 23.360 24.358 25.034 25.398 26.318 26.958
24.780 24.200 23.527 23.075 23.686 22.642 23.845 24.239 23.827 22.662 23.580 24.118 23.209 24.106 24.702 23.997 21.372 22.343 23.354 20.918 19.356 21.843 22.188 19.187 19.742 22.768 22.164 20.279 20.600 18.978 19.554 18.758 16.320 16.061 16.700 15.002 12.398 12.739 11.443 9.346 7.542 5.969 3.019 1.167 0.000 1.307 2.377 4.291 5.036 7.481 9.158 10.707 11.670 12.730 12.503 12.320 13.916 14.643 13.439 13.219 15.051 14.912 14.281 15.375 16.589 16.177 15.742 17.714 18.663 19.049 19.403 20.888 22.089 22.743 23.176 24.088 24.919 25.329 26.329 26.858
24.866 24.572 23.832 23.492 24.169 23.412 24.485 24.843 24.552 23.647 24.425 24.946 24.099 25.122 25.141 24.733 22.704 23.063 23.864 21.856 20.276 22.224 22.644 19.585 20.226 22.839 22.337 20.622 21.010 19.268 19.552 19.493 17.462 16.590 17.480 16.559 14.929 13.896 13.200 12.022 8.856 7.315 4.803 3.025 0.907 0.000 0.929 2.858 4.466 6.380 8.255 9.804 11.190 13.056 12.704 12.569 14.386 15.473 14.612 14.358 16.261 16.309 15.558 16.501 17.834 17.431 17.047 19.018 20.036 20.086 20.654 22.238 23.251 23.564 24.337 25.399 25.800 25.926 26.957 27.483
24.253 23.670 23.063 22.742 23.326 22.622 23.797 24.108 23.788 22.814 23.528 24.128 23.233 24.285 24.687 24.025 21.598 22.248 23.202 21.037 19.345 21.472 21.842 19.323 19.326 22.186 22.056 20.133 20.301 18.671 19.449 19.065 16.599 16.222 17.250 16.102 14.051 13.721 13.177 12.171 9.601 8.057 6.222 4.071 2.333 0.802 0.000 1.098 3.098 5.262 7.158 8.785 10.201 11.213 11.395 11.414 13.024 14.058 13.666 13.442 14.992 15.337 14.958 15.875 16.990 16.987 16.645 18.396 19.511 20.098 20.472 21.632 22.785 23.447 23.853 24.846 25.564 25.936 26.755 27.426
24.784 24.082 23.597 23.328 23.919 23.339 24.454 24.864 24.749 23.680 24.448 25.033 24.279 25.098 25.421 24.893 22.730 23.233 24.143 22.319 20.782 22.501 23.040 20.666 20.859 23.082 22.929 21.178 21.100 19.048 20.030 20.024 17.969 17.432 18.698 17.939 16.364 16.114 15.922 15.299 12.860 11.312 9.332 6.888 4.010 2.436 0.872 0.000 1.725 4.109 6.183 7.502 8.552 10.082 10.493 10.691 12.487 13.928 13.833 14.341 16.146 16.818 16.667 17.497 18.906 19.227 19.265 20.820 22.085 22.472 22.782 23.880 24.902 25.207 25.618 26.333 26.752 26.791 27.639 27.995
24.861 24.388 24.013 23.788 24.351 23.839 24.970 25.231 25.406 24.601 24.858 25.642 25.034 26.003 26.108 25.901 24.133 24.077 24.884 23.443 21.681 23.413 23.800 21.415 21.265 23.695 23.486 21.786 21.918 19.480 20.396 20.683 19.043 18.007 19.319 18.948 17.766 16.737 17.695 16.838 14.829 13.441 11.478 9.014 5.775 5.313 3.499 1.297 0.001 1.787 4.308 6.284 7.285 9.301 10.133 10.529 12.588 14.435 14.890 15.721 17.581 18.189 18.269 19.025 20.191 20.648 20.855 21.878 22.986 23.379 23.940 24.750 25.447 25.758 26.238 27.044 27.396 27.438 28.051 28.338
24.644 23.802 23.475 23.208 23.900 23.558 24.653 25.023 25.167 24.310 24.874 25.583 25.007 25.941 26.105 26.109 24.376 24.273 25.234 23.862 22.242 23.546 24.310 22.121 21.909 24.241 24.191 22.474 22.585 20.023 21.199 21.304 19.217 18.631 20.203 19.422 17.648 17.519 18.078 16.844 15.093 13.992 12.235 9.437 7.172 6.091 5.847 3.810 1.171 0.000 1.590 3.783 6.236 8.017 8.682 9.940 12.589 13.827 13.899 14.779 16.663 17.571 17.574 19.092 20.220 20.494 20.785 22.117 23.063 23.624 24.072 24.841 25.662 25.879 26.199 26.734 27.202 27.508 27.977 28.379
24.531 24.120 23.510 23.406 24.305 24.064 25.244 25.623 25.720 24.750 25.188 26.162 25.486 26.342 26.494 26.499 24.887 24.430 25.519 24.333 22.677 23.762 24.780 22.668 22.033 24.546 24.737 23.196 22.645 20.288 21.468 22.115 20.399 19.567 21.422 21.643 20.411 19.935 21.297 20.855 19.559 18.813 17.196 13.913 11.159 8.744 7.073 5.960 3.480 1.338 0.000 1.780 3.961 6.711 7.528 8.598 11.126 13.613 14.377 15.317 17.005 18.716 19.507 20.340 21.372 22.331 23.049 23.847 24.731 25.504 26.033 26.475 27.054 27.285 27.515 27.950 28.205 28.347 28.629 28.868
24.393 23.880 23.409 23.007 23.890 23.856 25.109 25.400 25.649 24.580 25.047 25.862 25.322 26.055 26.093 26.284 24.728 23.849 24.798 24.170 22.076 23.032 24.038 22.244 21.531 23.750 24.146 22.812 22.534 19.955 21.430 22.260 20.503 20.117 22.199 22.443 21.505 21.518 23.274 23.008 22.149 21.844 20.448 17.083 14.824 11.987 9.617 8.419 7.055 3.970 1.709 0.001 2.092 5.008 7.507 6.826 8.149 11.453 13.199 13.466 14.942 16.747 18.463 18.965 20.915 21.935 22.793 23.281 24.243 25.219 26.043 26.397 26.856 27.435 27.654 28.000 28.364 28.450 28.798 29.011
23.568 22.380 21.697 20.712 21.684 21.540 22.795 23.248 23.462 22.444 22.893 23.909 23.256 24.219 24.699 24.762 22.584 21.778 23.399 22.269 19.891 21.736 23.058 20.679 20.512 23.182 23.570 22.028 22.037 19.850 21.447 21.980 19.794 20.071 21.863 21.559 20.250 21.093 22.330 21.757 20.599 20.517 19.805 16.943 15.503 13.316 11.986 10.043 7.987 6.881 4.215 1.363 0.001 1.725 4.240 5.768 5.824 7.655 10.308 11.800 11.907 13.009 15.038 15.796 16.756 17.481 18.684 19.725 20.947 22.580 23.262 23.799 24.564 25.286 25.517 26.168 26.558 26.943 27.657 28.001
23.804 22.850 21.641 20.931 21.699 21.130 22.631 23.215 23.293 21.737 22.513 23.657 22.612 23.959 24.531 24.304 21.391 21.283 22.966 21.615 18.883 21.043 22.273 19.624 19.719 22.124 22.609 20.755 21.163 19.233 20.808 20.714 18.288 18.737 20.557 20.278 18.409 19.632 21.097 20.495 19.107 19.945 19.363 16.959 16.693 14.315 13.935 12.477 9.410 8.223 7.179 3.870 0.922 0.001 1.528 3.619 4.852 4.940 6.901 8.871 10.621 10.925 12.239 14.185 15.408 15.746 16.492 17.728 18.978 20.630 21.772 22.368 23.253 24.088 24.349 25.250 25.385 25.908 26.636 27.116
23.895 23.027 21.850 21.370 22.138 21.486 23.102 23.671 23.619 22.009 22.796 23.766 22.837 24.176 24.834 24.381 21.433 21.421 23.184 21.498 18.550 20.851 21.971 18.829 18.811 21.919 21.837 19.774 20.295 18.265 19.881 19.396 17.062 17.181 19.234 18.629 17.176 18.455 19.966 19.117 18.250 19.255 18.915 16.877 17.306 15.274 15.822 13.539 11.081 10.408 8.507 6.117 3.388 0.885 0.001 1.616 3.725 5.127 5.333 6.415 8.951 10.423 10.349 12.053 13.418 14.885 15.268 16.561 18.057 19.544 21.047 21.918 22.744 23.638 24.042 24.879 25.355 25.564 26.599 26.879
23.720 22.876 21.673 21.184 21.731 21.335 22.612 23.070 23.100 21.560 22.290 23.076 22.343 23.146 23.708 23.364 20.331 20.095 21.285 19.777 17.241 19.304 20.063 16.924 17.729 20.441 20.576 18.925 19.721 17.643 19.391 18.969 16.918 17.342 19.364 18.901 17.376 18.596 20.032 19.136 17.950 18.800 18.420 16.605 16.920 15.250 15.627 13.140 10.920 10.671 8.712 6.727 5.548 3.500 0.812 0.000 1.609 3.588 5.126 5.250 6.634 8.801 9.840 10.467 11.568 13.230 14.147 15.508 16.745 17.890 19.000 20.440 21.734 22.712 23.141 24.083 24.423 24.743 25.922 26.468
23.806 22.790 21.647 20.786 21.327 20.925 22.057 22.769 22.347 21.037 21.978 22.541 21.448 22.131 23.154 22.402 19.670 19.895 20.845 19.104 16.978 19.472 20.262 17.414 18.210 20.690 20.764 19.213 19.657 18.125 19.405 18.725 16.843 17.205 18.626 18.219 16.909 18.099 19.182 18.409 17.285 18.480 18.202 16.174 16.760 14.943 15.717 13.594 11.059 11.525 10.446 7.423 6.400 6.152 3.562 0.746 0.000 1.512 3.178 4.795 4.783 6.367 8.078 10.483 10.301 11.464 12.677 14.218 15.428 16.282 17.907 19.252 20.350 21.602 22.361 23.347 23.700 24.104 25.031 25.807
23.963 23.196 21.815 21.180 21.781 20.950 22.449 23.053 22.685 20.739 21.991 22.565 21.449 22.474 22.925 22.584 19.524 19.705 20.826 19.015 16.705 18.794 19.712 16.904 17.595 19.848 20.215 18.795 19.205 17.810 19.260 18.634 16.514 16.668 18.660 18.080 15.973 17.875 18.851 18.048 17.147 18.377 18.388 16.770 17.850 16.465 17.503 16.146 13.686 14.315 13.807 10.245 7.266 6.691 5.708 3.505 0.713 0.000 1.371 3.371 4.681 4.408 5.652 8.593 9.342 9.494 10.899 12.296 14.075 15.153 16.614 17.663 19.129 20.037 21.099 21.992 22.497 23.067 24.077 24.580
23.894 23.051 21.642 20.765 21.241 20.607 22.170 22.551 22.285 20.541 21.395 22.096 20.957 21.636 22.295 21.648 18.359 18.593 19.493 17.793 14.736 17.185 18.210 15.238 15.741 18.387 18.497 17.130 17.674 16.708 17.753 17.022 14.982 15.827 17.390 16.805 15.146 17.198 17.981 17.113 16.440 18.063 18.072 16.702 18.412 17.236 18.479 16.725 14.838 15.460 14.647 11.215 9.370 6.857 6.258 5.802 3.259 0.701 0.000 1.029 3.050 4.196 4.255 5.485 7.635 8.420 8.709 10.085 11.809 13.497 14.790 15.902 17.505 18.947 19.841 21.269 21.650 22.236 23.229 24.172
23.943 22.720 21.555 20.435 21.126 20.485 21.534 22.067 21.583 20.186 20.847 21.397 20.566 20.965 21.643 20.881 17.833 18.140 18.552 16.867 14.221 16.960 17.181 14.451 15.298 18.323 18.222 16.987 17.687 16.326 17.369 16.881 14.274 15.346 17.516 16.486 14.513 16.952 17.932 16.837 16.135 17.452 17.593 16.621 18.025 16.644 18.384 16.726 14.727 15.566 14.801 11.718 10.310 8.818 6.512 5.428 4.937 2.900 0.714 0.000 1.268 2.669 4.224 4.509 6.101 7.501 8.493 9.405 10.685 12.719 14.572 15.433 16.274 17.868 18.490 20.048 20.635 21.403 23.033 23.890
23.473 22.669 21.437 20.019 20.869 20.168 21.355 21.915 21.347 19.713 20.719 21.222 20.083 20.668 21.434 20.504 17.732 17.779 18.941 16.650 14.051 16.894 17.632 15.126 16.076 18.251 18.385 17.307 17.258 15.992 17.237 16.680 14.835 15.231 17.167 16.493 14.880 16.739 17.957 16.888 16.219 17.893 18.295 16.672 18.487 17.019 18.679 17.657 15.590 16.715 16.323 13.807 11.538 10.013 8.347 5.693 5.042 4.190 2.515 0.666 0.000 1.177 2.641 4.282 4.672 5.105 7.347 8.988 9.684 11.334 13.376 14.348 15.564 17.151 17.871 19.071 19.767 21.133 22.108 23.075
24.007 23.244 21.633 20.650 21.399 20.262 21.952 22.389 21.863 19.948 20.993 21.506 20.245 20.842 21.114 20.576 17.902 18.183 18.924 17.419 14.470 16.902 17.815 15.280 15.824 18.430 18.585 17.119 17.921 16.604 17.946 17.231 14.606 15.655 17.682 16.859 14.993 17.287 18.431 17.344 17.255 18.771 18.785 17.641 19.414 18.210 19.704 18.531 16.663 17.215 16.651 14.553 12.650 11.353 9.521 8.320 6.289 4.678 4.110 3.066 0.674 0.000 1.240 2.794 4.135 4.139 5.895 7.946 9.704 10.343 12.202 13.073 14.616 16.412 16.764 18.400 18.863 20.499 21.568 22.609
24.106 23.294 21.752 20.861 21.442 20.376 21.717 22.280 21.658 19.969 20.896 21.338 20.205 20.339 21.069 20.130 17.334 17.725 18.498 16.734 14.100 16.643 17.427 14.668 15.908 18.161 18.313 17.301 18.160 17.127 18.158 17.782 15.216 15.717 17.923 17.373 15.560 17.495 18.356 17.515 17.051 18.939 19.196 18.367 20.630 19.498 21.221 19.663 18.322 19.036 18.350 16.227 14.731 12.488 11.051 9.649 8.434 5.437 4.995 5.053 3.380 0.720 0.000 1.294 3.611 4.756 4.392 5.736 8.355 10.323 10.533 11.468 13.277 15.617 15.957 17.127 18.408 18.996 20.771 21.974
24.132 23.209 21.835 20.877 21.594 20.433 21.687 22.063 21.417 20.078 20.800 21.300 20.543 20.638 21.166 20.097 17.754 18.501 18.637 16.727 14.019 17.067 17.566 14.602 15.761 18.310 18.476 17.152 17.824 16.507 17.734 17.324 14.628 15.547 17.485 16.858 15.109 16.947 18.187 17.116 16.681 18.310 18.671 17.799 19.577 18.573 20.483 19.491 18.015 18.898 18.841 16.969 15.498 14.184 12.646 10.752 10.065 8.300 5.975 4.975 4.888 3.198 0.731 0.000 1.223 2.944 4.196 4.626 6.275 8.367 9.634 10.159 11.371 13.486 13.983 15.620 16.197 17.027 18.506 20.366
24.232 23.668 21.987 21.224 21.993 20.614 21.993 22.269 21.811 20.048 21.275 21.747 20.333 21.158 21.455 20.457 17.596 18.452 18.899 16.602 14.264 17.018 17.543 14.874 15.993 17.831 18.072 17.093 17.438 16.426 17.901 16.980 14.381 15.623 17.252 16.040 14.455 16.712 17.663 16.711 16.423 18.372 18.737 17.922 19.826 19.123 20.906 20.022 18.980 19.506 19.309 17.521 16.292 15.059 14.003 12.084 10.590 9.043 8.015 5.870 5.424 4.287 2.600 0.690 0.000 1.162 2.895 4.487 4.809 5.523 7.787 9.099 9.266 11.054 11.580 13.593 14.515 15.449 16.927 18.250
24.448 23.737 22.240 21.367 21.899 20.658 21.947 22.372 21.791 20.009 20.985 21.579 20.516 20.836 21.362 20.581 17.291 18.669 19.173 16.733 14.627 17.538 18.239 15.275 17.113 19.252 19.335 17.985 19.025 18.043 19.476 18.541 15.769 17.017 18.743 17.841 16.225 18.205 18.910 17.519 17.521 19.086 19.301 18.619 21.098 20.237 22.247 21.135 20.063 20.846 20.579 18.981 17.788 16.824 15.420 13.873 12.375 10.478 9.545 7.927 6.031 4.758 3.874 3.022 0.709 0.000 1.217 3.327 4.558 4.266 5.565 6.937 8.279 8.966 10.284 11.626 13.346 13.977 15.808 17.086
24.893 24.135 22.575 21.625 22.186 21.074 22.162 22.533 21.799 20.303 21.170 21.559 20.567 20.574 21.605 20.476 17.325 18.370 19.129 16.463 15.035 17.714 18.685 15.363 17.244 19.541 19.704 18.263 19.228 18.144 19.581 18.692 15.960 16.766 18.705 17.726 15.819 17.979 19.008 17.492 17.403 19.055 19.284 18.755 21.069 20.715 22.474 21.614 20.764 21.502 21.482 19.810 18.286 17.302 15.920 14.687 13.259 11.352 9.613 8.448 7.318 5.189 4.275 4.317 2.968 0.659 0.000 1.321 2.843 4.024 4.215 5.455 7.333 8.198 9.382 11.312 12.800 13.913 15.472 16.959
24.688 24.114 22.470 21.583 22.092 20.885 21.951 22.341 21.586 20.149 21.114 21.524 20.364 20.763 21.368 20.558 17.027 18.248 19.436 16.247 14.901 17.816 18.648 15.579 17.089 19.984 19.865 18.272 19.381 18.070 19.836 18.925 15.854 17.108 19.016 18.061 16.088 18.286 19.527 17.750 17.391 19.221 19.558 19.133 21.454 21.200 23.405 22.490 21.833 22.906 22.820 21.209 19.431 18.295 17.015 15.928 14.105 12.309 10.667 9.080 8.221 6.771 5.023 4.437 4.424 3.363 0.722 0.000 1.221 2.727 4.293 3.970 5.388 6.559 8.555 9.557 10.817 12.512 14.635 16.208
24.979 24.382 22.712 21.584 22.039 20.701 21.734 22.332 21.563 19.816 20.930 21.420 19.986 20.529 20.999 20.224 16.948 17.812 18.697 16.310 14.858 17.201 18.488 15.544 17.087 19.939 20.050 18.892 19.972 18.603 20.560 19.812 16.473 17.978 19.904 18.726 16.505 19.225 20.272 18.521 17.890 19.828 20.132 19.904 22.170 22.195 24.055 23.083 22.368 23.382 23.034 21.467 20.396 18.714 17.255 16.488 14.815 12.863 11.702 10.243 8.610 7.404 6.503 5.337 4.788 4.742 2.720 0.717 0.000 1.253 2.982 4.012 4.208 5.043 7.382 8.731 9.240 10.872 13.013 14.931
24.926 24.346 22.612 21.690 22.181 20.879 21.891 22.228 21.500 19.940 20.691 21.131 20.193 20.089 20.879 19.928 16.765 17.773 19.238 16.472 15.308 18.147 19.253 16.590 18.222 20.772 21.093 19.839 20.813 19.490 21.450 20.739 17.453 18.276 20.688 19.439 17.069 19.562 20.727 18.868 18.069 19.870 20.101 19.800 22.310 22.202 24.113 22.903 22.579 23.543 23.383 21.666 20.966 19.650 17.965 16.835 15.760 13.938 12.606 11.143 9.683 8.089 7.661 7.060 5.388 5.053 4.550 3.108 0.714 0.001 1.269 3.103 3.979 4.336 6.529 8.519 9.186 10.195 13.494 15.547
25.287 24.459 23.215 22.321 22.622 21.428 22.194 22.623 21.764 20.527 21.147 21.613 20.411 20.485 21.206 20.452 17.680 18.718 19.846 17.158 16.472 18.927 19.598 17.346 18.741 21.356 21.344 19.913 21.215 19.850 21.588 20.950 18.111 18.323 20.597 19.386 17.639 19.584 20.894 19.036 18.659 20.253 20.473 20.659 22.571 22.751 24.314 23.286 23.518 24.204 24.073 22.631 22.027 21.034 19.346 18.030 16.882 15.775 14.362 13.092 11.677 10.361 9.368 8.808 7.839 6.081 5.308 5.101 3.222 0.693 0.001 1.296 2.769 4.062 5.568 6.864 8.680 10.012 12.254 14.726
25.629 25.290 23.710 22.683 23.069 21.783 22.609 22.818 22.124 20.676 21.380 21.860 20.296 20.556 21.036 19.844 17.377 18.538 19.437 16.611 16.521 18.923 19.367 17.316 18.981 21.491 21.306 20.467 21.544 20.457 22.203 21.341 18.517 19.666 21.485 19.897 18.281 20.470 21.454 19.320 19.050 20.774 21.097 21.337 23.190 23.237 25.275 24.295 23.997 25.122 25.190 23.534 22.832 21.849 20.506 19.087 17.776 16.346 14.976 13.832 12.083 11.251 10.145 9.689 8.705 7.899 5.958 5.040 4.247 2.697 0.851 0.000 1.148 2.823 5.082 5.627 6.581 9.336 11.593 12.977
25.326 25.051 23.325 22.513 22.950 21.594 22.681 22.880 22.029 20.447 21.592 21.989 20.366 20.873 21.425 20.264 17.652 18.684 19.467 17.070 16.415 18.944 19.472 17.593 19.384 21.789 21.710 20.811 22.042 20.807 22.742 21.753 19.193 20.362 22.227 20.788 19.266 21.405 22.277 20.434 20.024 21.716 21.929 22.151 24.242 23.900 25.630 24.900 24.528 25.335 25.333 24.061 23.159 22.412 20.919 19.773 18.513 17.249 15.847 14.802 13.158 12.476 12.163 10.641 9.492 8.899 7.699 5.504 5.101 4.112 2.970 0.818 0.000 1.278 3.597 5.166 5.556 6.924 9.936 11.644
26.083 25.578 24.168 23.429 23.514 22.376 23.223 23.019 22.344 20.960 21.573 21.675 20.735 20.789 21.275 20.141 17.885 18.994 19.746 17.586 17.703 19.989 20.196 19.048 21.066 22.497 22.680 22.184 23.218 22.538 24.236 23.088 21.259 21.960 23.461 22.393 20.907 22.776 23.337 21.512 21.122 22.731 22.698 23.355 25.269 25.162 26.254 25.972 25.625 26.267 26.019 25.122 24.691 24.004 22.804 22.135 21.218 19.771 18.799 17.890 17.027 16.214 15.536 14.346 12.382 12.589 11.645 9.245 7.208 6.179 5.549 4.372 0.993 0.002 1.451 4.209 5.393 5.625 7.831 10.471
26.254 26.303 24.935 24.046 24.315 23.198 23.812 23.962 23.066 21.993 22.452 22.754 21.373 21.587 22.504 21.019 18.729 20.178 20.927 18.009 18.153 20.489 20.493 18.594 20.921 22.590 22.241 21.905 23.450 22.621 23.975 23.082 21.040 21.950 23.326 21.841 20.976 22.677 23.242 21.420 21.664 22.883 23.178 23.747 25.400 25.102 26.801 26.170 25.993 26.795 26.624 25.739 25.418 24.794 23.539 22.615 21.940 21.306 19.968 18.736 17.755 16.768 16.369 15.032 13.566 13.126 11.762 10.170 8.259 6.464 5.692 6.215 3.241 0.723 0.001 1.431 3.261 5.082 5.958 7.671
26.094 25.874 24.438 23.613 23.936 22.899 23.729 23.671 22.789 21.808 22.431 22.529 20.931 21.574 22.370 20.659 18.543 19.711 20.462 17.920 17.770 19.939 20.144 18.655 20.828 22.457 22.184 22.050 23.399 22.778 24.276 23.411 21.411 22.671 24.150 22.629 21.513 23.281 23.839 21.780 21.985 23.113 23.281 24.126 25.783 25.468 27.100 26.478 26.176 26.860 26.656 25.734 25.162 24.498 23.574 22.595 21.318 20.102 19.614 18.687 17.003 16.218 15.471 14.752 12.679 12.225 11.626 9.939 8.337 7.401 6.421 5.098 4.655 3.060 0.750 0.001 1.494 3.854 5.473 5.989
25.780 25.669 24.223 23.497 23.676 22.742 23.572 23.572 22.831 21.629 22.098 22.248 21.081 21.483 21.929 20.829 18.626 19.723 20.340 18.100 18.291 20.137 20.502 19.117 20.783 22.647 22.612 22.165 23.321 22.450 24.119 23.362 21.434 22.154 24.037 22.763 21.648 23.420 23.988 22.341 22.219 23.458 23.587 23.996 25.712 25.450 26.930 26.539 26.046 26.987 26.859 25.844 25.549 24.900 23.884 23.085 21.883 20.776 20.293 19.220 17.650 16.851 16.141 15.351 13.340 13.177 12.228 10.783 9.479 7.945 8.260 6.481 5.244 5.085 3.676 0.988 0.005 1.616 4.397 5.563
26.636 26.271 25.059 24.689 24.687 23.775 24.361 24.272 23.463 22.673 23.061 23.074 22.183 22.248 23.262 22.081 19.918 21.440 22.190 19.908 20.627 22.398 22.564 20.965 22.769 24.343 24.058 23.687 24.956 23.883 25.282 24.704 22.605 23.179 24.688 23.732 22.341 23.995 24.362 22.755 22.581 23.651 23.608 24.143 25.686 25.632 26.841 26.343 26.287 27.039 26.937 26.171 26.071 25.629 24.316 23.423 23.449 21.986 20.788 19.929 19.666 18.505 17.806 17.207 16.028 15.252 14.640 13.493 11.493 10.023 10.236 9.107 6.786 5.776 6.171 4.277 0.945 0.001 1.707 3.801
27.091 27.068 26.045 25.538 25.906 24.933 25.261 25.413 24.790 24.107 24.658 24.599 23.501 23.909 24.465 23.553 22.065 23.307 23.777 22.127 22.064 23.839 23.536 22.283 23.923 24.805 24.568 24.117 25.239 24.791 25.548 24.774 23.084 23.505 24.715 23.593 22.833 23.942 24.271 22.917 23.152 24.065 24.431 24.844 26.168 26.063 27.225 26.833 26.899 27.477 27.570 26.930 26.721 26.297 25.223 24.293 24.155 23.324 22.085 21.142 20.932 20.104 19.599 18.161 17.800 16.677 15.771 14.590 13.257 11.151 10.816 10.745 9.382 6.386 6.055 6.110 4.176 1.025 0.001 1.715
27.809 27.644 26.704 26.378 26.461 25.790 26.165 26.099 25.345 24.960 25.353 25.151 24.425 24.625 24.965 23.689 22.514 24.027 24.282 22.390 23.038 24.374 23.986 23.156 24.644 25.363 25.200 24.889 25.817 25.306 26.267 25.574 24.110 24.743 25.687 24.476 24.021 25.353 25.418 23.952 24.318 25.052 25.311 25.746 26.891 26.826 27.818 27.566 27.477 27.983 28.140 27.595 27.460 27.097 26.369 25.651 25.603 24.655 24.071 22.833 22.819 22.183 21.962 20.668 20.090 19.970 18.490 17.160 16.017 14.395 12.622 11.997 11.808 9.486 6.838 7.467 6.774 3.687 1.170 0.012
