0.001 2.045 4.537 6.323 7.368 9.091 12.095 14.333 15.063 15.837 17.356 19.521 20.355 21.692 23.130 23.990 24.864 25.424 24.306 24.678 24.300 23.788 24.391 23.050 24.746 23.884 22.094 21.909 23.606 22.398 20.453 22.290 23.156 21.600 21.411 23.593 23.821 22.966 23.311 24.937 24.897 24.885 25.601 26.815 26.722 26.650 26.285 26.110 25.520 25.572 25.202 25.266 25.511 26.342 26.723 26.076 25.558 24.542 23.889 22.259 21.576 20.549 20.576 21.381 21.305 22.318 22.658 22.729 23.416 24.145 25.302 25.721 26.410 26.952 27.260 27.700 27.191 27.236 27.932 28.179 27.913
1.428 0.001 2.056 4.610 6.070 7.536 9.703 11.642 13.259 13.961 14.876 17.324 18.707 20.175 21.547 22.613 24.241 24.564 23.416 24.156 23.642 22.959 23.799 22.192 23.948 23.256 20.895 21.058 23.074 21.733 19.464 21.825 22.907 20.979 21.193 23.424 24.073 22.592 23.232 25.182 25.067 24.456 25.393 26.788 26.490 26.772 25.958 26.110 24.972 25.448 24.954 24.691 25.278 26.119 26.374 25.149 25.314 23.818 23.746 21.806 21.630 20.327 20.341 21.090 21.122 22.572 22.312 22.428 23.330 23.807 25.196 25.835 26.227 26.917 27.232 27.597 27.148 27.044 27.806 27.974 27.751
4.355 1.636 0.003 2.207 4.653 6.562 8.175 10.111 12.128 13.006 13.790 16.117 17.640 19.504 20.861 22.338 24.049 24.644 23.632 24.187 23.659 23.567 24.152 22.497 24.369 23.771 21.627 21.929 23.560 22.666 20.200 22.776 23.286 22.250 21.970 23.830 24.000 23.687 23.580 25.359 25.118 25.044 25.606 26.926 26.672 26.767 26.367 26.305 25.720 25.669 25.314 25.173 25.555 26.185 26.692 25.471 25.227 24.279 23.579 22.071 21.795 20.889 21.165 21.725 21.892 22.996 23.051 23.204 23.871 24.541 25.949 26.361 26.799 27.362 27.525 27.926 27.375 27.439 27.912 28.064 28.061
5.636 4.366 1.753 0.003 2.136 4.846 6.468 8.061 9.802 11.146 12.533 14.382 16.238 18.669 20.401 21.028 23.045 23.640 22.317 23.362 23.054 22.671 23.630 22.126 24.084 23.316 20.828 21.302 23.013 21.776 19.425 21.869 22.502 21.026 20.961 23.034 23.587 23.048 23.266 25.192 25.071 25.134 25.675 26.957 26.562 26.916 26.067 26.151 25.182 25.288 25.070 24.993 25.489 26.213 26.625 25.723 25.507 24.440 23.463 22.054 21.303 20.581 20.178 20.937 20.746 21.922 22.126 22.124 23.047 24.035 25.384 25.807 26.448 26.984 27.270 27.600 27.120 27.219 27.686 27.757 27.868
7.290 6.133 4.255 1.641 0.002 1.984 4.458 6.420 7.325 7.862 9.669 11.959 13.288 15.168 17.328 18.956 20.877 21.443 20.215 20.951 20.606 20.174 21.156 19.625 22.068 21.331 18.205 19.271 21.176 19.657 17.754 20.161 21.156 19.647 20.081 22.204 22.726 22.322 23.109 24.532 24.704 24.936 25.639 26.800 26.549 26.533 25.878 25.831 24.790 25.102 24.835 24.884 25.499 26.433 26.772 25.999 25.950 24.561 24.059 22.268 21.477 20.275 19.524 20.092 19.442 20.890 20.928 20.885 21.854 22.671 24.256 24.939 25.639 26.216 26.543 27.024 26.337 26.757 27.140 27.341 27.430
9.589 7.650 6.299 4.258 1.549 0.001 2.142 4.510 6.190 6.959 8.180 10.739 12.614 14.344 15.649 17.861 19.244 20.469 19.346 19.938 19.623 18.966 20.526 19.074 21.297 20.454 17.411 18.541 20.649 18.764 17.169 19.878 20.932 19.028 19.527 21.990 22.520 21.502 22.286 24.010 24.070 23.961 24.860 25.938 25.804 25.902 24.922 25.302 24.102 24.419 24.184 24.211 24.625 25.550 25.829 24.766 25.074 23.995 23.442 21.837 20.788 19.678 19.159 19.776 19.503 20.538 20.627 20.196 21.860 22.305 24.137 24.442 25.007 25.662 25.987 26.433 25.721 26.094 26.774 26.823 26.832
12.660 9.910 8.452 6.827 4.662 1.662 0.002 2.152 5.127 7.539 7.100 8.374 12.052 14.007 14.697 17.109 18.717 20.075 19.399 20.762 21.097 20.770 22.042 20.895 23.015 22.142 19.442 20.519 22.126 21.050 18.801 21.558 22.038 20.826 20.706 23.064 23.335 22.884 23.572 24.998 24.874 24.931 25.777 26.845 26.528 26.598 26.070 26.153 25.219 25.483 25.126 25.217 25.675 26.522 26.953 26.023 26.097 24.970 24.321 22.894 21.755 20.717 19.971 20.444 20.063 21.359 21.643 21.556 22.566 23.430 24.907 25.569 26.009 26.722 27.162 27.438 26.998 27.021 27.635 27.686 27.795
13.760 12.176 9.609 8.019 6.534 4.336 1.450 0.001 1.824 4.329 6.479 5.793 8.216 11.400 13.011 14.337 15.804 16.922 15.991 17.307 17.990 17.865 19.491 18.536 21.173 20.436 17.536 19.000 21.111 19.716 18.213 20.944 21.814 20.666 21.033 23.264 23.727 23.388 24.129 25.345 25.482 25.606 26.304 27.085 26.767 26.728 25.899 26.166 25.118 25.284 25.000 25.359 25.799 26.666 27.014 26.259 26.382 25.233 24.780 23.183 22.531 21.231 20.180 20.364 19.796 20.717 20.704 20.442 21.125 21.585 23.113 23.722 24.586 25.305 25.954 26.241 25.691 25.951 26.755 26.950 27.131
16.253 14.679 12.289 9.738 7.765 6.352 3.660 0.956 0.002 1.621 3.984 5.556 5.799 7.879 10.770 12.344 13.969 15.596 14.545 15.508 16.106 16.348 17.510 16.793 19.327 18.860 16.225 17.598 19.624 18.587 17.137 19.817 21.153 19.939 20.539 22.655 23.339 22.841 23.913 25.083 25.237 25.365 26.204 26.841 26.555 26.522 25.602 25.885 24.772 25.035 24.777 25.066 25.626 26.600 26.744 26.172 26.470 25.397 25.076 23.434 22.693 21.240 20.438 20.389 20.050 20.708 20.500 20.200 20.559 21.131 22.607 23.286 23.786 24.795 25.364 25.770 25.143 25.390 26.188 26.488 26.402
17.370 15.896 14.088 12.080 9.409 6.985 5.694 3.345 0.877 0.001 1.565 3.580 5.539 5.650 7.953 10.630 12.578 14.206 13.403 14.955 15.639 15.522 17.209 16.453 18.912 18.367 15.727 17.188 19.262 17.670 16.414 19.422 20.519 19.347 20.057 22.358 22.776 22.515 23.448 24.723 24.904 25.008 26.127 26.849 26.750 26.508 25.607 25.883 24.646 24.921 24.631 25.144 25.559 26.692 27.013 26.100 26.634 25.617 24.984 23.573 22.502 21.294 20.422 20.260 19.700 20.731 20.339 20.018 20.445 20.886 22.702 23.333 23.874 25.020 25.660 26.253 25.452 25.268 26.465 26.745 26.401
17.138 15.585 14.051 12.167 10.617 7.248 6.312 5.154 3.503 0.875 0.000 1.660 4.389 5.671 6.233 8.753 11.399 13.302 12.738 15.231 16.284 16.036 17.747 17.235 19.559 19.045 16.499 17.780 19.642 18.109 16.734 19.730 20.846 19.435 19.926 22.545 23.294 22.495 23.566 25.125 25.370 25.488 26.298 27.114 26.937 27.123 25.878 26.467 25.177 25.681 25.564 25.896 26.264 27.360 27.537 26.700 27.133 26.161 25.593 24.271 23.088 21.872 20.214 20.634 19.818 20.903 20.705 20.059 20.858 21.038 23.036 23.562 24.222 25.228 25.985 26.484 25.526 25.673 26.683 26.924 26.587
18.155 16.532 14.810 13.094 11.714 9.196 7.122 5.845 5.897 3.464 0.828 0.000 1.532 4.038 5.464 6.897 9.251 11.732 11.096 13.519 14.692 15.300 16.647 16.546 19.010 18.602 16.179 17.660 19.787 18.775 17.369 19.971 21.163 20.257 20.440 22.681 23.225 22.937 23.836 25.153 25.476 25.409 26.192 27.316 26.847 26.731 25.853 25.848 24.966 25.344 25.187 25.823 26.348 27.193 27.512 26.810 27.055 25.980 25.548 23.689 23.353 21.739 20.407 20.451 19.768 20.692 20.403 19.842 20.340 20.633 22.598 23.340 24.065 25.043 25.904 26.506 25.552 25.617 26.739 27.007 26.718
19.061 17.696 16.433 14.786 12.940 11.061 9.344 6.847 5.942 5.522 3.954 0.870 0.001 1.818 4.075 5.767 7.699 10.169 10.066 12.352 13.617 14.751 16.296 16.628 19.051 18.501 16.535 18.497 20.211 19.007 18.383 20.767 21.709 20.605 21.398 23.114 23.514 23.168 24.408 25.372 25.347 25.696 26.663 27.131 27.110 26.823 25.740 26.150 24.795 25.190 24.986 25.629 25.994 27.160 27.266 26.695 27.172 26.225 25.889 24.296 23.432 21.764 20.572 20.536 19.851 20.478 20.297 20.252 20.389 21.070 22.570 23.298 23.993 24.944 25.738 26.193 25.580 25.531 26.477 26.748 26.633
20.102 18.442 17.508 16.264 14.854 12.576 11.711 10.063 7.313 6.713 6.314 3.965 0.944 0.000 1.665 4.538 6.640 9.578 9.937 12.503 13.716 14.335 16.188 16.921 19.316 18.485 17.087 18.354 20.498 19.640 18.748 21.424 21.896 21.165 21.623 23.611 23.539 23.414 24.343 25.371 25.541 25.785 26.620 27.410 27.049 26.572 25.895 25.782 25.270 25.491 25.326 26.116 26.339 27.302 27.610 26.925 27.248 26.402 25.754 24.368 23.666 22.445 21.149 20.881 20.089 20.895 20.680 19.937 20.181 20.811 22.393 23.004 23.838 24.878 25.808 26.452 25.592 25.532 26.504 26.820 26.835
20.524 19.114 17.921 16.779 15.879 14.134 12.899 11.753 11.106 7.727 7.137 6.481 3.707 1.153 0.001 1.850 4.198 6.826 8.014 10.999 12.765 13.669 15.472 15.831 18.669 18.264 16.291 17.984 20.311 19.508 18.676 21.387 22.432 21.556 22.043 24.122 24.420 24.191 25.108 26.203 26.506 26.478 27.104 27.894 27.223 27.409 26.310 26.929 25.693 26.192 26.013 26.468 26.799 27.678 27.621 27.263 27.503 26.785 26.160 24.908 24.140 23.109 21.678 21.832 20.756 21.742 21.075 20.359 20.726 20.848 22.651 23.184 23.693 24.899 25.640 26.468 25.572 25.458 26.667 26.837 26.926
22.374 20.719 19.744 18.498 17.528 15.901 14.569 13.661 12.720 10.889 8.116 7.192 6.227 3.524 1.201 0.002 1.308 2.921 4.863 7.072 8.793 10.742 12.908 14.161 16.526 16.285 15.526 17.428 19.250 18.662 18.621 21.163 21.966 21.590 22.705 24.147 24.348 24.237 25.177 26.137 26.185 26.401 27.297 27.659 27.484 27.384 26.297 26.731 25.625 25.747 25.526 26.179 26.412 27.367 27.403 26.815 27.159 26.507 25.953 24.876 24.333 23.096 21.746 21.362 20.454 21.120 20.549 19.899 20.076 20.296 21.855 22.521 23.174 24.480 25.136 25.955 25.111 25.039 26.240 26.728 26.690
24.435 22.904 21.973 20.617 19.779 18.142 17.160 15.693 14.573 13.212 10.850 8.353 7.637 6.034 3.142 1.037 0.003 1.891 3.877 6.334 8.061 9.878 12.335 14.206 16.736 15.912 15.561 17.958 19.486 18.716 19.576 21.578 22.383 22.330 23.381 24.641 24.797 24.871 25.703 26.585 26.831 26.877 27.435 28.157 27.972 27.663 27.103 27.257 26.477 26.535 26.324 26.800 27.036 27.650 27.946 27.365 27.723 27.211 26.704 25.730 24.925 23.818 22.482 22.332 21.191 21.653 21.090 20.175 20.144 19.954 21.544 22.061 22.607 24.028 24.846 25.576 25.238 24.944 26.108 26.825 26.966
25.103 23.812 22.881 21.714 20.638 18.616 17.612 16.411 15.245 13.397 12.030 10.289 8.470 7.125 4.932 3.380 1.483 0.002 1.783 3.945 6.201 7.550 9.269 11.394 13.650 12.409 12.442 15.548 16.879 16.179 17.439 19.384 20.301 20.263 21.586 23.223 23.620 23.903 24.841 25.684 25.941 26.456 27.103 27.513 27.315 27.268 26.616 26.839 25.930 26.181 26.148 26.540 26.860 27.679 28.013 27.473 27.747 27.239 26.718 25.668 24.847 23.420 21.925 21.673 20.447 21.291 20.474 19.147 19.341 18.914 20.815 21.376 22.127 23.707 24.658 25.144 24.671 24.574 25.771 26.169 26.215
24.719 23.454 22.955 22.074 21.149 19.647 18.923 18.044 17.144 15.592 14.195 12.817 10.194 9.620 8.481 5.088 3.241 1.245 0.000 1.858 3.876 6.027 7.588 9.663 11.959 11.014 10.969 14.542 16.151 15.533 17.315 19.386 20.173 20.047 21.743 23.086 23.300 23.605 24.896 25.650 25.558 26.298 27.160 27.319 27.509 26.877 26.044 26.516 25.384 25.670 25.490 26.101 26.415 27.589 27.779 27.179 27.678 27.048 26.501 25.510 24.528 23.014 21.293 21.362 19.932 20.653 19.798 19.067 19.451 19.044 20.410 20.690 21.370 22.714 23.576 24.843 23.619 23.619 25.410 26.013 25.716
26.734 25.563 25.221 24.482 23.684 21.700 21.390 20.589 18.554 17.214 16.158 14.732 12.191 11.489 10.507 6.932 6.771 4.204 1.491 0.001 2.262 4.870 6.507 8.477 9.981 10.219 10.712 13.014 14.184 14.763 16.639 18.421 19.468 20.473 21.861 23.113 23.696 24.006 25.022 25.816 26.291 26.618 27.314 27.788 27.681 27.393 26.855 27.209 26.476 26.754 26.587 27.125 27.368 27.984 28.326 28.054 28.134 27.851 27.124 26.567 25.460 24.169 22.676 22.429 21.002 21.292 20.567 19.300 19.029 18.788 20.180 20.947 21.883 23.146 24.032 24.863 24.299 24.384 25.625 26.152 26.440
26.248 25.060 24.834 24.221 23.260 21.725 21.257 20.714 18.933 17.398 16.702 15.732 13.216 12.535 11.951 9.638 7.983 6.178 4.433 1.710 0.001 1.720 4.416 6.399 7.299 6.602 7.291 9.841 10.140 10.947 12.493 14.973 15.504 16.667 18.507 19.907 20.792 21.580 22.922 24.103 24.746 25.423 26.399 26.956 26.858 26.750 26.104 26.449 25.631 26.199 26.129 26.429 27.200 27.739 28.105 27.701 27.810 27.367 26.368 25.475 24.100 23.006 21.205 21.482 20.321 21.118 20.767 19.626 19.376 19.139 20.918 21.499 22.237 23.668 24.349 24.986 24.475 24.647 25.456 26.169 26.375
26.027 24.900 24.642 24.078 23.370 21.778 21.190 20.866 19.372 17.833 17.657 16.997 14.349 13.714 13.464 11.965 9.967 8.273 6.385 3.978 1.423 0.001 1.650 4.322 5.570 5.841 6.674 9.530 10.053 11.185 13.015 15.035 16.566 17.734 19.183 20.439 21.277 22.193 23.540 23.963 24.472 24.943 26.070 26.379 26.431 26.023 25.182 25.756 24.647 25.379 25.228 25.887 26.412 27.237 27.707 27.085 27.620 26.869 26.258 25.129 24.095 23.198 21.473 21.422 20.067 20.678 19.839 18.961 18.741 19.057 19.584 20.398 21.267 22.551 23.495 24.593 23.401 23.506 25.211 25.678 25.560
24.878 23.709 23.329 22.808 22.251 20.275 20.330 20.539 19.225 16.660 17.112 17.498 14.909 14.590 15.098 13.744 12.631 10.269 8.083 6.451 4.045 1.379 0.001 1.791 4.154 4.829 4.733 5.024 7.865 9.501 8.858 10.396 12.544 13.754 13.174 15.904 17.582 18.128 19.172 20.424 21.628 22.002 23.157 24.288 24.380 24.392 23.263 24.365 23.174 24.439 24.229 24.777 25.754 26.553 27.159 26.615 26.606 25.845 24.659 23.498 22.080 21.303 19.643 20.330 18.908 19.959 19.377 18.324 18.646 18.528 19.624 20.873 21.630 22.909 23.508 24.552 23.652 24.041 25.303 25.944 25.968
23.122 21.811 21.455 20.977 20.398 18.385 18.946 19.164 17.351 15.179 15.957 16.675 14.292 14.166 15.197 13.955 13.454 11.612 8.982 7.274 5.737 3.924 1.046 0.001 0.978 1.864 2.704 2.583 2.750 4.246 5.038 5.621 6.806 8.221 8.697 10.268 11.132 12.133 13.859 14.935 15.774 17.144 18.762 20.218 20.524 20.644 19.829 20.760 19.765 21.325 21.453 22.034 23.540 24.721 25.486 24.677 24.897 23.755 21.912 20.617 18.316 17.693 15.855 16.772 16.022 17.784 17.524 17.099 17.972 18.204 20.275 20.782 21.653 22.991 23.882 24.756 23.462 23.582 25.315 25.788 25.545
23.294 22.043 21.474 20.754 20.026 17.820 18.539 18.559 17.126 14.690 15.440 16.255 14.067 14.018 15.161 14.096 13.644 12.087 9.553 7.685 6.672 4.751 2.292 0.674 0.000 0.778 1.496 2.323 2.119 2.487 4.105 4.686 5.468 6.194 8.057 9.558 10.181 10.230 12.204 13.681 14.592 15.809 17.639 19.109 19.476 19.549 18.890 19.530 19.071 20.532 20.872 21.456 22.918 24.099 24.947 24.326 24.418 23.281 21.866 20.266 18.068 16.832 15.062 15.898 15.119 17.050 16.885 16.369 17.175 17.574 19.284 20.301 21.206 22.421 23.333 24.328 23.104 23.569 24.933 25.520 25.597
23.261 21.970 21.306 20.675 19.948 18.017 18.497 18.589 17.565 15.312 15.896 16.843 14.908 15.228 16.214 15.448 15.027 13.498 10.550 9.016 6.886 4.668 2.937 1.604 0.642 0.001 0.761 1.495 2.308 2.115 2.750 4.088 4.724 5.686 6.654 8.570 9.014 9.755 11.447 12.860 13.781 15.654 17.146 18.591 18.820 19.092 18.205 19.219 17.952 19.953 20.305 20.640 22.454 23.718 24.318 23.734 23.794 22.412 20.889 19.309 16.864 15.915 13.828 15.377 14.330 16.666 16.364 16.043 17.010 17.447 19.336 20.862 21.501 22.949 23.672 24.606 23.458 23.853 25.017 25.719 25.579
22.583 21.493 20.797 20.161 19.510 17.525 18.056 18.005 16.588 14.593 15.341 15.990 14.044 14.293 15.444 14.872 14.461 12.849 9.920 8.486 6.865 5.530 3.296 2.530 1.802 0.583 0.000 0.802 1.596 2.013 2.388 3.213 4.299 5.111 5.811 7.913 8.878 9.624 11.459 12.615 13.293 14.900 16.843 18.466 18.971 19.083 18.031 19.162 18.116 19.979 20.275 20.704 22.325 23.840 24.579 23.514 23.895 22.288 20.747 19.401 16.793 15.994 13.640 15.367 14.374 16.939 16.629 15.951 17.107 17.139 19.424 20.434 21.191 22.440 23.525 24.400 23.167 23.471 25.159 25.783 25.616
22.749 21.336 20.945 20.354 19.476 17.552 18.249 18.123 16.588 14.572 15.539 16.043 14.295 14.239 15.392 14.672 14.354 12.826 10.255 9.278 7.801 5.802 3.732 2.793 2.545 1.307 0.608 0.000 0.793 1.500 2.311 2.340 3.318 4.573 5.575 7.138 8.314 8.851 10.867 12.089 13.155 13.932 15.689 17.606 17.987 18.297 17.740 18.455 17.990 19.579 19.843 20.323 21.986 23.365 24.292 23.432 23.702 22.175 20.280 18.821 16.678 16.010 14.149 15.358 14.649 16.804 16.461 15.832 16.835 17.260 19.548 20.394 21.513 22.650 23.617 24.425 23.575 23.909 25.196 25.758 25.620
22.868 21.465 21.125 20.613 19.831 17.634 18.659 18.609 17.171 15.068 15.953 16.646 14.941 15.320 16.388 15.634 15.232 14.053 11.361 10.010 8.459 6.448 4.204 2.910 2.434 2.289 1.371 0.540 0.000 0.795 1.678 2.379 2.446 3.072 5.183 6.513 7.043 8.246 10.184 11.474 12.234 13.192 15.046 16.515 17.400 17.284 16.944 17.723 17.256 19.086 19.502 19.905 21.602 23.110 23.816 23.045 23.516 22.018 20.464 19.034 16.629 15.857 13.632 15.172 14.418 16.765 16.447 16.135 16.876 17.576 19.411 20.625 21.559 22.651 23.712 24.720 23.440 23.968 25.298 25.977 25.513
22.991 21.442 20.780 20.333 19.856 17.701 18.586 18.642 17.331 15.321 15.893 16.927 14.905 15.514 16.643 15.753 15.394 14.156 11.177 9.920 8.583 5.940 4.512 3.683 2.626 2.351 2.196 1.395 0.576 0.000 0.890 1.694 2.443 2.949 3.824 6.356 6.974 7.844 10.558 10.978 12.237 13.690 15.873 16.850 17.827 17.483 17.012 17.781 17.175 18.967 19.209 19.521 21.341 22.847 23.662 22.896 23.178 21.574 20.200 18.635 16.261 15.186 13.013 14.796 14.124 16.493 16.424 15.805 16.951 17.064 19.286 20.281 21.068 22.383 23.551 24.635 23.250 23.710 25.252 25.855 25.738
22.620 21.220 20.694 20.269 19.827 17.498 18.543 18.724 17.224 15.108 16.056 17.142 15.256 15.398 17.022 16.127 15.671 14.297 11.905 10.264 8.929 7.008 5.719 4.690 4.266 2.852 2.919 2.527 1.720 0.603 0.000 0.913 2.309 3.213 3.212 5.512 7.378 8.141 9.745 11.257 12.337 13.658 15.152 16.831 17.109 17.057 17.087 17.743 17.035 19.129 19.309 19.419 21.225 23.067 23.844 22.926 23.084 21.371 19.649 18.313 16.052 15.329 13.077 14.963 14.241 16.495 16.635 15.924 17.004 17.487 19.631 20.676 21.606 22.880 23.973 24.696 23.657 23.838 25.346 25.803 25.661
22.488 21.141 20.840 20.312 19.739 17.629 18.651 18.890 17.375 15.397 16.238 17.394 15.578 15.619 16.899 16.058 15.800 14.872 12.266 11.338 9.672 8.023 6.693 5.411 4.422 3.965 2.996 2.622 2.441 1.669 0.584 0.000 0.909 2.177 3.342 4.043 5.618 7.182 9.345 10.254 11.254 12.298 14.491 15.284 15.936 16.268 16.273 17.035 16.592 18.614 18.972 19.259 20.983 22.334 23.508 22.724 23.067 21.283 19.537 18.153 15.915 15.064 13.195 14.464 13.813 16.379 16.163 15.682 17.044 17.415 19.623 20.670 21.668 22.736 23.772 24.834 23.540 23.948 25.436 25.943 25.811
23.046 21.524 21.098 20.672 19.938 18.034 18.979 19.112 17.789 15.953 16.942 17.692 16.390 16.214 17.518 17.013 16.644 15.824 13.186 12.066 10.407 8.551 6.926 5.729 5.008 4.239 4.198 2.717 2.462 2.338 1.578 0.595 0.000 0.960 2.078 3.627 3.872 5.515 8.318 9.745 10.520 11.974 13.757 15.393 15.849 16.022 15.884 16.884 16.150 18.414 18.766 18.982 20.941 22.370 23.290 22.851 23.146 21.459 19.814 18.433 16.189 15.184 13.255 14.630 14.203 16.324 16.291 16.241 17.378 18.038 19.885 20.992 21.793 23.110 24.159 25.078 23.445 24.269 25.650 25.881 25.933
23.004 21.484 21.089 20.790 20.202 18.297 19.186 19.581 18.015 16.333 17.428 18.115 16.643 17.128 18.850 18.089 18.023 17.118 14.180 13.399 11.611 9.944 7.759 7.331 6.443 5.323 5.092 4.481 3.110 2.916 2.941 2.310 0.642 0.000 1.315 2.968 4.121 4.760 6.722 9.154 10.489 11.758 14.655 15.569 16.301 16.431 16.216 16.862 16.298 18.020 18.355 18.541 20.445 22.258 23.087 22.297 22.709 20.952 19.658 18.279 15.727 14.904 13.009 14.869 14.487 16.837 16.666 16.256 17.563 17.798 19.787 20.877 21.802 23.031 23.966 24.855 23.502 24.336 25.635 26.152 25.923
22.869 21.243 21.102 20.792 20.256 18.371 19.386 19.647 17.963 16.506 17.599 18.347 16.911 17.187 18.804 17.875 17.996 17.031 14.616 14.187 12.887 11.102 10.409 9.110 8.882 7.918 5.978 5.607 5.646 3.408 3.733 3.569 2.413 0.611 0.001 1.429 3.282 4.665 5.899 7.664 10.096 12.362 13.906 15.645 16.071 16.510 16.598 17.379 16.469 18.524 18.843 18.853 20.870 22.465 23.365 22.526 22.702 21.114 19.173 18.134 15.991 15.068 13.289 14.702 14.442 16.469 16.555 16.436 17.662 18.197 20.511 21.273 22.571 23.433 24.185 25.120 24.162 24.945 25.923 26.315 26.362
22.823 21.518 21.244 21.072 20.419 18.513 19.652 19.855 18.414 16.537 17.698 18.812 17.296 17.465 19.287 18.550 18.786 18.252 15.656 15.259 13.747 13.078 11.766 10.716 10.530 9.806 7.868 6.724 6.149 5.559 4.084 3.806 3.828 2.661 0.643 0.001 1.433 3.483 5.276 5.775 7.375 10.710 12.930 14.461 14.868 15.470 15.820 16.782 15.962 18.246 18.793 18.698 20.534 21.855 23.067 22.305 22.709 21.159 19.568 18.314 15.955 15.251 13.324 14.982 14.539 17.073 16.783 16.694 17.926 18.456 20.478 21.584 22.447 23.586 24.389 25.095 23.823 24.666 25.733 26.225 26.162
23.657 22.258 21.978 21.879 21.375 19.933 20.910 21.542 20.710 19.389 20.189 21.603 20.449 20.956 22.117 21.922 22.089 21.535 19.424 19.053 18.018 16.744 16.374 14.224 13.860 13.069 12.664 9.941 8.827 8.710 7.723 5.397 4.594 4.817 3.231 0.723 0.002 1.635 4.305 5.496 6.290 7.877 11.284 12.854 13.316 14.316 13.811 15.646 15.207 17.769 18.557 18.863 20.651 21.783 23.123 22.562 22.719 21.301 19.443 18.116 16.292 15.819 14.095 15.906 15.563 18.139 18.556 18.389 20.042 20.539 22.574 23.613 24.091 24.894 25.731 26.320 25.318 25.912 26.878 27.014 26.985
23.205 21.924 21.754 21.556 21.236 19.974 20.826 21.436 20.257 19.345 20.586 21.303 20.290 20.937 22.520 22.241 22.791 22.076 20.632 19.911 19.264 17.704 17.505 16.313 15.342 14.269 14.082 12.686 10.408 9.362 9.275 8.537 5.793 4.993 5.186 4.004 0.764 0.001 1.458 3.791 5.177 5.925 7.506 9.952 11.701 12.831 12.917 15.038 14.721 17.300 18.163 18.378 20.304 21.521 22.893 22.170 22.434 20.931 19.261 18.052 15.849 15.394 13.984 15.593 15.718 17.779 18.346 18.217 19.485 20.175 21.652 22.755 23.934 24.745 25.654 26.309 25.317 26.037 27.004 27.244 27.205
23.851 22.218 22.228 21.976 21.593 19.957 21.186 21.590 20.513 19.382 20.921 22.154 21.055 21.497 23.002 23.068 23.179 23.242 20.795 21.179 20.142 18.457 19.297 17.576 17.291 15.763 15.177 14.976 13.540 10.965 10.124 10.861 8.991 5.801 5.629 6.200 3.999 0.762 0.003 1.667 4.248 5.859 6.220 8.269 11.099 11.956 12.458 14.567 14.686 17.133 18.392 18.885 20.890 22.486 23.669 22.691 23.198 21.620 19.707 18.614 16.385 15.881 14.397 15.821 15.887 17.926 18.462 18.659 20.105 20.969 22.717 23.393 24.225 25.147 25.765 26.494 25.571 25.955 26.902 27.378 27.181
24.100 22.814 22.883 22.746 22.411 21.316 22.490 23.053 22.450 21.188 22.684 23.845 22.894 23.456 24.596 24.669 24.899 24.494 22.839 22.507 21.815 20.692 20.537 18.827 17.904 17.031 16.500 15.246 15.137 13.572 11.808 10.256 9.827 8.309 6.308 5.836 5.606 3.816 0.763 0.001 1.609 4.178 5.549 6.504 8.341 9.455 11.367 13.741 14.763 17.571 18.938 19.463 21.809 23.023 24.104 23.516 23.702 22.494 20.598 19.518 17.107 17.219 15.585 17.465 17.473 19.860 20.016 20.215 21.795 22.415 23.946 24.668 25.428 26.164 26.796 27.285 26.332 26.910 27.602 27.624 27.682
24.134 23.020 22.816 22.917 22.784 22.054 23.011 23.717 23.086 22.353 23.391 24.274 23.224 24.313 25.399 25.231 25.572 25.323 24.197 23.948 23.547 22.199 21.991 21.137 20.248 18.845 18.437 16.916 15.994 15.458 14.174 11.954 11.216 10.293 9.455 6.866 6.300 5.724 4.083 1.007 0.004 1.730 4.493 6.083 7.150 8.973 10.021 12.989 13.472 16.838 18.459 18.830 21.048 22.330 23.701 23.276 23.417 22.186 20.015 19.091 17.131 17.064 15.744 17.922 17.193 19.847 20.190 20.423 22.036 22.657 24.185 24.866 25.352 26.152 26.833 27.233 26.355 26.973 27.732 27.716 27.681
23.775 22.562 22.526 22.454 22.283 21.126 22.312 22.925 22.101 21.559 22.780 23.791 22.955 23.985 24.971 25.108 25.786 25.571 23.843 24.285 23.604 22.093 23.296 21.384 21.712 19.974 19.319 18.548 17.103 15.765 15.564 14.569 12.315 11.381 11.426 10.111 7.262 6.421 6.268 4.219 1.001 0.002 1.697 4.453 5.991 8.314 9.877 12.560 12.984 16.124 17.513 18.043 20.250 21.577 22.871 22.504 22.988 21.344 19.160 18.420 16.630 16.549 15.135 16.848 16.760 18.917 19.764 19.854 21.313 22.111 23.754 24.453 25.465 26.368 26.883 27.402 26.643 27.080 27.971 27.936 27.949
23.825 22.479 22.589 22.542 22.290 21.566 22.647 22.925 22.619 22.300 23.388 24.449 24.174 24.462 25.331 25.971 26.123 26.242 24.746 25.144 24.353 23.368 24.325 22.747 22.566 21.840 20.173 20.022 19.057 17.027 16.586 16.618 14.880 12.482 12.462 12.276 10.482 7.433 7.058 7.108 4.173 0.927 0.003 1.659 3.871 6.827 8.503 10.975 11.863 15.284 17.224 18.013 20.093 21.752 22.918 22.420 22.943 21.466 19.590 18.523 16.785 16.378 15.118 16.740 16.635 18.598 19.719 20.132 22.005 23.111 24.683 25.228 25.793 26.770 27.184 27.565 26.810 27.216 27.856 27.913 28.046
24.701 23.620 23.775 23.768 23.903 23.441 24.330 24.744 24.538 23.938 25.009 26.277 25.243 26.423 26.985 27.176 27.294 27.334 26.320 26.422 25.944 24.675 25.530 24.282 24.013 23.108 22.260 21.186 21.060 19.467 18.621 18.073 17.321 15.614 14.770 13.957 13.097 10.597 7.913 7.660 7.546 3.956 1.063 0.001 1.690 4.124 7.004 9.103 11.651 14.902 17.313 18.697 20.804 22.515 23.602 23.292 23.831 22.637 20.662 19.914 18.620 18.489 17.456 19.187 19.550 21.692 22.542 23.081 24.431 25.000 26.216 26.532 27.046 27.733 28.032 28.354 27.591 27.890 28.494 28.156 28.337
25.682 24.747 25.141 25.194 24.992 24.539 25.237 25.430 25.035 25.056 25.696 26.581 26.095 26.842 27.515 27.643 28.000 28.101 27.351 27.439 27.119 26.256 26.829 25.703 25.845 24.459 23.831 23.604 23.044 21.544 20.968 20.512 19.171 17.861 17.224 15.767 14.129 12.821 10.986 9.029 7.937 6.313 3.993 1.845 0.003 1.881 4.366 6.812 9.475 11.978 14.639 17.121 19.813 21.614 23.466 23.366 23.955 23.286 21.400 20.939 19.137 19.190 18.168 19.864 20.009 22.115 23.241 23.638 24.835 25.560 26.724 27.143 27.631 28.079 28.175 28.491 27.987 28.332 28.669 28.786 28.889
25.426 24.510 24.757 24.916 24.452 24.178 24.894 24.985 24.590 24.519 25.732 25.814 25.671 26.392 27.185 27.009 27.568 27.730 26.759 26.985 26.746 25.816 26.600 25.959 25.743 24.737 23.763 23.328 22.845 21.026 20.217 19.983 19.144 17.343 17.068 16.840 15.273 13.394 12.831 11.653 8.617 7.455 6.189 3.902 1.239 0.002 1.803 4.100 6.703 8.509 11.240 13.858 16.730 19.305 21.444 21.374 22.476 21.273 19.743 19.070 17.159 16.515 16.043 17.355 18.162 19.934 21.523 22.361 23.719 24.594 26.070 26.483 27.204 27.694 27.964 28.355 27.608 28.258 28.509 28.687 28.683
25.339 24.165 24.537 24.433 24.327 23.595 24.753 25.006 24.134 24.087 25.161 25.812 24.925 26.301 27.199 26.890 27.724 27.492 26.770 27.096 26.943 25.967 26.751 26.081 26.325 25.024 24.062 24.101 23.674 22.194 21.395 21.578 20.261 18.252 18.338 18.119 16.773 14.311 14.306 12.863 10.106 8.817 8.881 5.878 3.810 1.445 0.001 1.745 3.746 6.232 7.713 10.274 13.246 15.571 18.617 19.544 20.614 20.131 18.349 18.183 15.389 15.421 14.832 16.361 17.754 19.519 21.256 22.085 23.564 24.585 26.013 26.381 27.006 27.545 27.740 28.176 27.561 27.995 28.591 28.672 28.613
24.715 23.627 23.686 23.679 23.236 22.852 23.861 24.052 23.506 23.364 24.591 24.837 24.983 25.543 26.682 26.559 27.336 27.370 26.255 26.907 26.660 25.519 26.458 25.696 25.856 24.577 22.968 23.152 22.780 20.201 19.022 20.045 18.540 16.052 16.179 17.247 15.510 13.215 13.538 12.566 10.160 9.051 9.506 7.783 5.932 3.790 1.518 0.001 1.702 3.864 5.491 7.959 10.405 12.688 15.497 16.436 18.242 17.716 16.397 15.886 13.436 13.263 13.079 14.953 16.265 18.429 20.087 21.057 22.703 23.796 25.421 25.838 26.564 27.118 27.380 27.890 27.008 27.785 27.995 28.351 28.551
24.744 23.650 23.843 23.626 23.339 22.493 23.608 23.885 22.918 22.873 24.214 24.709 24.082 25.589 26.423 26.238 27.109 26.981 26.022 26.376 26.229 25.139 26.109 25.169 25.524 24.104 22.167 22.759 22.456 19.844 19.187 20.221 18.751 16.315 16.966 17.688 15.936 13.912 14.481 13.740 11.302 10.388 11.281 9.291 7.469 5.364 3.746 1.454 0.001 1.692 3.810 6.556 8.652 11.468 13.834 15.150 17.524 17.241 16.115 15.535 13.143 13.149 12.731 14.726 16.222 18.491 20.285 20.703 22.425 23.392 25.210 25.751 26.419 27.020 27.253 27.613 27.109 27.384 27.985 28.373 28.310
25.046 24.018 24.109 24.234 23.864 23.110 24.092 24.450 23.651 23.423 24.937 25.215 24.954 26.140 26.978 26.837 27.663 27.535 26.768 27.117 26.877 26.031 26.791 26.194 26.296 24.993 23.462 23.510 23.016 20.544 19.756 20.681 19.017 16.593 16.993 17.944 16.007 13.857 14.898 14.419 11.892 11.275 12.738 11.449 9.343 7.261 5.508 3.917 1.468 0.004 1.887 4.648 6.938 9.025 11.561 13.171 16.464 16.358 15.651 15.265 12.851 12.851 12.974 15.060 16.816 18.924 20.509 21.148 22.624 23.761 25.342 26.062 26.641 27.299 27.444 28.085 27.352 27.820 28.148 28.495 28.605
25.141 24.127 24.506 24.494 23.926 23.610 24.670 25.003 24.109 24.521 25.464 26.052 25.924 26.787 27.488 27.553 28.078 28.030 27.477 27.685 27.536 26.901 27.524 27.056 27.235 26.002 24.759 25.138 24.597 22.100 21.219 22.573 21.048 18.383 18.638 20.273 18.292 16.187 17.386 17.399 14.590 14.329 16.347 15.364 13.413 10.440 8.205 5.776 3.978 1.749 0.003 1.705 3.928 6.045 7.792 8.965 11.394 12.075 12.271 12.333 11.098 11.791 13.083 15.736 17.751 19.792 21.584 22.720 23.945 24.896 26.352 27.031 27.478 27.918 27.955 28.469 27.749 28.145 28.398 28.766 28.830
24.729 23.628 24.178 24.123 23.659 23.318 24.126 24.436 23.951 24.253 25.162 25.778 25.538 26.743 27.420 27.449 28.141 27.954 27.306 27.522 27.289 26.506 27.190 26.594 26.792 25.354 23.636 24.311 23.887 20.798 20.253 21.668 20.194 17.201 17.879 19.538 17.800 15.757 17.374 17.811 15.764 15.555 17.958 17.399 15.756 13.529 10.606 8.661 6.296 3.696 1.531 0.003 1.644 4.059 5.626 7.513 9.611 10.931 11.476 11.742 10.958 11.871 13.271 15.308 17.449 19.404 21.089 21.868 23.467 24.421 25.917 26.756 27.477 27.987 28.120 28.438 28.050 28.229 28.643 28.733 28.813
24.731 23.678 23.990 23.997 23.600 23.225 24.212 24.476 23.797 23.987 25.008 25.637 25.539 26.504 27.213 27.272 27.791 27.710 26.982 27.261 27.049 26.284 26.907 26.297 26.555 25.105 23.513 23.931 23.254 20.956 20.228 21.103 19.939 17.272 17.935 18.976 17.720 15.679 17.469 17.949 16.038 15.916 18.297 18.089 16.319 14.493 11.851 9.814 7.263 5.729 3.425 1.362 0.001 1.561 3.419 6.041 7.702 9.586 10.649 10.954 10.324 11.218 12.708 14.679 16.816 18.745 20.170 21.199 22.616 23.671 25.305 26.412 26.947 27.806 27.810 28.327 27.717 27.940 28.361 28.682 28.808
25.037 24.261 24.663 24.561 24.231 24.220 24.915 25.132 24.733 25.009 25.754 26.186 26.190 27.105 27.747 27.745 28.250 28.104 27.543 27.811 27.609 26.953 27.567 26.975 27.294 26.077 24.906 25.214 24.998 22.779 21.961 22.954 21.833 19.336 19.737 21.212 19.938 18.118 19.511 20.222 18.510 18.249 20.145 20.450 18.603 17.323 14.855 12.543 9.898 7.793 5.461 3.577 1.370 0.002 1.665 4.319 6.906 8.648 10.267 11.065 11.454 12.679 14.531 16.257 18.258 19.705 21.150 22.476 23.852 25.077 26.291 27.092 27.475 28.077 28.212 28.536 28.050 28.221 28.696 28.688 29.027
24.961 24.173 24.619 24.539 24.274 24.196 25.006 25.143 24.800 24.981 25.673 26.109 26.193 27.165 27.635 27.851 28.304 28.176 27.679 28.028 27.828 27.276 27.854 27.035 27.512 26.657 25.255 25.455 25.767 23.825 22.869 24.027 23.297 21.037 21.340 22.548 21.553 19.699 20.781 21.810 20.129 19.511 21.080 21.314 19.892 18.634 16.714 14.453 11.815 10.143 7.724 5.452 3.616 1.668 0.004 1.847 3.764 5.548 7.793 9.074 10.736 12.538 15.483 17.469 19.148 21.310 22.519 23.309 24.590 25.618 26.726 27.491 28.022 28.438 28.437 28.861 28.626 28.393 28.875 29.067 29.131
24.900 24.322 24.812 24.776 24.490 24.398 25.368 25.458 24.994 25.073 25.836 26.363 26.319 27.298 27.637 27.957 28.536 28.711 28.002 28.524 28.362 27.677 28.433 27.449 28.075 27.037 25.278 25.919 26.176 24.212 23.171 24.371 23.861 21.567 21.592 23.186 22.620 20.770 21.581 22.730 21.630 21.061 22.849 23.295 22.108 21.475 19.785 18.001 15.955 13.909 11.137 8.916 6.273 3.420 1.328 0.001 1.692 3.859 6.656 8.721 11.359 13.325 17.132 18.836 21.054 22.946 23.849 24.390 25.009 25.736 27.033 27.812 28.195 28.766 28.747 29.131 28.869 28.650 29.154 29.180 29.069
24.661 23.980 24.328 24.077 23.728 23.655 24.301 24.568 24.287 24.065 24.907 25.578 25.605 26.669 27.053 27.549 28.089 28.154 27.303 27.722 27.357 26.622 27.300 26.308 26.784 25.995 24.173 24.398 24.961 22.858 21.456 22.898 22.534 20.268 19.941 21.940 21.401 19.428 20.494 21.845 20.614 19.997 22.213 22.919 21.979 21.180 19.581 18.344 15.931 14.647 12.452 9.706 7.395 6.058 3.290 1.321 0.002 1.606 3.641 5.884 8.359 11.197 14.396 17.170 19.076 20.846 22.284 23.264 24.315 25.337 26.392 27.111 27.445 28.064 28.139 28.645 28.095 28.135 28.630 28.830 28.911
23.757 23.334 23.624 23.307 23.189 22.729 23.812 24.151 23.722 23.467 24.429 25.233 25.186 25.810 26.680 27.082 27.701 27.667 27.170 27.345 27.007 26.526 27.010 25.853 26.480 25.246 23.375 23.488 23.798 21.594 20.128 21.542 21.317 18.628 18.165 20.564 20.094 17.978 19.168 20.620 19.618 18.933 21.127 22.032 21.137 21.059 19.223 18.560 15.932 15.224 13.484 10.702 9.092 8.353 5.782 3.367 1.187 0.001 1.729 4.051 6.557 9.191 12.034 15.515 17.689 20.275 21.498 22.173 23.354 24.308 25.668 26.471 27.036 27.911 28.045 28.431 28.078 27.866 28.491 28.637 28.627
23.168 22.409 22.727 22.347 22.132 21.455 22.529 22.717 21.985 21.816 22.855 23.755 23.607 24.826 25.696 26.137 27.173 27.215 26.057 26.453 25.965 25.136 25.621 24.252 25.000 23.461 20.936 21.312 21.854 19.296 17.640 19.487 19.448 16.284 16.615 19.325 18.612 16.337 18.329 20.107 19.045 18.473 21.085 22.585 21.450 21.545 19.489 19.199 16.382 16.107 14.194 11.986 11.358 11.239 9.199 6.324 3.827 1.369 0.002 1.704 3.831 6.300 7.965 10.954 11.780 15.609 17.067 18.456 19.817 21.402 23.273 24.833 25.354 26.604 27.017 27.820 27.114 27.026 27.769 28.065 28.100
22.910 21.774 21.913 21.499 21.288 20.410 21.778 21.982 20.937 20.257 21.858 22.860 22.388 23.940 25.207 25.430 26.402 26.194 25.098 25.562 25.164 23.999 24.832 23.327 24.067 21.756 19.198 20.011 20.173 17.322 16.135 17.884 17.395 14.420 15.197 17.578 16.800 14.816 16.725 18.063 17.115 16.835 19.430 20.403 19.415 19.024 16.717 16.319 12.693 12.810 11.867 9.935 10.012 10.623 9.433 7.280 5.352 3.603 1.219 0.001 1.439 2.849 4.180 5.750 7.738 10.127 11.904 13.733 16.749 19.161 21.287 22.956 24.431 25.476 26.250 26.920 26.108 26.027 26.766 27.453 27.613
22.643 21.154 21.791 20.997 20.766 19.544 20.853 20.970 19.836 19.763 21.095 21.991 21.869 23.336 24.892 24.872 26.151 26.103 24.488 25.079 24.710 23.243 23.784 22.589 23.083 21.123 18.387 19.504 19.709 16.766 15.509 17.642 16.967 13.997 14.868 17.380 16.703 14.201 16.453 17.796 17.288 16.695 19.398 20.219 19.722 19.050 16.880 16.311 12.951 13.188 12.230 10.706 11.076 12.380 11.997 8.932 7.209 4.920 3.081 1.194 0.000 1.187 2.391 3.543 4.999 7.079 9.088 11.019 13.865 16.804 19.183 21.474 22.898 24.405 25.388 26.183 25.532 25.165 26.450 27.026 27.263
22.764 21.190 21.096 20.889 20.549 19.393 20.263 20.681 19.707 19.086 20.557 21.713 21.675 22.738 24.340 24.392 25.473 25.168 24.043 24.239 23.820 22.445 22.916 21.734 22.370 20.520 17.694 18.771 19.229 16.493 15.272 17.199 16.597 13.801 14.729 17.073 16.335 14.459 16.509 17.521 16.555 16.607 19.204 19.894 19.100 18.171 15.937 15.470 12.080 12.575 11.623 10.330 11.316 12.596 12.546 9.677 8.272 5.734 3.915 2.525 0.979 0.000 1.113 2.229 3.170 4.901 7.445 9.513 12.261 15.176 17.894 20.194 21.684 23.436 24.407 25.256 24.361 24.549 25.794 26.449 26.711
22.886 21.278 21.468 20.971 20.323 18.869 20.188 20.505 19.326 19.242 20.567 21.498 21.373 22.934 24.606 24.671 25.695 25.360 23.875 24.087 23.648 22.335 22.642 21.499 22.058 20.200 17.626 18.684 18.932 16.108 15.134 17.205 16.271 13.443 14.716 16.928 16.085 14.177 16.257 17.281 16.441 16.492 18.885 19.590 19.069 18.205 16.042 15.555 12.448 13.129 12.266 10.634 11.878 13.243 13.233 10.800 9.430 7.054 5.180 3.631 2.136 0.950 0.000 1.110 2.125 3.552 5.904 8.413 10.980 13.709 16.507 19.016 20.734 22.477 23.791 24.401 23.604 23.850 25.196 26.000 26.329
23.117 21.328 21.322 21.232 20.399 19.236 20.254 20.783 19.763 19.101 20.331 21.606 21.407 22.606 24.281 24.480 25.448 25.056 23.685 23.885 23.227 22.137 22.194 21.244 21.805 20.336 17.855 18.506 18.834 16.254 15.193 16.785 16.047 13.369 14.416 16.565 15.990 13.845 16.121 17.005 16.263 16.153 18.827 19.543 18.830 18.029 15.828 15.547 12.455 13.247 12.605 11.396 12.618 14.405 14.507 11.757 11.277 9.056 6.868 5.097 3.363 2.210 1.071 0.000 1.263 2.539 5.066 7.608 10.226 12.666 15.220 17.657 19.487 21.423 22.845 23.880 23.051 23.932 25.115 25.831 26.087
23.655 22.063 21.911 21.596 20.636 19.051 20.628 20.755 19.336 19.209 20.686 21.692 21.246 22.967 24.500 24.530 25.483 25.011 23.523 24.086 23.481 21.786 22.530 21.997 22.751 20.766 18.494 19.822 20.042 17.004 16.228 18.324 17.700 14.603 15.853 18.063 17.329 15.248 17.546 18.699 17.498 17.619 20.277 21.024 20.369 19.378 16.931 16.315 13.297 14.157 13.560 12.390 13.482 15.256 15.345 12.869 12.595 10.481 9.023 6.879 5.400 3.564 2.471 1.211 0.000 1.733 3.973 6.374 8.108 11.385 13.128 16.119 18.207 20.144 21.785 23.005 22.549 23.106 24.686 25.498 25.731
24.193 22.868 22.764 22.110 21.355 20.164 21.149 21.302 19.769 19.739 20.783 22.370 21.486 23.134 24.120 24.529 25.076 24.808 22.884 23.645 22.894 21.375 22.198 21.734 21.935 20.634 18.104 19.444 19.665 16.751 16.120 17.864 17.260 14.552 15.625 17.963 17.435 15.554 17.731 18.544 17.882 18.237 20.529 20.932 20.685 19.829 17.689 17.539 14.872 16.218 15.944 15.643 17.186 19.024 19.944 17.881 18.014 15.906 13.555 11.476 9.012 7.165 4.616 3.611 1.592 0.000 1.954 4.213 6.101 8.983 10.568 12.948 15.186 17.270 19.009 20.398 20.199 21.079 22.616 23.783 24.530
25.835 24.601 24.403 24.068 22.878 21.464 22.623 22.600 20.568 20.790 22.207 22.973 21.889 23.903 24.880 24.575 25.255 24.576 22.778 23.374 22.702 20.895 21.553 21.895 22.451 20.139 18.576 20.649 20.567 17.707 18.103 20.275 19.622 17.604 19.697 21.557 21.009 19.971 22.391 23.328 22.326 23.026 24.916 25.073 24.314 23.312 20.747 20.480 18.183 18.484 18.229 18.978 19.757 21.677 22.378 21.641 22.497 20.760 19.450 17.451 14.845 10.914 8.916 5.481 3.964 1.807 0.001 1.726 3.781 6.393 7.721 10.149 11.696 13.982 15.809 17.519 17.725 18.843 21.394 23.078 23.606
25.400 24.010 23.590 23.181 22.340 21.083 21.878 21.984 20.272 20.384 21.493 22.402 21.120 23.040 24.365 24.197 25.209 24.300 22.120 22.826 21.916 20.337 21.064 21.045 21.682 19.572 18.114 19.916 20.198 17.274 17.434 19.959 19.059 17.325 19.279 20.903 20.292 19.732 21.573 22.461 21.625 22.913 24.425 24.730 24.335 23.226 21.331 20.884 19.242 19.411 19.223 20.544 21.384 23.365 23.881 23.306 24.360 22.934 21.929 20.165 17.173 13.140 10.232 7.148 5.422 3.478 1.556 0.000 1.470 3.178 5.156 7.028 8.992 10.915 13.165 15.067 15.891 16.963 19.697 21.859 22.623
25.849 24.841 24.313 23.951 23.061 21.671 22.319 22.334 20.697 20.414 21.698 22.731 21.627 23.068 24.576 24.347 24.830 24.334 22.310 22.618 21.742 20.128 21.225 20.817 21.603 19.722 18.150 19.622 20.101 17.629 17.687 20.083 19.471 17.548 19.339 21.746 20.964 20.332 22.607 23.370 22.546 23.631 25.115 25.382 24.801 23.744 21.727 21.561 19.996 20.063 19.933 21.492 22.325 24.253 24.784 24.682 25.670 24.442 23.917 21.869 18.884 15.501 12.433 9.045 6.940 4.997 3.336 1.361 0.001 1.452 3.336 5.363 7.307 8.929 10.997 13.036 14.116 15.478 18.199 20.535 21.286
25.349 24.214 23.851 23.426 22.433 21.180 22.030 21.699 20.579 20.424 21.698 22.519 21.235 22.672 24.025 24.080 24.350 23.752 21.909 22.178 20.961 19.765 20.823 20.400 21.255 19.581 18.011 19.498 20.255 17.512 17.887 20.216 19.701 17.631 19.640 21.384 20.716 20.552 22.252 23.101 22.292 23.643 24.901 24.971 24.497 23.332 21.861 21.617 20.399 20.383 20.506 21.867 22.761 24.591 25.094 24.936 26.043 25.169 24.424 22.407 19.808 16.003 13.414 10.126 7.823 6.413 4.594 2.931 1.360 0.000 1.813 4.175 6.333 7.748 10.007 12.071 13.132 14.619 17.163 19.586 20.893
25.584 24.718 24.344 23.922 23.238 21.979 22.638 22.805 21.234 20.924 22.330 23.563 22.139 23.536 24.712 24.637 24.964 24.348 22.101 22.609 21.615 20.018 21.264 20.616 21.609 19.546 18.120 19.753 20.201 17.682 17.767 20.263 19.544 17.866 19.726 21.745 21.157 20.892 22.767 23.647 23.014 24.017 25.340 25.596 25.051 24.047 22.807 22.692 21.673 21.646 21.778 22.894 24.048 25.566 26.270 25.732 26.591 25.534 24.854 23.590 21.190 18.187 15.233 12.268 10.071 8.238 6.816 4.871 3.520 1.547 0.001 1.838 4.569 6.558 8.775 10.702 11.893 13.643 16.444 18.766 20.080
27.076 26.229 26.253 25.958 25.208 24.135 24.415 24.182 22.497 22.403 23.556 24.137 22.802 24.036 24.976 24.665 24.883 24.017 22.181 22.737 21.863 20.521 21.955 21.927 22.955 20.713 19.821 21.978 22.424 19.954 20.928 23.286 22.280 21.519 23.522 24.833 23.994 24.412 25.633 26.192 25.321 26.423 27.308 27.301 26.851 26.048 24.867 25.158 24.096 24.052 24.122 25.113 25.700 27.132 27.552 27.128 27.970 27.259 26.645 25.744 23.912 21.070 19.315 16.257 14.011 11.881 9.648 8.106 5.577 3.989 1.685 0.001 1.783 4.735 7.371 8.644 9.413 11.138 13.907 15.580 17.276
26.971 26.032 25.858 25.394 24.967 23.964 24.274 24.185 22.535 22.235 23.669 23.942 22.639 23.691 25.062 24.418 24.738 23.633 21.841 22.395 21.419 20.337 21.272 21.352 22.591 20.053 19.038 21.462 21.794 19.202 20.065 22.648 21.454 20.608 22.701 23.996 23.044 23.789 25.037 25.553 24.801 26.254 26.937 26.952 26.742 25.999 24.966 25.391 24.388 24.524 24.605 25.782 26.233 27.375 27.791 27.490 28.082 27.584 27.074 25.808 24.344 21.934 19.538 17.633 15.320 14.027 12.265 9.234 7.508 5.588 3.901 1.576 0.002 1.794 4.223 6.064 7.652 9.246 11.727 13.695 15.400
27.496 26.711 26.617 26.277 25.943 24.953 25.161 25.171 23.808 23.090 24.108 24.730 23.351 24.101 25.077 24.465 24.558 23.581 21.962 22.471 21.658 20.353 21.366 21.413 22.574 20.348 19.568 21.582 21.864 20.348 21.051 23.345 22.837 22.249 23.940 25.038 24.541 25.178 26.217 26.473 26.392 27.135 27.705 27.895 27.552 27.184 26.160 26.483 25.966 25.744 26.012 26.730 27.097 28.064 28.291 27.996 28.424 27.934 27.375 26.434 25.821 24.001 21.941 20.664 18.515 17.630 15.051 12.364 9.920 7.579 6.317 4.044 1.590 0.002 1.855 4.734 7.183 7.541 9.333 12.261 13.933
28.231 27.518 27.626 27.195 27.046 26.209 26.344 26.150 24.670 24.343 25.196 25.469 23.871 24.630 25.623 24.797 25.138 24.152 22.566 22.966 22.136 21.114 22.129 22.350 23.488 21.375 21.421 23.141 23.264 22.137 23.357 24.744 24.114 24.304 25.600 26.149 25.737 26.619 27.038 27.467 27.262 27.878 28.200 28.293 27.943 27.740 27.009 27.047 26.713 26.176 26.329 27.288 27.344 28.253 28.362 28.289 28.615 28.462 27.976 27.295 26.820 25.680 24.360 23.191 20.912 20.011 17.548 15.372 12.709 9.832 7.893 6.230 3.972 1.563 0.003 1.856 4.522 6.128 7.402 9.022 11.478
27.971 27.433 27.329 26.989 26.651 25.945 25.793 25.466 24.308 24.027 24.500 24.581 23.578 24.053 25.067 24.345 24.857 23.931 22.421 23.004 22.485 21.257 22.323 22.465 23.642 21.666 21.184 22.990 23.290 22.233 23.250 24.769 24.386 24.318 25.745 26.405 26.141 26.593 27.141 27.549 27.474 27.865 28.333 28.535 28.250 27.949 27.349 27.475 27.089 26.703 26.777 27.548 27.695 28.550 28.531 28.363 28.746 28.572 28.233 27.390 26.951 25.773 24.505 23.117 21.949 20.801 19.028 17.454 14.553 12.082 9.379 7.995 6.455 3.968 1.181 0.001 1.550 3.331 5.623 6.942 8.742
28.376 27.753 27.741 27.487 27.128 26.175 26.457 25.934 24.585 24.395 24.934 25.107 24.145 24.746 25.540 24.793 25.083 23.993 22.800 23.151 22.608 21.772 22.649 23.080 24.044 22.174 21.667 23.743 23.920 22.889 23.743 25.186 24.997 25.015 25.960 26.795 26.642 27.074 27.703 28.051 27.847 28.254 28.710 28.799 28.715 28.306 27.889 28.182 27.198 27.304 27.536 27.777 28.085 28.944 28.967 28.727 29.039 28.754 28.463 28.070 27.532 26.473 25.024 24.313 22.893 21.943 20.405 18.658 16.258 13.993 12.049 10.077 7.816 6.020 3.763 1.167 0.005 1.847 4.028 6.073 7.409
27.696 27.065 26.999 26.564 26.314 25.464 25.611 25.251 23.878 23.637 24.258 24.381 23.184 23.778 24.819 24.061 24.277 23.280 22.054 22.630 21.897 21.058 22.185 22.313 23.463 21.272 20.953 23.019 23.028 21.916 22.746 24.484 23.883 23.889 25.370 25.850 25.742 26.291 27.002 27.414 27.388 28.007 28.305 28.617 28.559 28.422 27.696 28.214 27.036 27.198 27.214 27.664 27.879 28.729 28.847 28.450 28.856 28.590 28.143 27.514 26.802 25.866 24.363 23.961 21.999 21.630 19.653 17.447 15.035 12.617 10.924 9.799 7.347 6.580 5.785 3.414 1.037 0.004 1.571 4.031 5.775
28.011 27.336 27.307 26.879 26.650 25.930 25.902 25.406 24.442 24.030 24.475 24.542 23.635 23.873 24.759 24.224 24.640 23.898 22.266 22.957 22.468 21.352 22.576 22.515 23.560 21.999 21.523 23.318 23.533 22.510 23.645 25.136 24.607 24.421 25.859 26.605 26.157 26.801 27.254 27.676 27.634 28.154 28.412 28.718 28.216 28.172 27.740 27.768 27.446 27.065 26.910 27.840 27.833 28.677 28.466 28.465 28.779 28.574 28.279 27.501 27.424 26.135 25.278 24.246 23.233 21.889 20.580 18.150 15.950 13.721 12.263 11.204 8.507 7.911 6.745 6.157 3.816 1.136 0.001 1.860 4.592
28.401 28.114 27.966 27.650 27.423 26.637 26.938 26.554 25.542 25.067 25.688 25.642 24.990 25.019 25.490 25.216 25.203 24.762 23.483 24.042 23.421 22.765 23.934 23.699 24.579 23.880 23.778 25.022 25.210 24.926 25.269 26.834 26.404 26.342 27.332 27.765 27.451 27.674 28.224 28.566 28.360 28.501 28.993 29.126 28.939 28.879 28.398 28.559 27.986 27.880 27.829 28.207 28.398 28.923 29.041 28.843 29.105 28.868 28.619 28.041 27.897 26.990 25.950 25.415 24.269 23.605 22.025 20.113 18.220 16.653 15.218 13.725 12.049 10.640 8.118 7.679 6.754 4.384 1.618 0.004 1.413
28.330 27.842 27.743 27.358 27.234 26.746 26.717 26.546 25.593 25.061 25.482 25.374 24.428 24.435 25.175 24.587 24.676 24.003 22.952 23.571 22.963 22.428 23.550 23.671 24.371 23.221 23.105 24.630 24.881 24.303 25.000 26.387 25.908 26.001 27.038 27.571 27.534 27.816 28.006 28.523 28.328 28.683 28.989 29.174 29.139 28.993 28.522 28.941 28.240 28.370 28.400 28.577 28.739 29.227 29.306 29.033 29.284 29.059 28.770 28.359 27.934 27.317 26.328 26.246 24.809 24.482 23.229 20.922 19.295 17.218 16.889 15.358 12.936 12.255 10.190 7.996 7.319 5.992 3.560 1.248 0.003
