0.003 1.608 3.707 5.211 6.298 9.135 9.081 10.904 11.732 14.522 16.819 19.060 21.644 23.378 24.180 23.727 23.178 24.761 24.950 24.485 24.634 25.783 25.902 25.947 26.122 24.749 24.944 25.719 25.095 23.836 24.668 24.996 24.325 24.258 24.987 24.835 23.605 24.006 23.533 24.378 23.171 22.529 23.517 23.995 23.120 23.331 24.636 24.487 24.082 25.156 25.903 25.872 25.939 26.725 27.018 26.855 25.955 26.682 26.717 25.934 24.674 23.346 22.202 20.892 20.375 20.981 21.045 22.233 22.938 23.465 23.907 24.554 24.634 23.553 23.098 22.130 21.628 21.096 20.827 22.336 23.157 24.439 25.241 26.533 27.040
0.938 0.001 1.126 2.611 4.369 5.623 7.858 8.492 9.726 11.979 13.115 15.900 18.320 20.290 21.363 20.931 20.428 22.607 22.866 22.636 23.298 24.433 24.664 25.226 24.962 23.619 23.858 24.823 23.677 22.763 23.709 24.306 23.558 23.275 24.376 23.979 22.608 22.787 22.300 22.966 21.977 20.591 22.395 22.702 21.445 21.297 23.049 23.552 22.283 23.306 24.752 24.560 24.495 25.420 26.051 25.559 24.812 25.330 25.217 24.555 22.739 21.544 20.585 19.558 18.766 19.768 20.373 21.450 22.761 22.988 23.578 23.989 24.245 23.180 22.450 21.141 20.550 19.926 19.996 20.747 21.568 23.004 23.693 25.083 26.048
2.239 0.925 0.001 1.249 2.234 3.608 4.846 5.616 6.036 7.654 9.992 12.034 15.380 16.805 18.221 17.561 17.247 19.330 19.768 19.318 20.027 21.626 22.053 22.995 22.872 20.993 21.894 22.959 21.717 20.537 22.300 23.042 22.257 22.244 23.415 23.175 21.444 21.683 20.449 21.526 20.621 18.816 20.011 21.057 19.818 19.071 21.192 21.681 20.615 21.617 23.192 23.572 23.086 24.068 24.540 24.458 23.294 23.673 23.880 23.292 20.991 19.965 18.569 18.082 17.672 19.079 19.762 20.768 22.423 22.148 23.083 23.597 23.642 22.555 21.756 20.046 19.818 18.905 18.914 19.594 20.615 22.279 23.485 24.796 25.983
3.322 2.282 0.851 0.001 0.957 1.910 3.184 4.717 5.521 7.594 9.510 12.545 15.179 16.768 18.946 17.505 17.113 19.160 19.685 18.524 18.705 20.884 21.283 21.491 21.748 20.088 20.234 21.905 21.394 19.841 21.345 22.641 22.051 21.819 22.873 22.706 20.777 20.731 19.245 20.268 19.660 18.051 18.237 19.691 18.322 17.769 19.562 20.613 19.504 20.194 22.114 22.398 22.272 23.050 24.102 23.978 22.688 24.007 23.782 23.707 21.471 19.722 17.982 18.015 17.583 18.231 19.671 20.601 21.966 22.087 23.073 23.292 23.535 22.227 21.097 19.951 19.375 18.289 18.914 19.137 20.423 22.086 23.269 24.955 25.833
4.480 3.213 2.171 0.683 0.000 1.038 2.525 4.977 4.756 6.956 9.771 11.120 14.408 16.346 17.924 16.975 16.595 18.893 19.098 18.329 19.263 20.820 20.956 21.712 21.641 19.895 20.574 21.721 21.168 19.816 21.292 22.172 21.893 21.742 22.665 22.471 20.826 20.671 19.048 20.477 19.788 17.505 18.461 20.008 18.436 17.383 19.744 20.777 19.378 20.260 22.539 22.680 22.143 23.254 24.272 23.687 22.602 23.420 23.314 22.950 20.771 19.241 17.808 17.381 17.400 18.046 19.289 20.535 21.625 21.749 22.522 23.449 23.798 22.431 21.411 19.510 19.758 18.204 18.557 19.101 20.011 21.713 23.184 24.624 25.937
6.735 5.240 3.253 2.407 0.825 0.001 1.001 3.420 4.622 6.838 9.176 11.439 14.965 17.307 18.841 17.316 17.698 19.105 19.814 18.963 19.853 21.447 21.708 22.460 22.584 20.685 21.345 22.554 21.656 20.475 22.033 22.797 22.077 22.156 23.288 23.229 21.696 21.925 20.897 22.037 21.546 19.408 20.342 21.667 20.708 19.786 21.327 22.230 21.133 21.761 23.535 23.654 23.235 24.149 24.795 24.510 23.553 24.067 23.653 23.767 21.938 20.355 18.156 18.036 17.773 18.659 20.030 20.789 22.018 21.816 23.141 23.607 24.033 22.752 21.815 20.583 20.241 18.980 19.651 19.748 21.113 22.515 23.785 24.844 25.943
11.536 9.943 6.822 5.232 2.749 0.685 0.001 1.335 3.419 4.913 8.271 9.791 13.409 15.605 17.447 15.897 15.344 17.770 18.357 16.923 18.007 19.887 19.791 20.792 20.588 18.632 19.313 21.023 20.205 18.991 20.561 21.918 20.998 21.237 22.603 22.198 20.768 20.427 18.880 20.010 19.291 17.504 17.951 19.584 18.423 17.094 19.470 20.445 19.328 19.800 22.027 22.469 21.964 22.804 23.620 23.414 22.424 23.061 22.751 22.688 20.328 19.067 17.242 17.219 16.681 18.430 19.284 20.555 21.674 21.276 22.488 23.044 23.214 22.046 21.005 19.870 19.395 18.299 19.157 18.971 20.286 21.808 23.294 24.580 25.494
14.705 11.060 10.412 7.557 5.488 2.734 0.809 0.000 1.356 3.480 5.948 7.751 10.265 11.832 14.547 12.987 12.381 14.793 16.152 14.943 16.142 18.204 18.674 19.853 20.009 17.713 18.549 20.572 20.134 18.893 20.492 22.110 21.416 21.248 22.650 22.216 20.429 20.111 18.079 19.083 18.460 16.201 16.011 17.671 16.294 15.164 16.657 17.812 16.816 17.198 19.337 19.778 19.446 20.594 21.792 21.455 20.649 21.940 21.706 21.631 18.567 17.395 15.179 16.312 15.606 17.633 19.199 20.914 21.891 21.540 22.771 23.096 23.527 22.375 20.294 19.205 18.420 16.887 18.045 17.689 19.851 21.034 22.798 24.164 25.066
14.270 11.838 10.307 7.366 5.542 5.143 3.178 0.832 0.000 1.159 2.567 3.757 5.602 7.598 8.305 7.485 8.211 10.157 10.609 10.943 12.327 13.976 14.535 16.206 16.418 14.945 16.163 18.294 17.884 16.965 18.883 20.282 19.586 19.803 21.156 21.145 18.765 18.867 16.330 17.491 17.177 14.717 14.183 16.122 15.149 13.518 15.271 16.892 15.778 15.963 18.285 18.860 18.441 19.394 20.474 20.320 19.168 20.015 20.387 20.051 16.784 16.779 15.095 15.736 15.706 17.812 18.000 19.533 20.811 20.050 21.252 21.726 22.131 20.885 19.247 18.277 17.273 16.226 16.555 16.720 18.554 20.189 21.400 23.113 24.308
17.150 13.463 11.199 9.025 7.228 5.977 5.125 2.870 0.827 0.000 0.971 1.786 2.813 4.190 5.211 5.278 6.190 7.570 9.271 9.575 10.472 12.630 13.593 15.131 15.790 14.693 15.832 18.021 17.755 17.000 18.751 20.251 19.580 19.854 21.057 20.806 18.500 18.274 15.311 16.862 16.421 14.130 13.358 15.236 14.485 12.508 14.649 15.885 14.858 14.801 17.477 17.602 17.332 17.896 19.075 18.498 17.740 18.734 18.740 18.399 16.263 16.069 14.440 15.143 15.404 16.893 18.092 19.802 19.986 19.468 20.457 20.884 21.059 20.189 18.711 17.897 17.222 16.101 16.700 16.782 18.375 19.445 20.695 22.310 23.465
19.314 16.286 13.530 10.685 8.385 6.693 5.231 3.961 2.130 0.708 0.000 0.806 1.723 2.909 3.470 3.575 4.598 5.782 6.942 7.732 8.726 10.334 11.625 13.064 14.177 13.313 14.500 16.590 17.011 16.083 18.035 19.498 19.167 19.374 20.272 20.330 18.134 17.596 14.898 16.051 15.763 13.214 12.890 14.498 13.520 11.865 13.691 15.165 13.920 14.145 16.642 17.339 16.485 17.819 18.520 18.560 17.102 17.735 18.026 17.325 15.859 14.817 14.619 15.350 15.121 16.948 18.232 19.366 19.895 19.395 20.501 20.815 21.641 20.305 18.782 17.932 17.210 16.587 16.532 16.408 18.371 19.464 20.276 22.228 23.699
19.739 16.511 14.068 11.361 8.847 7.327 5.827 4.534 2.898 1.724 0.686 0.000 0.844 1.784 2.854 3.575 4.414 5.386 6.804 7.539 8.515 10.317 11.450 13.266 14.496 13.542 14.582 16.606 17.095 16.390 18.017 19.953 19.374 19.698 20.522 20.645 18.124 17.705 14.974 16.097 15.894 13.220 12.688 14.482 13.704 11.570 13.744 15.074 13.995 13.818 16.627 16.880 16.460 17.406 18.437 17.744 17.104 17.640 18.067 16.952 15.020 14.490 13.421 14.125 14.356 16.398 17.389 18.992 19.012 18.989 20.369 20.852 21.535 20.086 18.454 17.571 17.232 15.835 16.751 16.871 18.616 19.227 21.009 22.779 23.974
20.441 18.179 16.357 12.322 10.461 8.603 7.410 6.506 4.709 3.106 1.819 0.650 0.000 0.843 1.869 3.289 3.614 4.287 6.474 7.308 8.068 10.134 10.862 12.300 13.818 12.862 13.809 15.851 16.740 15.953 17.381 19.183 19.174 19.709 20.074 20.145 17.975 17.233 14.575 15.576 15.517 12.809 12.357 14.100 13.267 11.279 13.042 14.556 13.543 13.562 15.760 16.751 16.220 17.296 17.888 17.370 16.486 17.713 17.738 16.515 15.248 14.837 13.544 14.724 13.968 16.147 17.036 18.947 19.393 18.880 20.448 20.763 21.612 20.298 18.465 17.351 17.429 16.225 16.870 16.944 18.554 19.004 21.259 22.926 24.242
21.355 19.474 17.316 13.522 12.093 9.258 8.745 8.335 6.284 4.534 3.066 1.855 0.691 0.000 0.875 1.755 2.949 3.398 4.710 6.587 7.807 9.399 10.431 12.358 14.077 13.319 13.642 16.291 17.053 16.578 18.116 20.103 19.920 20.291 21.012 21.124 18.741 18.428 15.653 16.453 16.247 13.601 13.287 14.673 13.975 12.131 13.735 15.345 14.137 14.071 16.583 17.162 16.127 17.583 18.206 17.625 16.473 17.668 17.478 16.736 15.706 14.646 13.989 13.954 14.598 16.551 17.592 19.268 20.042 19.535 21.272 21.539 22.172 20.612 19.027 18.107 18.027 16.777 17.592 17.081 18.556 19.428 21.554 23.100 24.029
22.023 20.213 18.312 14.850 13.996 11.720 11.635 11.219 8.397 7.590 4.860 3.272 2.118 0.596 0.000 0.917 2.223 3.437 4.163 5.155 8.121 9.447 10.088 12.026 12.821 12.404 13.503 15.661 16.995 16.524 17.909 19.818 20.061 20.276 20.905 20.929 18.808 18.005 15.522 16.235 15.956 13.670 12.891 14.603 13.687 11.682 13.319 14.791 13.735 14.022 15.860 16.807 16.317 17.278 18.074 17.349 16.166 17.634 17.769 17.016 15.241 14.123 13.671 13.683 14.292 16.983 17.616 19.769 20.092 19.670 21.092 21.565 21.948 20.760 18.859 17.612 17.810 16.014 17.387 16.488 18.286 18.528 21.372 22.474 23.728
22.477 21.905 19.980 18.192 17.375 14.595 15.078 14.458 11.796 9.642 6.786 4.730 3.094 1.860 0.606 0.000 1.249 3.058 4.239 4.326 6.008 8.678 9.117 11.206 12.547 11.531 12.734 15.527 16.939 16.538 18.329 20.507 20.789 20.934 21.340 21.135 19.209 18.179 15.713 16.010 15.849 13.664 12.991 14.277 14.018 12.155 13.667 15.161 14.555 14.341 16.679 17.410 17.153 18.250 18.837 18.431 17.580 18.604 18.225 17.227 15.847 14.818 14.314 14.852 15.467 17.874 18.389 20.094 20.878 20.527 22.097 22.225 22.871 21.610 19.623 18.646 18.704 17.347 18.407 18.077 19.497 20.317 22.107 23.475 24.325
23.037 21.202 19.655 17.508 16.161 13.852 14.293 13.774 11.734 10.049 7.913 5.521 4.265 3.379 2.475 0.623 0.000 1.350 2.968 3.546 4.225 6.449 8.558 10.531 11.904 11.496 12.544 15.547 17.107 16.436 17.967 20.194 20.701 20.694 21.349 21.602 19.283 18.466 15.948 16.433 16.334 13.582 13.109 14.595 13.717 11.431 13.495 14.971 13.833 13.659 16.598 17.263 16.768 18.022 18.820 18.472 17.614 18.793 18.683 17.638 15.468 13.941 12.847 14.368 14.226 17.258 18.223 19.592 20.489 20.428 21.884 22.095 22.609 20.984 19.097 18.087 17.929 16.629 17.719 17.173 18.725 19.836 22.037 23.198 24.474
23.287 21.847 19.867 17.085 16.141 13.490 13.537 13.282 11.046 9.656 7.729 5.743 4.905 4.446 3.820 2.510 0.610 0.000 1.156 2.343 4.235 4.630 6.724 10.076 11.007 10.915 12.263 14.630 16.101 16.024 17.252 19.434 20.054 20.423 21.131 21.166 19.146 18.297 15.605 16.315 16.273 13.875 13.156 14.545 14.279 12.350 13.731 15.574 14.603 14.619 17.119 18.090 17.694 18.776 19.851 19.451 18.783 19.669 19.403 18.622 16.195 14.688 14.412 14.883 15.150 17.641 18.365 20.212 20.797 20.358 21.919 22.107 22.431 21.177 19.220 18.303 18.593 17.017 18.265 17.631 19.085 19.974 22.347 23.439 24.434
23.759 22.762 21.602 19.484 19.193 17.114 17.247 16.471 14.918 12.541 10.736 8.137 5.997 4.729 3.688 3.386 2.503 0.708 0.000 1.254 3.289 4.451 5.199 7.922 9.204 9.703 11.479 13.395 14.778 15.040 16.988 19.212 20.216 20.367 21.053 20.945 19.288 18.190 16.219 16.548 16.477 14.561 13.451 14.974 14.661 12.531 13.795 15.624 14.858 14.362 17.114 18.067 17.601 18.209 19.444 19.305 18.525 19.495 19.329 18.300 16.632 15.532 15.288 15.785 16.208 18.387 19.074 21.051 21.658 21.064 22.666 22.422 22.967 21.820 20.012 18.939 19.372 17.871 18.952 18.410 19.832 20.822 22.251 23.846 24.845
25.131 24.012 22.979 21.622 20.468 18.919 18.882 17.850 16.606 13.510 12.758 9.356 8.108 6.345 5.143 4.237 3.739 3.076 0.736 0.000 1.397 3.582 5.670 7.740 10.059 9.800 10.929 14.002 15.289 15.303 17.906 20.284 20.714 21.120 21.858 21.783 19.624 18.748 16.421 16.741 16.792 14.653 13.292 15.042 14.785 12.524 14.178 16.088 15.410 15.063 17.772 18.777 18.757 19.336 20.300 20.459 19.472 20.372 20.167 19.368 17.194 15.528 15.294 16.336 16.237 19.007 19.258 21.461 22.071 21.476 23.059 22.675 23.338 22.251 20.485 19.349 19.809 18.792 19.529 19.081 20.667 21.714 23.393 24.318 25.642
25.872 24.662 23.950 21.659 21.267 19.469 19.438 18.418 16.664 14.906 12.744 10.165 9.573 7.597 7.118 4.709 4.025 4.755 3.576 0.766 0.000 1.365 3.622 6.040 8.562 9.281 10.238 13.695 15.186 15.024 17.173 20.592 21.132 21.381 22.041 22.206 20.323 19.264 17.078 17.518 17.792 15.274 13.871 15.661 15.372 12.701 14.010 16.426 15.216 15.027 17.939 18.621 17.872 19.078 19.929 19.629 18.799 19.832 19.843 19.665 17.372 16.294 15.740 16.801 17.021 19.668 20.072 22.015 22.765 22.032 23.696 23.214 23.579 22.413 20.741 19.877 20.098 18.816 19.741 19.296 20.857 21.721 23.377 24.592 25.421
26.128 24.792 24.094 21.968 21.863 20.386 20.348 19.171 17.800 15.823 14.704 11.392 11.606 9.591 8.880 7.107 5.499 5.325 4.760 3.347 0.813 0.000 1.488 3.770 6.775 7.662 8.835 10.485 12.691 13.272 15.162 17.173 18.780 19.429 19.328 20.065 18.628 17.956 15.878 16.503 16.718 14.803 13.211 14.940 14.944 12.808 13.905 15.957 15.416 15.146 17.552 18.711 18.335 18.878 20.240 20.262 19.414 20.396 20.363 20.094 18.202 17.187 15.991 17.784 17.154 19.919 20.116 22.052 22.672 21.736 23.339 22.915 23.640 22.635 20.593 19.714 20.377 18.605 20.227 19.324 21.370 22.134 23.710 24.874 25.635
27.319 26.650 26.444 24.769 24.816 23.863 23.769 22.977 21.941 20.149 18.795 15.526 14.475 12.413 11.177 10.208 9.053 6.365 6.123 5.539 3.748 1.026 0.001 2.065 4.811 6.548 6.656 7.878 10.564 12.030 12.698 14.649 16.088 17.648 17.968 19.039 18.250 18.102 16.547 17.676 18.460 16.480 14.772 17.032 17.303 15.022 15.475 17.931 17.665 16.729 18.615 20.077 19.764 19.549 21.009 21.436 20.505 21.748 21.200 21.810 20.599 19.709 19.563 20.610 20.478 22.731 22.746 24.375 24.812 23.908 25.188 24.626 25.394 24.605 23.138 22.599 23.269 21.662 23.255 22.466 23.857 24.374 25.250 26.228 26.818
27.889 27.202 27.158 25.380 25.796 25.249 24.637 23.851 23.258 21.221 20.697 17.611 17.802 16.664 14.364 13.252 12.507 10.786 7.519 7.330 6.963 3.981 1.455 0.000 1.419 3.560 4.589 4.645 5.982 7.558 9.585 10.374 11.420 13.398 15.094 15.992 15.733 16.513 15.085 17.019 18.515 16.637 15.268 17.825 18.496 16.534 17.063 20.093 19.872 18.985 20.876 22.609 22.203 21.743 23.084 23.718 22.881 23.773 22.909 23.332 22.477 21.620 21.179 21.964 20.878 23.074 22.379 24.017 24.408 23.297 24.854 24.203 25.360 24.844 23.333 22.963 24.402 22.897 24.938 24.311 25.343 25.819 26.515 27.256 27.650
26.515 25.725 25.598 23.760 24.280 23.715 23.427 22.306 21.346 20.012 19.980 17.761 18.099 17.254 16.363 14.310 13.137 12.609 10.034 8.545 7.770 6.120 3.618 0.934 0.000 1.416 3.774 4.195 3.997 3.943 7.469 8.647 8.979 10.435 12.629 13.557 13.045 13.932 12.780 15.021 15.957 14.270 13.245 15.881 16.190 14.626 15.893 18.286 18.148 17.584 20.078 21.362 21.215 21.407 22.643 23.148 22.437 23.329 23.008 23.117 21.957 20.474 19.145 19.622 18.133 20.022 19.660 21.413 22.090 21.165 22.735 22.258 23.524 22.519 21.167 20.568 21.498 20.486 22.275 22.322 23.817 24.981 25.784 26.737 27.345
26.941 26.094 26.046 24.386 24.784 23.952 23.822 22.858 21.730 20.196 20.375 18.436 18.677 17.959 17.346 15.258 14.455 13.577 11.251 9.375 8.784 7.512 5.453 3.973 0.849 0.000 1.387 3.195 4.230 4.021 5.305 7.561 8.179 9.699 11.220 12.088 11.725 12.930 11.979 14.638 15.775 14.085 13.054 15.909 16.554 15.489 16.162 18.536 18.408 18.203 19.969 21.011 21.119 21.510 22.822 23.271 22.759 23.566 23.521 23.209 22.105 20.947 19.576 19.874 18.616 20.384 19.972 21.631 22.259 21.301 22.762 22.328 23.501 22.552 21.370 20.799 21.697 21.238 22.481 22.840 24.117 25.194 25.940 26.932 27.418
27.295 26.447 26.145 24.453 24.631 24.043 23.543 22.697 21.575 19.827 20.238 18.127 18.496 17.226 17.139 15.399 13.714 12.857 11.530 9.211 8.521 7.346 6.252 4.561 2.939 0.704 0.000 1.501 2.698 3.896 4.031 4.932 7.067 8.552 10.644 12.064 11.507 13.308 12.277 14.437 15.958 13.521 13.701 16.018 16.363 15.295 16.083 18.403 18.185 18.051 19.780 20.928 20.636 20.957 22.535 22.951 22.145 23.323 22.990 22.974 21.701 20.525 19.461 19.660 18.697 20.353 20.139 21.855 22.619 21.885 23.218 22.692 23.943 22.975 21.536 20.956 22.043 21.143 22.455 22.734 24.007 25.104 25.537 26.492 27.163
26.959 25.803 25.835 23.843 24.267 23.821 23.195 22.078 20.831 19.252 19.426 17.785 18.197 17.096 16.934 15.816 14.071 13.772 11.961 9.981 9.574 8.513 6.159 4.832 3.787 2.580 0.661 0.000 1.088 2.074 3.622 3.347 5.018 7.372 8.801 10.371 10.455 12.313 11.626 13.896 14.965 13.458 12.765 15.400 15.565 14.469 15.363 17.754 17.630 17.501 19.346 20.796 20.474 20.586 22.102 22.708 21.952 22.911 22.620 22.690 21.212 19.794 18.668 18.752 17.698 19.628 19.437 21.094 21.766 20.927 22.376 22.046 23.298 22.247 20.938 20.131 21.264 20.305 22.041 22.197 23.673 24.911 25.602 26.878 27.417
26.295 25.534 25.327 23.778 24.147 23.584 23.179 22.199 21.300 19.683 20.105 18.336 19.207 18.556 18.370 16.728 15.181 15.009 13.168 10.671 9.714 9.114 6.936 5.083 3.743 3.360 2.706 0.667 0.000 0.972 2.949 3.842 4.279 6.277 8.563 10.009 9.644 11.455 11.074 13.641 14.224 13.142 12.981 15.062 15.249 14.778 15.874 17.727 17.863 17.933 19.794 20.797 20.919 20.917 22.290 22.832 22.390 23.134 23.004 22.928 21.546 20.059 18.593 18.762 17.749 19.316 19.423 20.820 21.512 20.809 22.262 21.963 23.224 22.179 20.917 20.319 20.877 20.201 21.740 22.146 23.726 24.933 25.644 26.721 27.331
26.620 25.717 25.586 23.788 24.429 23.750 23.296 22.102 21.013 19.145 19.539 17.899 18.686 18.133 18.139 16.641 14.750 15.006 13.081 10.818 10.495 10.076 7.868 6.930 4.944 4.091 4.370 2.838 0.678 0.000 0.997 2.380 3.729 4.520 6.760 8.366 8.060 10.138 10.183 12.748 13.727 12.108 12.274 14.446 14.853 14.283 15.508 17.523 17.444 17.895 19.351 20.394 20.509 21.002 22.296 22.681 22.128 23.098 23.181 22.611 21.233 19.660 18.271 18.588 17.543 19.334 19.144 20.717 21.598 20.543 22.114 21.645 23.012 22.044 20.620 20.146 20.951 20.179 21.697 21.885 23.433 24.718 25.530 26.574 27.151
26.696 25.650 25.467 23.863 24.125 23.585 23.022 22.156 20.930 19.094 19.373 17.785 18.428 17.859 17.710 16.342 14.581 14.852 13.521 11.336 11.196 11.108 9.683 8.122 6.662 4.761 4.578 4.621 2.847 0.664 0.000 1.242 3.291 4.478 6.418 8.453 8.826 10.778 10.727 13.297 14.337 13.520 12.900 15.030 15.237 14.589 15.525 17.705 17.686 17.599 19.373 20.448 20.563 20.760 22.098 22.529 21.910 22.845 22.766 22.409 20.916 19.544 17.995 18.430 17.498 19.236 19.381 20.657 21.613 20.950 22.257 21.867 23.164 22.180 20.829 20.483 21.099 20.454 22.114 22.361 23.894 24.983 25.845 26.767 27.433
26.396 25.577 25.395 23.844 24.334 23.830 23.213 22.176 21.047 19.879 20.039 18.816 19.657 18.982 19.139 17.580 15.823 16.082 15.141 12.913 12.946 12.611 11.068 9.783 8.089 7.401 5.382 4.729 4.563 2.659 0.716 0.000 1.171 3.072 5.629 7.357 7.477 9.948 10.167 12.711 13.458 12.677 12.939 14.962 15.210 14.734 15.901 18.190 18.137 18.260 19.857 21.186 21.137 21.284 22.635 23.084 22.414 23.275 23.224 23.199 21.824 20.359 19.036 18.971 18.017 19.632 19.565 20.736 21.528 20.791 22.145 21.975 23.135 22.393 21.171 20.587 21.379 20.708 22.197 22.637 23.927 25.295 25.825 26.919 27.457
26.547 25.631 25.591 24.173 24.611 24.020 23.414 22.282 21.497 20.003 20.007 18.749 19.865 19.384 19.249 17.669 16.343 16.519 15.602 13.740 13.946 13.733 12.126 10.943 9.883 8.555 7.677 5.426 4.799 4.340 2.950 0.819 0.000 1.364 4.258 5.712 6.447 9.393 9.798 13.022 14.147 13.037 13.637 15.748 16.447 15.752 17.220 18.666 18.723 18.919 20.698 21.626 21.454 21.973 23.121 23.426 22.587 23.362 23.142 23.238 22.032 20.421 19.294 19.286 18.361 20.084 19.747 21.114 21.819 21.153 22.523 22.240 23.232 22.909 21.410 20.872 21.719 21.102 22.539 22.825 24.106 25.338 26.029 26.908 27.404
26.899 26.178 26.167 24.532 24.912 24.374 23.478 22.119 21.800 20.558 21.009 19.939 21.416 21.334 21.276 19.818 18.996 20.243 19.360 17.230 17.843 17.901 16.837 15.179 13.942 11.564 11.544 9.644 7.012 6.297 5.639 3.198 1.214 0.000 1.585 3.371 4.962 7.097 8.856 11.052 12.694 12.977 13.768 15.994 17.173 17.434 18.936 20.313 20.545 21.271 22.634 23.329 23.484 23.844 24.839 25.056 24.184 24.983 24.667 24.321 23.258 21.789 20.667 20.323 19.192 20.801 20.024 21.511 21.976 21.197 22.599 22.158 23.389 22.937 22.097 21.416 22.566 22.403 23.691 24.039 25.001 26.012 26.527 27.244 27.652
26.421 25.776 25.635 24.201 24.528 24.069 23.261 22.160 21.341 19.730 20.813 19.388 20.959 20.682 21.199 19.619 18.383 19.624 18.958 17.076 17.264 18.004 17.034 15.908 15.144 12.969 12.247 10.646 9.481 7.383 6.365 5.160 3.055 0.924 0.000 1.301 2.797 4.594 6.854 8.691 10.516 11.734 12.529 14.066 15.451 15.769 17.226 18.591 19.198 20.113 21.083 22.244 22.575 22.736 23.792 24.103 23.508 24.269 24.189 24.163 22.474 21.181 19.660 19.694 18.236 19.935 19.558 20.615 21.144 20.427 21.494 21.448 22.756 22.137 21.017 21.026 21.894 21.527 23.174 23.395 24.762 25.849 26.670 27.280 27.765
26.778 26.123 25.710 24.045 24.705 24.145 23.656 21.999 21.065 19.664 20.733 19.177 20.797 20.454 21.316 20.024 18.261 19.560 19.616 17.331 17.190 18.266 17.760 16.737 16.282 13.791 12.674 11.748 10.852 9.213 7.104 6.137 5.267 2.653 0.958 0.000 1.226 3.165 5.343 6.832 7.902 8.779 9.842 11.276 11.816 13.075 15.061 16.334 16.853 17.743 19.091 19.877 20.519 21.026 22.331 22.777 22.548 23.362 23.573 23.752 21.802 20.321 18.380 18.380 16.791 18.691 18.407 19.592 20.161 19.243 20.821 20.712 22.204 21.247 19.662 19.329 20.443 19.609 21.660 22.136 23.887 25.175 26.150 27.030 27.551
26.768 26.004 25.962 23.935 24.852 24.427 23.661 21.762 21.245 19.506 20.444 18.695 20.518 19.865 20.855 19.485 18.024 19.196 19.219 17.082 16.878 18.183 17.573 16.667 16.266 14.127 13.242 12.788 12.251 9.488 8.454 8.471 7.339 4.265 2.662 0.943 0.000 1.393 3.449 4.453 6.104 7.349 7.595 8.858 10.378 11.025 12.662 15.014 15.649 16.699 18.049 18.878 19.472 21.031 21.834 22.476 21.578 22.794 22.981 23.168 21.114 19.994 18.171 18.334 16.478 18.397 18.074 19.513 20.150 19.165 20.605 20.338 21.787 20.851 19.200 19.182 19.868 19.514 21.468 21.981 23.815 24.965 26.121 26.943 27.427
26.414 25.627 25.289 23.425 24.157 23.478 23.029 21.494 20.237 18.043 18.882 16.611 18.468 17.395 18.974 17.524 15.349 17.374 17.315 15.328 15.342 17.226 16.526 16.102 15.898 13.645 12.698 12.912 12.541 10.098 8.952 9.463 8.164 5.341 4.977 2.901 1.148 0.000 1.475 3.065 4.648 4.961 5.560 6.949 7.862 8.158 9.790 11.759 11.835 12.336 14.606 15.902 16.329 17.292 18.568 19.257 18.484 19.884 19.794 20.218 18.133 16.698 15.090 15.786 14.493 16.915 17.110 18.341 19.290 18.419 19.947 20.170 21.634 20.538 18.879 18.112 19.047 18.134 20.178 20.452 22.423 23.849 24.787 26.007 26.645
26.673 25.922 25.830 23.796 24.724 23.927 23.199 21.622 20.628 18.416 18.872 16.581 18.204 17.122 18.468 17.109 14.763 16.567 16.941 15.027 14.965 16.795 16.606 16.476 16.233 13.868 13.006 14.593 14.049 11.465 10.490 11.896 10.645 7.395 6.306 4.313 2.990 1.043 0.000 1.038 2.769 4.242 3.934 4.242 5.742 6.354 7.173 8.667 9.167 9.825 11.392 12.423 13.657 15.188 16.309 16.637 16.174 17.659 18.508 19.178 17.160 16.500 14.606 15.726 14.524 16.773 17.037 18.812 19.743 18.595 20.549 20.378 21.571 20.645 19.285 18.403 19.087 18.243 20.240 20.466 22.528 23.864 24.913 25.839 26.505
26.358 25.753 25.540 23.868 24.380 23.648 23.208 21.808 20.500 18.614 18.869 17.298 18.675 17.855 19.329 17.946 16.019 17.800 18.025 16.044 16.127 18.038 17.542 17.302 17.249 15.115 14.135 15.124 14.170 11.661 10.446 11.960 11.008 8.365 7.234 6.193 4.589 2.947 0.707 0.000 1.553 3.008 3.888 3.151 3.967 7.322 7.193 7.542 8.788 10.042 11.616 12.621 13.637 15.237 16.721 17.054 17.386 17.529 18.634 19.428 17.219 16.616 15.096 15.440 14.561 16.638 17.157 18.609 19.690 18.883 20.200 20.536 21.366 20.357 19.249 18.690 18.997 18.387 20.107 20.328 22.454 23.760 24.628 25.695 26.456
26.220 25.479 25.130 23.107 23.688 22.841 22.409 20.766 19.032 17.401 17.074 15.270 16.582 15.747 17.524 16.380 13.830 16.293 16.375 14.060 14.202 16.643 16.383 16.843 16.539 14.175 13.947 15.547 14.507 12.517 12.004 13.891 13.062 10.810 10.347 8.830 7.365 4.972 3.399 0.666 0.000 0.779 1.304 2.146 2.141 2.473 3.769 4.487 4.920 5.043 6.123 7.012 7.897 8.907 10.870 11.374 11.493 13.096 14.190 15.375 13.520 13.043 11.433 12.952 12.225 15.183 16.154 17.490 18.727 18.121 19.707 20.214 21.320 20.111 18.253 17.313 17.913 16.665 18.646 18.757 20.760 22.301 23.518 24.597 25.577
26.143 25.583 25.056 23.284 23.577 22.740 22.421 20.462 18.966 17.005 16.914 14.549 16.161 14.647 16.798 15.657 13.146 15.376 15.746 13.658 13.658 16.139 16.048 16.353 15.986 13.641 13.577 14.873 14.923 12.114 12.208 14.139 13.333 11.266 11.257 9.549 7.445 5.194 3.777 1.746 0.587 0.000 0.673 1.393 1.891 1.927 2.235 3.594 3.751 4.039 4.988 5.643 6.325 7.867 9.852 10.468 10.276 12.258 13.852 15.061 13.059 12.898 10.890 12.763 11.746 14.847 15.576 17.140 18.293 17.415 19.263 19.860 20.575 19.681 18.308 17.420 17.660 16.505 18.584 18.461 20.485 21.820 23.217 24.561 25.305
26.488 25.691 25.481 23.226 23.787 22.993 22.369 21.040 19.396 17.201 17.052 14.722 16.344 14.886 17.257 15.526 13.033 15.422 15.881 13.441 13.273 16.419 16.004 16.136 16.303 13.756 13.444 15.207 15.066 12.661 12.275 14.256 13.336 11.170 10.599 9.159 7.216 4.930 3.548 2.121 1.349 0.566 0.000 0.689 1.337 1.767 1.773 2.352 3.052 3.488 3.557 4.737 5.284 6.481 8.132 9.612 9.965 12.187 13.664 15.174 13.178 13.011 11.260 13.147 12.107 15.099 15.769 17.193 18.670 17.697 19.382 20.104 21.016 19.873 18.580 17.469 17.888 16.794 18.829 18.738 21.035 22.257 23.572 24.652 25.485
26.034 25.188 24.854 22.871 23.605 22.760 22.425 20.734 19.154 17.291 16.958 14.534 16.227 14.834 17.212 15.633 13.204 15.569 15.707 13.669 13.482 16.328 16.097 16.512 16.507 14.033 13.741 15.495 15.181 12.714 12.872 14.822 13.903 12.208 11.587 10.121 8.673 6.136 3.986 2.528 2.126 1.470 0.541 0.000 0.737 1.251 1.543 1.614 1.931 2.913 2.926 3.989 4.517 6.302 7.231 8.619 9.832 11.789 13.393 14.855 12.926 12.635 10.780 12.744 11.775 15.154 15.858 17.278 18.524 17.846 19.515 19.962 20.912 19.713 18.030 17.456 17.784 16.403 18.506 18.222 20.057 21.570 22.853 24.024 25.070
26.162 25.580 25.015 23.190 23.414 22.536 22.182 20.732 19.051 17.291 16.564 14.872 15.856 14.629 16.714 15.736 13.130 15.269 15.628 13.710 13.755 16.518 16.363 17.209 16.805 14.489 14.424 16.181 15.630 13.534 13.483 15.288 14.775 13.157 12.705 11.177 9.178 6.767 4.431 3.035 2.159 2.006 1.147 0.611 0.000 0.616 1.380 1.904 1.799 2.234 3.287 3.313 3.728 6.486 7.568 8.135 9.018 11.458 12.851 14.021 12.364 11.994 10.486 12.156 11.762 14.835 15.836 17.182 18.309 17.850 19.572 19.881 20.906 19.541 18.128 17.623 17.442 16.374 18.248 18.594 20.286 21.680 23.010 24.168 25.090
26.282 25.369 24.911 22.757 23.048 22.199 22.016 20.391 18.662 16.427 16.225 13.757 15.515 14.186 16.127 14.900 12.504 14.719 15.196 12.945 12.890 15.879 15.983 16.490 16.471 13.627 14.196 15.650 15.363 12.747 13.474 15.249 14.597 12.818 12.676 11.108 8.611 6.939 4.661 3.378 2.317 2.020 1.719 1.316 0.549 0.000 0.670 1.310 1.444 1.433 1.840 2.942 3.322 4.235 6.248 7.365 8.521 10.983 12.838 14.338 12.386 12.074 10.260 12.285 11.365 14.674 15.343 16.921 18.244 17.745 19.425 20.273 20.814 19.797 18.271 17.447 17.490 16.271 18.468 18.471 20.318 21.656 23.080 24.415 25.252
25.894 25.257 25.116 22.832 23.472 22.338 21.936 20.677 18.907 17.027 16.387 14.532 16.045 14.553 17.145 15.534 13.339 15.157 15.933 13.601 13.578 16.440 16.561 16.941 17.041 14.503 14.536 16.006 15.442 13.446 13.497 15.109 14.479 13.040 12.705 11.504 9.044 6.898 5.134 3.370 2.950 2.718 2.062 1.629 1.162 0.532 0.000 0.616 1.033 1.237 1.145 1.626 2.610 3.752 5.605 7.024 8.270 10.667 12.647 14.410 12.479 12.211 10.259 12.259 11.252 14.809 15.419 17.167 18.167 17.612 19.416 19.773 20.485 19.405 18.274 17.667 17.784 16.279 18.375 18.267 20.187 21.510 22.932 24.108 25.327
26.087 25.389 25.064 22.852 23.620 22.693 22.283 20.909 19.150 17.499 16.843 15.127 16.338 14.858 17.687 16.304 13.401 15.578 16.394 14.279 13.624 16.809 17.050 17.684 17.446 15.002 14.928 16.586 16.154 13.998 14.141 15.999 15.048 13.522 13.271 12.008 9.723 7.363 5.571 3.792 2.964 2.807 1.916 1.567 1.597 1.023 0.524 0.000 0.615 0.908 1.317 1.440 1.996 3.206 5.526 7.049 8.335 10.564 12.902 14.240 12.453 12.331 10.642 12.826 11.887 15.275 15.604 17.004 18.022 17.509 19.272 19.913 20.679 19.426 18.021 17.648 17.898 16.639 18.700 18.220 20.525 21.834 23.172 24.597 25.524
25.933 25.240 24.537 22.613 22.925 22.108 21.904 20.442 18.837 17.201 16.608 14.785 16.078 14.444 17.284 16.156 13.260 15.427 16.267 14.354 13.840 16.843 16.963 17.650 17.390 15.029 15.247 16.649 16.258 14.214 14.568 16.323 15.689 13.978 13.645 12.701 10.352 7.961 5.944 4.563 3.293 3.145 2.664 1.729 1.491 1.301 0.903 0.533 0.000 0.573 0.958 1.428 1.739 2.886 5.336 6.699 7.988 10.430 12.424 13.910 12.052 11.998 10.133 12.253 11.518 14.455 15.262 16.460 17.723 17.456 18.955 19.785 20.446 18.949 17.836 17.256 17.286 16.261 18.190 17.941 20.251 21.747 23.093 24.309 25.415
26.175 25.079 24.781 22.843 23.162 21.806 21.751 20.683 18.997 17.040 16.716 14.514 16.295 14.485 17.185 15.817 13.211 14.998 16.025 13.876 13.606 16.615 16.651 17.262 17.317 14.742 15.051 16.480 16.096 14.259 14.643 16.370 15.473 14.126 14.030 12.686 10.815 8.050 6.011 4.522 3.765 3.411 2.684 2.286 1.751 1.525 1.238 1.128 0.539 0.000 0.629 1.058 1.602 2.408 5.154 6.883 7.986 10.344 12.362 14.055 12.047 11.924 10.200 12.051 11.310 14.527 15.264 16.949 17.806 17.582 19.141 19.748 20.583 19.387 18.269 17.568 17.577 16.445 18.271 18.161 20.243 21.587 23.177 24.318 25.366
25.966 25.580 24.876 22.859 23.494 22.314 22.265 20.748 18.942 17.268 16.538 14.375 15.872 14.206 16.922 15.585 13.156 14.615 15.774 14.042 13.567 16.487 16.381 17.254 16.966 14.497 14.957 16.541 15.995 14.059 14.709 16.585 15.584 14.167 14.265 13.100 11.492 8.758 7.031 5.083 4.395 3.726 3.185 2.515 2.498 1.724 1.378 1.373 0.995 0.540 0.000 0.609 1.316 2.172 4.333 6.293 7.780 9.875 11.941 13.451 11.587 11.538 10.016 12.060 11.319 14.615 15.447 17.004 17.989 17.727 19.428 20.074 20.619 19.346 18.099 17.615 17.495 16.117 18.060 17.794 19.686 20.898 22.555 23.838 24.950
26.103 25.548 25.082 22.821 23.683 22.608 22.507 21.154 19.419 18.108 17.141 15.478 16.668 15.315 17.727 16.344 13.767 15.735 16.562 14.620 14.267 17.125 17.185 18.003 17.705 15.467 15.580 17.258 16.957 14.924 15.482 17.210 16.421 14.846 14.612 13.554 11.857 9.329 7.404 6.114 4.813 4.451 3.658 3.315 3.016 2.573 1.647 1.633 1.519 0.976 0.583 0.000 0.745 1.761 4.548 6.209 7.531 10.104 12.168 13.828 12.196 12.369 10.796 12.594 11.982 14.989 15.488 16.955 17.897 17.526 19.309 19.897 20.728 19.408 18.163 17.930 17.953 16.706 18.469 18.176 20.351 21.594 23.008 24.444 25.374
26.116 25.483 24.926 22.958 23.921 22.694 22.996 21.891 20.041 18.465 17.771 16.076 17.190 15.837 18.202 17.011 15.067 17.013 17.559 15.584 15.261 18.039 18.190 19.035 18.723 16.565 16.817 18.499 18.378 16.313 17.309 18.997 18.350 16.831 16.599 15.567 13.468 11.857 9.785 8.002 6.855 6.457 6.272 4.499 4.327 4.115 3.064 2.360 2.348 2.431 1.619 0.772 0.000 1.033 3.464 5.588 6.950 9.479 11.516 13.537 12.120 12.923 11.805 13.221 12.910 15.376 16.403 17.545 18.711 18.397 19.797 20.210 20.986 19.384 18.250 18.191 17.902 16.662 18.141 18.348 19.672 21.354 22.991 24.482 25.445
26.575 26.269 25.709 24.353 25.101 24.418 24.628 23.831 22.129 21.502 21.004 19.735 20.766 18.365 21.462 20.389 18.294 19.522 20.966 19.886 19.438 21.764 22.347 23.225 23.675 22.011 22.735 24.124 23.994 22.494 23.569 24.743 24.169 23.560 23.836 23.432 22.021 21.570 19.454 18.234 16.364 14.945 15.111 14.098 11.696 10.208 10.784 8.939 5.313 5.532 5.126 3.781 1.384 0.000 1.496 4.304 6.687 8.807 11.839 13.852 12.756 14.023 13.432 15.530 15.319 17.466 18.968 19.639 20.674 20.815 21.885 22.198 22.496 20.731 19.280 19.146 18.525 17.437 18.639 18.848 20.373 21.908 23.597 24.725 25.851
27.513 27.398 26.550 25.290 25.651 24.906 25.091 24.282 22.700 21.523 20.675 19.126 19.739 16.984 20.050 19.754 17.674 18.644 20.312 18.845 18.669 20.841 21.732 22.475 23.054 21.619 22.591 24.181 23.956 22.803 24.003 25.400 24.950 24.518 25.001 24.585 23.424 22.616 20.775 19.924 18.912 17.241 16.357 14.316 13.559 11.401 10.491 9.674 7.846 6.090 5.253 5.749 3.274 1.054 0.000 1.188 3.969 5.963 9.016 10.926 9.877 12.202 12.716 15.477 16.568 18.843 20.693 21.856 22.763 22.794 23.863 24.089 24.329 22.903 21.635 21.425 20.558 19.204 19.849 19.006 20.115 20.664 22.209 23.244 24.437
27.435 27.135 26.386 24.746 25.115 23.883 24.340 23.754 21.920 20.974 19.560 18.335 18.266 16.202 19.012 19.088 17.443 18.482 20.074 19.258 18.962 21.026 22.113 23.243 23.350 21.988 23.105 24.285 23.661 22.840 24.059 24.940 24.476 24.301 24.717 24.417 23.428 22.916 21.392 20.793 19.756 18.030 16.988 16.171 14.478 12.516 11.486 10.690 9.262 7.642 6.265 6.274 5.087 2.986 1.056 0.000 1.482 3.701 6.638 8.245 7.424 9.961 11.471 13.863 15.480 18.165 20.083 21.026 22.296 22.644 23.746 23.965 24.335 23.394 22.157 21.480 20.894 18.819 19.675 18.241 19.256 20.039 21.420 22.748 23.673
26.819 26.173 25.510 24.016 24.207 23.238 23.497 22.710 21.132 19.945 19.062 17.053 17.401 15.843 17.759 17.864 16.366 17.700 19.120 18.405 18.339 20.237 21.283 22.401 22.527 21.187 21.923 23.354 22.825 21.786 23.132 24.061 23.598 23.427 24.056 23.860 22.561 22.263 20.632 20.480 19.427 17.356 16.905 16.575 14.316 12.408 12.156 11.058 9.480 8.770 8.546 7.004 6.053 5.361 3.391 1.059 0.000 1.397 3.507 6.071 6.549 9.373 11.034 13.019 14.734 17.220 18.885 20.004 21.095 21.516 22.674 22.775 23.241 22.057 21.000 20.405 20.091 18.300 19.172 18.785 19.167 20.446 21.614 23.057 23.885
26.760 26.072 25.058 23.271 23.548 22.399 22.617 21.722 19.823 18.614 17.584 16.263 15.728 14.351 16.406 16.701 15.589 16.931 18.349 17.716 17.874 19.887 20.888 21.979 22.291 20.364 21.637 23.252 22.295 20.923 22.772 23.772 22.852 22.988 23.970 23.809 22.067 21.750 19.965 20.046 18.945 16.842 16.635 16.789 15.104 12.669 12.989 12.330 9.987 8.915 9.696 8.583 6.650 6.432 5.857 3.455 0.994 0.000 1.133 2.573 4.322 6.322 8.961 10.684 12.616 14.780 16.823 18.105 19.123 19.726 21.662 22.324 22.971 21.785 20.463 19.863 19.430 17.931 18.414 18.223 18.466 19.258 20.751 21.930 22.889
26.463 25.844 24.679 23.101 22.949 21.986 21.940 21.386 20.039 18.463 17.580 16.347 16.789 15.654 16.418 16.958 16.501 17.018 18.610 17.630 18.873 20.363 21.101 22.204 22.283 20.806 21.901 23.323 22.432 21.299 22.919 23.999 22.936 23.024 24.052 23.825 22.401 21.951 20.736 20.639 19.873 17.672 17.464 17.931 16.817 14.486 14.893 15.018 12.667 11.102 12.024 11.526 9.064 7.801 6.991 5.487 3.149 0.958 0.000 1.090 3.003 4.964 7.937 9.317 11.852 14.150 16.428 17.122 18.214 19.137 21.221 22.143 22.728 21.655 20.830 20.092 19.712 18.116 18.785 18.404 18.392 18.695 19.434 21.019 21.999
25.624 24.803 23.587 21.965 21.850 21.287 21.014 20.577 18.890 17.282 17.027 15.842 15.601 14.869 16.635 16.162 15.224 16.894 18.165 17.352 18.322 20.073 20.401 21.995 22.114 20.147 21.151 22.552 22.095 20.496 22.333 23.317 22.433 22.361 23.304 23.073 21.410 21.105 19.360 19.805 18.422 16.587 16.797 17.273 15.579 13.060 14.593 14.786 11.814 10.722 12.550 12.053 10.188 9.834 8.964 7.684 5.007 3.286 1.151 0.000 1.247 2.979 4.604 6.221 8.078 9.930 12.762 14.198 15.621 16.759 19.406 20.249 20.712 19.795 19.429 18.132 17.743 16.431 16.483 16.906 17.200 17.779 19.319 21.074 22.423
25.060 24.560 23.256 21.004 20.480 20.348 19.550 18.534 17.353 16.014 16.051 13.905 13.550 13.655 16.100 14.811 13.850 15.713 16.427 15.582 16.729 18.228 18.544 19.644 19.613 17.738 18.591 20.145 19.252 18.003 19.480 20.759 19.906 19.893 20.912 20.821 18.638 18.241 16.400 17.142 15.963 13.764 14.510 15.329 13.675 11.549 13.755 13.768 11.771 11.278 13.339 12.502 11.623 11.608 11.329 9.371 6.148 5.102 2.447 0.792 0.000 1.190 2.661 3.676 5.037 7.433 8.471 11.143 13.087 13.624 16.595 17.914 18.787 17.862 17.495 16.427 16.402 16.084 16.598 16.953 17.138 18.768 19.488 21.297 22.991
25.045 23.682 22.837 20.368 20.900 19.718 19.993 18.792 17.219 15.323 15.072 14.179 15.341 13.558 16.495 15.473 13.995 16.450 16.449 15.764 16.849 18.679 18.843 20.326 20.409 18.045 18.455 20.129 19.076 17.491 18.943 20.362 19.618 19.352 20.590 20.116 18.227 17.659 15.916 16.625 15.475 12.762 13.806 14.824 12.562 10.553 12.835 13.804 11.092 11.153 13.407 13.386 11.502 11.830 11.609 9.880 6.912 5.306 4.177 2.669 0.797 0.000 0.884 2.089 2.522 4.265 5.643 7.593 9.563 10.819 13.791 16.686 17.628 16.591 16.707 15.283 15.280 15.177 15.858 16.198 16.550 18.782 19.451 21.689 22.113
24.574 24.182 22.650 20.508 20.358 19.749 18.988 18.407 17.019 15.051 14.515 13.084 13.157 13.288 15.625 14.289 13.327 15.676 16.158 15.458 16.538 18.116 18.520 20.097 19.736 18.090 18.620 20.039 18.925 17.439 18.938 20.141 19.528 19.681 20.709 20.305 18.488 17.878 16.141 16.639 15.572 12.910 13.770 14.538 12.556 10.400 13.130 13.239 10.781 10.984 13.418 12.711 11.420 12.220 12.273 10.060 7.450 6.551 5.035 3.728 2.035 0.817 0.000 0.858 1.613 2.887 4.274 6.259 8.658 10.495 14.132 16.986 17.484 16.513 16.411 15.199 14.942 14.842 15.669 16.866 16.634 19.228 20.625 21.688 22.303
25.162 23.975 22.657 20.631 20.081 19.199 18.912 18.395 16.917 18.610 17.105 14.056 15.208 14.459 16.397 15.845 14.302 16.296 17.178 16.512 17.246 19.189 19.620 20.530 20.345 18.089 18.721 20.065 19.163 17.365 18.881 20.245 19.385 19.365 20.333 20.264 17.974 17.612 15.685 16.600 15.542 12.930 13.782 14.652 12.210 10.695 12.801 13.439 10.645 11.098 13.640 13.090 11.363 12.284 12.367 10.341 7.924 6.992 5.883 4.622 3.126 1.889 0.711 0.000 0.751 1.973 3.434 5.796 8.033 9.819 12.912 16.042 17.094 16.035 16.064 15.196 15.040 14.794 15.615 16.262 16.847 19.359 19.571 22.147 23.213
24.949 23.974 22.955 20.631 20.725 20.932 20.698 18.701 15.842 15.840 14.584 12.693 14.029 13.694 16.009 14.974 13.295 15.925 16.849 15.462 16.798 18.693 18.870 19.877 19.668 17.743 18.404 19.830 18.878 17.239 18.615 19.908 19.242 19.058 20.292 19.920 17.749 17.102 15.441 16.020 15.098 12.429 13.094 14.246 12.098 10.442 12.739 13.221 10.801 11.068 13.606 13.259 11.980 12.516 12.869 10.779 8.338 8.097 7.070 5.645 4.244 2.848 1.703 0.734 0.000 1.073 2.678 4.834 6.769 8.748 11.913 15.053 16.277 15.358 14.854 14.512 15.206 15.217 15.509 17.095 17.882 19.504 20.841 22.453 22.899
24.489 23.555 22.239 19.472 20.550 20.374 20.244 19.588 16.814 16.392 16.192 14.267 15.327 14.340 17.052 15.727 13.734 16.041 17.445 16.244 16.687 19.226 19.626 20.188 20.207 17.886 18.376 19.904 19.124 17.556 19.035 20.214 19.762 19.622 20.445 20.249 17.816 17.538 15.537 16.196 15.058 12.375 13.241 14.175 11.884 10.541 12.568 13.176 10.878 11.286 13.564 13.515 12.172 13.131 13.663 12.469 9.990 10.678 10.324 9.842 7.166 5.554 3.566 2.375 0.926 0.000 1.376 3.652 5.782 7.933 10.492 12.948 14.939 14.052 14.260 13.920 14.595 14.703 15.466 16.815 17.434 19.654 21.067 22.268 23.153
25.004 24.209 23.082 20.218 21.646 20.966 20.853 19.723 17.422 17.333 17.315 15.954 18.009 17.690 20.639 19.364 17.643 19.936 20.907 19.846 20.022 22.087 22.545 22.855 23.021 20.473 20.773 22.344 21.139 19.015 20.399 21.795 20.497 20.096 21.679 21.469 18.707 19.154 17.144 18.506 17.089 14.983 16.440 17.164 15.149 14.140 16.686 16.638 14.673 15.584 17.997 17.405 16.519 17.735 18.192 16.919 14.668 15.705 15.131 13.660 10.741 8.409 6.944 4.437 3.183 1.052 0.000 1.492 3.939 6.186 8.337 11.176 12.841 13.062 14.075 14.005 14.608 15.326 16.187 17.467 18.027 20.222 21.776 23.149 23.931
24.948 24.552 22.934 20.834 21.889 21.707 21.313 20.288 18.198 18.022 17.932 17.069 19.774 19.853 21.659 20.695 19.324 21.567 22.366 21.150 21.556 23.657 23.758 24.107 23.769 21.444 21.646 22.851 21.757 19.994 20.992 21.993 21.126 20.676 21.946 21.510 19.368 19.314 17.701 19.309 18.045 15.731 17.501 18.780 16.544 15.696 19.225 19.520 17.329 19.172 21.354 21.081 20.500 21.862 22.675 21.790 20.084 20.938 20.253 18.477 16.442 12.486 9.791 7.421 5.054 3.466 1.119 0.000 1.600 3.626 6.163 8.394 10.425 10.621 12.650 13.417 14.913 16.061 17.535 19.132 20.267 22.469 23.830 24.784 25.751
24.956 24.559 23.428 21.448 21.969 21.789 21.510 20.186 18.909 18.895 19.461 19.188 20.954 21.126 23.050 21.899 20.592 22.501 22.989 21.640 21.967 24.007 23.810 23.913 23.964 21.738 21.918 23.276 22.077 20.466 21.187 22.515 21.558 20.964 22.251 21.864 19.622 19.522 18.380 19.489 18.256 16.816 18.443 19.164 17.568 17.520 19.815 19.930 18.240 20.199 22.319 21.730 21.815 23.017 23.481 22.624 21.927 22.172 22.094 20.589 18.570 15.357 13.473 10.007 7.448 5.351 3.804 1.186 0.000 1.737 4.660 5.925 8.088 9.095 11.652 12.707 14.585 16.597 18.091 19.697 21.191 23.045 24.361 25.114 26.065
25.204 24.609 24.109 22.577 22.927 22.963 22.749 21.231 20.878 21.343 22.713 22.599 24.606 24.801 25.713 24.958 23.989 25.056 25.398 24.038 24.058 25.255 25.282 25.008 25.003 23.567 23.304 24.202 23.665 21.977 22.558 23.540 22.529 21.675 23.146 22.886 20.282 20.696 20.067 21.002 19.311 18.571 20.988 21.283 20.173 21.454 22.909 23.089 22.620 24.079 25.088 25.028 25.230 25.911 26.499 26.223 25.468 26.347 26.365 25.739 24.181 22.595 19.819 16.591 12.980 9.426 6.120 4.172 1.400 0.000 1.708 4.111 6.449 8.446 11.521 13.191 15.595 18.354 20.971 23.110 24.699 25.898 26.539 27.199 27.808
25.119 24.819 24.219 22.838 23.747 23.854 23.580 21.847 21.273 21.490 22.771 22.741 24.470 24.377 25.488 24.768 23.367 24.773 25.061 23.450 23.250 25.139 24.944 24.757 24.962 23.079 22.701 24.004 23.195 21.546 21.843 23.122 22.074 21.238 22.583 21.974 19.864 19.653 18.817 19.750 18.393 17.912 19.597 20.190 19.240 19.958 21.985 22.107 21.563 23.531 24.630 24.281 24.822 25.740 26.473 25.963 25.458 26.244 26.424 25.568 23.868 22.162 19.751 16.741 13.078 10.558 7.422 5.667 3.834 1.298 0.000 1.543 3.157 5.476 8.191 11.376 13.365 16.605 19.097 21.233 23.226 24.582 25.684 26.294 27.441
25.240 24.928 24.465 23.102 24.090 24.027 23.895 21.857 21.334 21.335 22.154 21.721 23.640 23.488 25.136 23.859 22.286 23.863 24.359 22.557 22.409 24.376 24.470 24.198 24.451 22.565 22.202 23.719 23.026 21.570 21.832 23.134 22.165 21.483 22.935 22.162 20.100 19.931 19.010 19.792 18.195 17.622 19.139 19.796 18.557 19.428 20.811 21.321 20.502 22.174 23.722 23.567 23.885 24.783 25.861 25.270 24.650 25.481 25.554 25.100 23.234 21.318 18.926 16.890 13.862 12.643 9.515 7.099 5.249 3.458 1.187 0.001 1.763 4.260 6.512 10.076 12.426 14.604 17.305 19.646 21.754 23.424 24.679 25.712 26.711
25.560 25.058 24.950 23.616 24.526 24.490 24.375 22.883 21.822 21.530 22.002 21.372 22.923 22.593 24.361 23.402 21.344 22.995 23.664 22.024 21.662 23.709 23.843 23.827 23.904 21.897 21.945 23.404 22.874 21.357 21.773 23.099 22.286 21.808 22.608 22.070 20.143 19.640 18.587 19.199 17.726 17.009 18.306 19.293 17.716 18.346 19.950 20.438 19.386 21.227 22.714 22.763 22.864 24.066 25.086 24.624 24.029 24.687 24.949 24.630 22.800 21.043 18.848 17.998 15.867 15.502 14.335 12.026 9.273 7.018 3.992 1.168 0.000 1.381 3.552 6.775 8.818 11.356 13.805 16.404 18.968 20.760 22.526 23.681 24.891
25.962 25.607 25.194 23.696 24.579 24.351 24.236 22.890 21.165 20.694 20.770 19.189 21.083 19.802 21.949 20.921 18.691 20.283 21.241 19.688 19.338 21.955 22.282 22.638 22.791 20.762 21.141 22.754 22.376 20.723 21.692 23.158 22.619 22.154 22.816 22.314 20.184 19.601 17.724 18.287 16.863 15.304 16.538 17.665 15.587 15.894 17.633 18.534 17.433 18.895 20.975 21.063 21.254 22.429 23.798 23.199 22.541 23.583 23.805 23.530 21.551 20.052 17.764 17.038 15.369 15.479 15.423 13.142 12.056 9.004 6.483 3.615 1.072 0.003 1.799 3.978 6.187 7.521 10.782 12.679 15.986 18.382 20.490 22.089 23.431
25.561 25.112 24.432 22.655 23.645 23.243 23.307 21.910 20.626 20.082 19.770 19.048 20.201 18.935 21.384 20.244 18.131 19.809 20.721 19.433 19.104 21.454 21.941 22.382 22.820 21.371 21.200 22.913 22.521 21.301 22.052 23.438 22.983 22.725 23.537 22.926 20.911 20.207 18.832 18.889 17.780 16.340 17.125 17.766 16.413 16.213 17.932 18.584 17.516 18.638 20.709 20.532 20.342 21.663 23.046 22.283 21.177 22.439 22.728 22.398 20.283 18.558 16.809 16.090 15.230 15.465 16.252 13.776 13.012 10.022 7.897 6.448 3.430 1.249 0.000 1.213 2.370 4.250 6.049 8.812 10.868 13.929 15.704 17.816 19.218
25.451 25.215 24.243 22.518 23.389 23.073 23.275 22.407 20.140 19.798 19.517 18.858 20.089 19.063 21.403 20.245 18.651 20.218 20.888 19.731 19.493 21.454 22.111 22.398 22.812 21.496 21.426 23.036 22.723 21.712 22.263 23.615 23.428 23.130 23.607 22.973 21.381 20.090 18.935 19.157 18.080 16.741 17.680 18.389 16.805 16.683 18.521 19.139 17.665 19.067 20.915 20.745 20.767 21.798 23.273 22.427 21.406 22.739 22.745 22.401 20.306 18.223 16.722 16.025 15.194 15.367 16.923 15.130 13.806 10.959 9.179 7.484 5.325 2.952 0.949 0.001 1.037 2.688 4.338 6.514 9.078 11.393 14.165 15.871 17.542
25.088 24.678 23.591 22.123 22.264 21.742 22.061 21.039 19.023 18.312 17.580 16.583 17.463 17.257 18.881 18.084 16.701 18.014 19.063 17.982 17.747 19.976 20.773 21.491 21.711 19.838 20.352 22.214 21.431 20.214 21.455 22.865 22.345 22.238 22.863 22.408 20.501 19.734 18.358 18.479 17.646 15.963 16.589 17.585 16.144 15.639 17.016 18.192 16.798 17.652 19.485 20.025 19.679 20.597 21.795 21.002 19.519 20.505 20.815 20.176 17.944 16.833 16.069 15.810 13.962 14.876 15.577 14.475 13.755 11.171 9.939 8.438 6.338 4.438 2.743 1.056 0.000 1.367 2.714 4.567 6.559 8.143 10.318 12.272 13.815
25.257 24.880 23.367 22.118 22.001 21.497 21.680 20.774 19.358 17.903 16.906 16.277 17.439 17.320 19.508 18.081 16.651 18.512 19.277 18.004 18.157 20.148 20.696 21.462 21.882 20.027 20.322 22.372 21.510 20.352 21.557 23.116 22.427 22.367 22.889 22.685 20.696 19.851 18.318 18.664 17.863 15.732 16.678 17.737 16.517 15.475 17.327 18.353 16.613 17.646 20.088 20.109 19.336 20.855 21.974 21.095 19.703 20.679 20.916 20.008 18.259 17.475 15.214 15.178 15.756 15.450 16.373 15.482 14.277 11.788 10.397 8.962 7.390 5.455 3.902 2.695 0.962 0.000 1.137 2.266 3.924 5.369 7.081 8.747 10.568
24.984 24.264 22.780 21.524 22.111 21.262 21.203 20.345 18.451 17.577 16.860 15.815 17.070 17.118 19.283 17.555 16.505 18.025 18.743 17.316 17.571 19.977 20.468 21.279 21.154 19.160 19.692 21.625 21.083 19.781 21.411 22.611 22.254 22.069 22.745 22.479 20.469 19.801 18.248 18.498 17.794 15.654 16.488 17.522 16.166 15.663 17.372 18.187 16.986 17.992 19.932 20.300 19.784 20.899 21.824 21.252 20.108 20.607 20.874 20.146 18.144 16.668 15.383 14.638 14.498 15.501 16.692 16.054 15.573 13.405 12.779 11.394 9.747 7.212 5.434 3.930 2.602 0.784 0.000 1.236 2.451 4.131 6.119 7.939 9.497
25.202 24.627 23.005 21.729 21.910 21.652 21.660 20.457 19.221 18.154 17.791 17.144 17.701 18.092 20.670 19.335 18.688 20.404 21.457 20.178 20.852 22.544 23.015 23.815 23.712 22.336 22.530 24.002 23.316 21.980 23.398 24.488 23.430 23.128 24.408 24.020 22.177 21.974 20.750 20.910 19.689 17.789 19.395 19.980 17.970 18.117 19.417 19.814 18.329 19.519 21.202 20.935 20.422 21.571 22.452 21.430 19.793 20.991 20.917 20.696 18.580 17.477 16.884 14.923 16.482 16.197 16.644 16.651 16.156 14.248 13.825 12.696 10.851 8.817 7.640 5.716 3.871 2.782 0.958 0.000 1.236 2.680 4.199 5.732 7.823
25.621 25.044 23.170 21.915 22.531 21.756 21.945 20.684 19.047 18.177 17.476 16.976 18.144 18.326 20.312 19.455 18.487 19.969 21.243 20.267 21.073 23.034 23.379 24.248 24.435 22.679 23.239 24.652 23.888 22.446 24.025 24.882 23.861 23.560 24.754 24.615 22.576 22.469 21.325 21.337 20.134 18.148 19.686 20.022 18.596 17.835 19.758 20.039 18.684 19.735 21.486 21.324 20.650 21.593 22.543 21.802 20.749 21.655 21.000 20.539 17.675 16.755 15.963 15.838 16.248 17.040 17.892 17.747 17.397 15.735 15.728 14.608 13.237 11.520 9.265 7.379 5.620 3.992 2.690 0.953 0.001 1.252 2.825 4.512 6.284
25.399 24.810 23.524 22.217 22.567 22.114 22.276 21.049 19.838 19.023 18.388 17.955 19.341 18.871 20.906 20.144 19.403 20.472 21.854 20.960 21.109 22.796 23.513 24.477 24.598 23.392 23.554 24.892 24.295 22.973 24.334 25.206 24.422 24.102 25.100 24.962 23.168 22.890 21.599 21.497 20.083 18.417 19.847 19.962 18.493 18.018 19.466 19.928 18.349 19.233 21.216 20.613 20.602 21.631 22.448 21.611 20.533 20.924 20.462 20.179 17.813 17.041 16.038 16.004 15.852 17.194 18.175 17.656 17.802 16.792 16.546 16.068 14.564 12.900 11.041 9.635 7.420 6.384 4.358 2.858 1.019 0.002 1.364 3.182 4.991
25.935 25.496 24.016 22.647 23.175 22.353 23.048 21.931 20.037 19.703 19.270 18.436 19.495 18.636 21.084 20.561 19.425 20.582 21.974 21.085 21.525 23.388 23.644 24.410 24.520 23.124 23.738 24.850 24.120 23.281 24.490 25.478 24.776 24.731 25.574 25.410 23.764 23.540 21.932 22.192 20.858 19.161 19.846 20.409 18.836 18.009 19.547 19.844 18.397 19.041 21.417 20.951 20.448 21.183 22.342 21.523 20.158 21.121 20.707 19.837 17.618 16.877 16.023 16.205 17.124 17.970 19.422 19.512 19.847 19.282 19.394 18.873 17.802 16.111 14.450 13.168 10.836 8.463 6.921 4.775 3.005 1.119 0.000 1.492 4.049
26.331 25.895 24.461 23.312 23.141 22.411 22.476 21.612 20.049 20.116 18.979 19.487 19.906 19.906 22.483 22.481 21.329 22.622 23.891 23.149 23.337 24.874 25.249 25.720 25.883 24.808 25.168 26.000 25.411 24.515 25.480 26.264 25.340 25.282 26.193 26.083 24.513 24.870 23.748 23.938 22.867 21.511 22.412 23.060 21.240 20.762 22.278 22.467 20.597 21.661 23.135 22.858 22.026 23.198 23.721 22.880 21.462 21.807 21.210 20.484 18.119 16.878 17.266 16.493 18.548 18.923 20.653 20.589 21.300 21.239 21.417 21.258 20.539 19.164 17.126 15.524 13.995 11.313 8.923 7.033 4.830 3.659 1.306 0.001 1.583
27.496 26.951 25.628 24.849 24.917 24.213 24.715 24.304 22.468 22.613 21.382 21.502 21.964 21.812 23.905 23.936 23.168 24.389 25.214 24.990 25.055 26.253 26.674 26.979 27.151 26.455 26.703 27.244 26.816 26.515 26.948 27.360 26.956 26.975 27.341 27.344 26.522 26.681 25.860 26.085 25.132 24.216 24.777 25.099 23.851 23.325 24.294 24.198 22.752 23.250 24.486 24.100 23.050 24.119 24.411 23.323 22.216 22.476 22.036 21.048 19.144 18.588 19.379 19.582 21.341 21.823 23.262 23.635 24.256 24.191 24.395 24.235 23.798 22.956 21.760 20.346 18.514 16.490 13.518 10.855 8.233 5.827 4.023 1.373 0.015
