0.006 1.752 3.719 5.842 7.940 11.304 12.477 14.993 16.678 18.797 20.386 22.187 22.116 22.979 23.134 24.779 25.605 25.855 24.521 24.461 25.936 25.779 24.768 25.204 26.231 26.046 25.384 26.839 27.598 27.295 27.403 28.250 28.278 28.157 27.906 28.057 27.839 27.320 26.800 26.404 26.036 25.318 25.574 25.292 25.161 25.246 25.294 24.964 25.213 25.296 25.463 25.154 24.950 24.952 25.065 24.578 25.154 25.164 24.941 25.104 25.709 25.912 26.201 26.490 27.185 27.758 28.131 28.462 28.709
1.050 0.004 1.550 3.402 5.122 6.669 8.967 10.243 12.193 14.698 16.418 18.263 18.527 19.527 19.613 21.703 22.889 23.754 21.829 22.120 24.020 23.992 22.746 23.488 24.836 24.717 24.152 25.589 26.354 26.154 26.594 27.413 27.597 27.297 27.004 26.934 26.566 25.713 25.501 25.020 24.930 24.110 23.773 24.165 23.787 24.175 23.936 23.457 23.911 23.686 24.035 23.562 23.328 23.183 23.448 23.033 23.880 23.679 23.377 23.971 24.172 24.110 24.334 25.039 25.580 26.381 26.886 27.510 28.225
3.294 1.085 0.003 1.555 3.123 4.772 6.472 8.445 10.760 13.519 15.787 18.005 18.226 18.597 19.206 21.826 22.642 23.803 21.860 21.118 23.338 23.576 22.199 22.435 24.336 23.953 23.399 24.675 26.050 25.785 26.232 27.347 27.539 27.140 26.923 27.131 26.796 25.734 25.619 25.157 24.840 23.902 24.010 24.094 23.759 24.136 23.949 23.394 23.570 23.772 23.828 23.339 23.332 22.948 23.414 23.236 23.785 23.369 23.133 23.219 23.846 23.624 24.139 24.440 25.337 26.117 26.575 27.585 28.057
4.076 3.010 1.123 0.003 1.503 3.541 5.446 7.310 10.354 12.884 14.857 17.616 17.899 19.099 19.600 22.144 23.138 24.098 22.020 21.568 23.682 23.865 22.152 22.904 24.033 24.010 23.467 24.797 25.715 25.792 26.067 27.110 27.545 27.031 26.797 26.709 26.278 25.603 25.067 24.644 24.364 23.683 23.525 24.032 23.532 24.100 24.084 23.227 23.473 23.546 23.626 23.061 22.939 22.774 22.923 23.037 23.482 23.145 22.479 23.010 23.191 22.905 23.313 24.136 24.896 25.996 26.581 27.407 28.236
6.285 4.501 3.249 1.359 0.001 1.657 3.625 5.471 7.945 10.493 12.394 14.829 15.470 17.290 18.480 21.150 22.777 23.879 22.104 21.946 23.918 24.263 22.862 23.415 24.992 24.965 24.639 25.792 26.780 26.807 27.111 27.945 28.086 27.839 27.708 27.381 27.075 26.513 25.949 25.492 25.417 24.503 24.252 24.250 23.755 24.388 24.069 23.137 23.483 23.176 23.223 22.693 22.700 22.717 23.397 23.212 24.019 23.601 23.429 23.824 24.096 23.662 24.382 25.115 25.517 26.408 27.026 27.880 28.462
9.376 6.616 5.296 3.397 1.285 0.001 1.541 3.656 6.379 8.135 10.827 13.005 13.386 15.384 17.004 20.284 22.011 23.197 21.444 21.607 23.725 23.968 22.649 23.516 25.058 25.030 24.778 26.104 27.003 26.957 27.280 28.216 28.352 28.084 27.865 27.765 27.385 26.614 26.143 25.791 25.521 24.397 24.616 24.492 23.821 24.575 24.576 23.375 23.877 23.419 23.257 22.955 22.622 23.050 23.272 23.474 23.774 23.327 22.904 23.450 23.879 23.558 24.015 24.879 25.428 26.243 27.199 27.907 28.522
11.250 9.420 7.316 5.244 3.785 1.540 0.002 2.010 4.434 6.805 8.711 10.743 12.102 14.069 16.643 19.744 21.638 23.205 21.826 22.062 23.914 24.370 23.682 24.209 25.489 25.517 25.350 26.179 27.049 27.057 27.483 28.115 28.329 28.031 27.866 27.714 27.435 26.820 26.284 25.828 25.544 24.701 24.544 24.655 23.951 24.621 24.612 23.625 23.890 23.528 23.329 22.543 22.483 22.691 23.026 23.469 23.963 23.488 23.316 23.866 24.291 23.993 24.754 25.296 25.607 26.448 27.232 27.930 28.357
15.238 12.617 10.923 7.780 5.971 4.253 1.624 0.003 1.730 3.689 5.739 7.292 7.747 9.396 10.778 13.705 16.239 18.014 16.252 16.475 19.634 20.575 19.351 20.705 22.742 23.388 23.305 24.543 25.669 25.790 26.459 27.126 27.607 27.273 27.293 27.174 26.633 25.835 25.838 24.774 24.833 23.500 23.416 23.655 23.183 23.815 23.401 22.508 22.535 22.783 22.233 21.517 21.461 21.110 21.908 22.262 22.891 21.937 21.306 22.032 22.600 21.346 22.054 23.203 24.010 24.859 25.681 26.613 27.493
17.212 14.364 12.480 10.127 7.492 5.644 3.573 1.263 0.002 1.239 2.850 4.196 5.698 7.503 9.580 12.509 14.949 16.884 15.059 15.590 18.326 19.032 18.261 19.260 21.510 21.761 21.541 23.162 24.525 24.713 25.279 26.565 26.913 26.818 26.597 26.722 26.234 25.110 24.935 23.930 24.078 22.476 22.570 23.080 22.435 23.471 23.043 21.901 21.999 22.110 21.643 21.186 21.328 20.948 21.277 21.638 21.882 20.972 20.477 21.172 21.270 20.280 21.096 22.111 22.681 23.595 24.600 25.890 26.686
18.991 17.287 14.530 12.207 9.915 7.219 5.262 3.077 1.169 0.000 1.201 2.108 3.736 5.702 7.738 10.246 12.248 14.192 12.788 12.794 15.466 16.500 15.880 16.801 19.075 19.780 20.294 21.908 23.380 23.523 25.004 25.767 26.271 26.268 26.209 26.235 25.687 24.427 24.560 23.496 23.360 22.189 21.846 22.318 21.985 23.016 22.682 21.474 22.019 22.047 21.627 20.605 20.831 19.900 20.765 20.740 21.397 20.416 19.383 20.161 20.417 19.301 19.727 20.964 21.857 22.557 23.502 24.854 26.038
19.809 18.029 15.547 13.705 11.509 8.735 6.383 4.298 2.704 0.789 0.001 0.807 2.243 4.007 6.623 9.092 11.317 13.638 12.643 12.750 15.158 16.253 16.634 16.628 18.718 19.533 20.204 21.788 23.165 23.641 24.440 25.611 26.392 26.132 26.088 26.111 25.848 24.609 24.664 23.604 23.900 22.369 22.257 22.936 22.164 23.331 22.869 21.387 21.923 22.160 22.128 21.227 20.832 20.554 21.389 21.732 22.225 20.949 19.963 20.559 20.945 19.727 19.719 21.196 21.950 22.536 23.691 25.266 25.915
21.328 19.769 17.219 15.468 13.641 10.572 8.579 5.910 3.912 2.093 0.772 0.001 1.372 3.504 5.633 7.582 10.095 11.640 10.961 11.412 13.399 14.782 14.773 15.960 18.199 18.979 20.072 21.203 22.695 23.281 24.723 25.507 26.014 26.024 26.142 26.131 25.672 24.532 24.700 23.632 23.727 22.601 21.975 22.964 22.406 23.207 22.512 21.436 21.855 22.016 21.866 20.725 21.118 20.801 21.217 21.524 21.874 21.093 19.787 20.299 20.778 19.605 19.749 21.036 21.866 22.677 23.697 25.123 26.079
23.641 22.700 20.343 18.892 16.635 13.896 11.770 8.858 6.606 3.964 2.636 1.001 0.003 1.792 3.520 5.621 7.401 9.256 8.097 8.492 10.058 11.465 11.617 12.404 14.825 16.413 17.090 18.821 20.401 21.387 22.508 23.678 24.317 24.429 24.308 24.765 24.260 22.797 23.073 21.764 22.234 20.942 21.108 22.447 22.007 23.139 22.769 21.107 21.898 22.085 22.100 20.536 20.800 20.076 20.841 21.003 21.302 20.094 18.706 19.241 19.157 17.755 17.504 19.216 20.159 20.682 21.740 23.715 24.731
25.028 24.334 22.425 20.693 19.092 16.289 14.547 11.876 9.342 6.192 5.463 3.268 1.079 0.005 0.902 2.090 4.323 5.246 5.455 6.235 8.006 9.344 10.070 11.104 13.349 15.072 16.169 18.043 19.663 20.636 21.871 22.970 23.599 23.420 23.448 24.255 23.747 22.445 22.738 21.686 21.853 20.728 21.244 21.932 21.787 22.791 22.182 20.773 21.251 21.457 21.182 20.096 20.647 20.449 21.215 21.054 21.507 20.003 18.664 19.061 19.105 17.674 17.554 19.016 19.992 20.669 21.612 23.751 24.349
25.072 24.483 22.084 20.671 18.730 15.954 14.342 11.706 8.839 6.651 5.708 4.262 2.103 0.788 0.001 0.947 2.658 4.069 5.277 5.766 7.080 8.777 9.729 11.815 13.024 14.530 16.016 17.590 18.936 20.241 21.542 22.953 23.337 23.625 23.502 24.194 23.521 22.087 22.681 21.176 21.717 20.501 20.455 21.900 21.389 22.678 21.774 20.454 21.021 21.617 21.121 19.491 20.252 20.223 20.766 20.709 20.927 19.538 18.199 18.685 18.648 17.159 16.825 18.724 19.613 19.941 21.074 23.521 24.203
25.143 24.945 22.552 21.271 19.952 17.458 15.671 13.364 10.441 8.747 7.309 6.158 3.996 2.705 0.884 0.001 1.539 3.188 4.795 4.672 4.685 6.819 8.513 8.210 10.017 11.769 13.625 13.969 15.727 17.732 19.232 20.013 20.409 20.785 20.652 21.656 21.361 19.740 20.735 19.517 20.332 19.278 19.570 20.773 20.871 21.827 21.368 19.997 21.053 21.384 21.325 19.680 20.216 19.388 20.337 19.910 20.324 18.809 17.036 17.243 17.802 16.422 15.726 17.535 18.851 19.331 20.053 22.493 23.322
25.528 25.149 23.106 21.654 20.435 18.055 16.812 15.200 12.396 10.670 9.523 8.305 5.837 4.405 3.031 0.819 0.000 0.932 1.971 3.354 3.191 4.399 6.165 6.881 8.897 10.457 12.013 13.289 14.552 16.324 16.782 18.015 18.678 19.035 19.044 19.801 19.526 18.345 19.436 18.464 19.346 18.368 19.204 20.662 20.654 21.829 20.905 19.700 20.852 21.237 21.141 19.668 19.976 19.408 20.197 19.604 19.987 18.738 16.694 17.052 17.556 16.327 15.432 17.349 18.695 19.274 19.797 22.077 23.367
25.226 25.053 22.902 21.500 20.439 18.631 17.322 15.968 13.329 12.382 11.129 10.020 8.203 5.706 4.194 2.149 0.640 0.000 1.096 2.650 3.218 3.467 4.589 6.245 8.346 9.405 11.077 12.322 14.650 15.100 16.268 17.358 18.002 18.467 18.168 18.921 18.584 16.884 18.239 17.142 18.410 17.523 18.094 19.275 19.761 20.911 20.518 19.067 20.172 20.533 20.420 19.200 19.072 18.587 19.535 18.876 19.365 17.999 16.080 16.384 16.930 15.640 15.093 17.030 18.238 19.279 20.002 22.318 23.126
25.332 25.073 22.799 21.930 20.635 18.627 17.707 16.369 13.870 13.157 12.082 11.188 9.518 6.913 4.539 3.115 1.673 0.633 0.000 1.126 1.938 3.244 3.532 4.281 6.978 8.968 10.198 11.973 13.802 15.016 15.563 16.901 17.578 17.843 18.120 18.728 18.312 17.048 18.494 17.239 18.769 17.700 18.098 19.519 19.621 21.150 20.760 19.438 20.474 20.579 20.140 19.661 18.977 18.949 19.344 18.921 18.958 17.995 16.189 16.348 16.305 15.822 15.212 16.787 18.206 19.062 20.044 22.091 23.128
25.721 25.242 23.374 22.132 21.099 18.866 17.856 16.460 14.163 13.049 12.463 11.553 9.834 7.335 5.256 3.769 3.161 2.079 0.586 0.001 1.226 2.665 3.855 4.398 5.946 8.367 9.993 11.049 13.931 14.670 15.762 16.739 17.515 17.938 18.012 18.818 18.498 17.233 18.663 17.364 18.938 17.566 18.446 19.900 19.924 21.431 20.717 19.242 20.367 21.010 20.757 19.511 19.492 18.870 20.049 19.608 19.912 18.220 16.337 16.741 17.148 15.745 15.451 17.166 18.523 19.426 20.434 22.660 23.634
25.851 25.232 23.326 22.047 20.910 18.921 17.760 16.342 13.913 13.235 12.059 10.933 9.215 7.483 5.497 3.777 3.489 3.375 2.202 0.602 0.000 1.243 2.784 4.009 3.939 6.529 8.290 11.299 13.341 14.354 15.359 16.709 16.839 16.884 17.238 17.902 17.424 16.448 17.786 16.942 18.253 17.341 18.243 19.493 19.964 20.935 20.045 19.073 20.307 20.736 20.693 19.605 19.231 18.740 19.732 19.096 19.408 18.219 16.301 16.429 17.087 15.895 15.368 17.003 18.581 19.673 20.425 22.445 23.733
25.789 25.303 23.491 22.516 21.448 19.621 18.611 17.283 15.213 14.854 14.088 13.135 11.599 9.224 7.516 5.727 4.155 3.607 4.103 2.599 0.625 0.000 1.316 2.943 4.357 5.547 7.060 9.828 12.855 13.768 15.645 16.258 16.894 16.367 17.151 17.570 17.207 16.164 17.370 16.676 17.883 17.234 17.906 19.523 19.813 21.410 20.695 19.559 20.947 21.117 21.207 20.023 19.380 19.164 19.631 18.999 19.163 18.153 16.338 16.349 16.778 15.951 15.064 16.818 18.160 19.214 20.015 22.206 22.967
25.846 25.849 23.660 23.009 22.076 20.157 19.312 18.355 16.064 15.885 14.711 14.652 12.634 10.856 8.581 7.511 5.836 4.061 3.747 3.820 2.182 0.693 0.000 1.084 3.478 5.093 5.706 7.483 11.196 13.142 14.454 15.327 16.268 15.625 16.550 17.239 16.964 16.075 17.441 16.428 17.732 16.926 17.603 19.133 19.093 20.937 20.025 19.209 20.151 21.170 21.105 19.872 19.376 19.073 19.375 18.591 18.750 17.600 16.049 16.140 16.430 15.576 14.973 16.743 18.077 19.278 20.077 22.152 23.422
26.483 26.009 23.926 23.329 22.678 20.453 19.847 18.726 16.182 16.004 14.632 14.642 12.659 10.569 8.564 8.593 6.762 6.183 4.594 4.242 4.093 3.347 0.720 0.000 1.806 4.046 5.528 6.009 8.635 10.848 13.802 14.924 15.621 15.384 16.033 17.359 16.960 15.471 17.382 16.196 17.784 17.235 18.104 19.621 19.786 21.366 20.267 19.413 20.897 21.462 21.734 20.282 19.741 19.263 20.190 19.468 19.873 18.224 16.286 16.535 16.977 15.660 15.280 16.936 18.397 19.366 20.338 22.410 23.541
26.557 26.198 24.532 23.670 23.094 21.370 20.434 19.549 16.939 17.140 15.774 15.630 14.203 11.800 10.685 10.428 8.434 8.345 7.348 5.232 4.805 5.452 4.059 0.670 0.001 1.801 4.188 5.871 6.902 8.746 11.722 14.296 14.798 14.178 15.005 15.912 15.751 14.741 16.115 15.784 17.242 17.195 17.821 19.751 20.545 21.765 20.551 19.885 21.051 21.890 21.850 20.416 20.028 19.491 20.380 19.560 19.932 18.537 16.600 16.558 17.202 15.902 15.259 17.004 18.581 19.574 20.490 22.564 23.785
26.751 26.459 24.568 23.977 23.455 22.077 21.602 20.797 18.745 18.435 17.837 17.599 15.625 14.386 12.024 11.189 9.115 8.471 8.021 7.130 5.240 4.710 5.010 3.559 0.793 0.001 1.514 3.525 6.057 6.459 8.121 11.086 12.640 12.880 13.576 15.025 14.885 13.999 15.381 14.882 16.835 17.348 17.970 20.165 20.431 21.791 20.608 19.975 21.276 22.118 22.114 20.714 20.806 20.008 21.088 20.344 20.471 18.952 17.394 17.371 17.927 16.534 15.977 17.694 18.805 19.818 20.844 22.782 23.873
27.067 26.861 24.791 24.754 24.125 22.505 22.293 21.735 19.545 19.822 18.867 19.164 16.851 15.824 13.669 13.206 11.023 10.218 9.612 9.356 8.619 6.280 5.650 5.537 4.235 0.716 0.001 1.445 4.209 5.763 6.328 8.168 10.297 11.542 11.961 13.942 14.033 13.203 15.676 15.052 17.315 17.459 18.239 20.648 20.932 22.226 20.974 20.157 21.563 22.343 22.388 20.849 20.860 20.356 21.318 20.506 20.819 19.147 17.609 17.617 18.693 17.119 16.206 18.379 19.563 20.247 20.918 23.041 24.085
27.140 26.808 25.087 24.743 24.241 22.898 22.408 21.790 19.776 19.830 19.010 19.282 17.073 15.281 15.267 14.543 12.540 12.093 10.930 9.785 9.560 9.404 6.636 6.000 6.232 4.376 0.680 0.001 1.453 4.343 5.468 6.327 8.165 10.087 10.580 12.750 13.298 12.753 15.057 14.812 16.961 17.468 18.438 20.581 20.886 22.333 21.354 20.215 21.948 22.673 22.824 21.091 21.247 20.417 21.419 20.781 20.857 19.379 17.737 17.664 18.426 17.018 16.627 17.964 19.470 20.448 21.502 23.297 24.280
27.244 26.915 25.738 25.255 24.948 23.769 23.332 22.896 20.901 20.887 20.090 20.203 18.132 16.695 16.778 16.383 14.098 14.222 13.759 11.975 10.656 10.580 9.860 6.828 6.045 6.116 4.350 0.769 0.004 1.598 4.382 5.646 6.965 8.280 9.446 11.595 12.206 12.221 14.684 15.219 16.943 17.667 18.553 20.863 21.473 22.685 21.827 20.901 22.195 23.161 23.140 21.540 21.750 21.061 22.038 21.179 21.406 19.869 18.172 18.243 18.652 17.336 16.688 18.167 19.449 20.320 21.219 23.043 24.240
27.456 27.455 25.791 25.656 25.689 24.457 24.631 24.618 22.908 22.636 22.777 22.175 21.021 20.131 19.527 18.827 16.285 16.310 15.616 15.432 12.245 12.358 12.264 10.706 7.539 6.570 6.159 4.515 0.878 0.002 1.833 5.015 6.401 7.748 8.965 11.385 12.226 12.157 15.188 15.596 17.527 17.856 18.855 21.413 21.967 23.039 22.138 21.605 22.810 23.713 23.775 22.490 22.491 22.089 23.088 22.113 22.458 21.213 19.308 19.486 20.225 18.768 18.219 19.456 21.159 21.774 22.404 23.985 24.669
27.478 27.466 26.060 26.106 26.035 25.029 25.290 25.335 24.009 24.252 24.200 24.286 23.165 21.666 20.798 21.955 19.496 19.318 17.881 17.628 16.270 14.356 13.552 12.886 12.187 7.960 7.088 7.196 4.839 0.936 0.001 1.746 4.949 6.694 8.453 10.213 10.931 11.696 14.078 14.935 16.702 17.972 19.150 21.557 22.347 23.419 22.268 21.582 23.169 23.678 24.106 23.106 22.842 22.747 23.412 22.567 23.248 22.098 20.768 20.653 21.634 20.131 19.994 21.047 22.591 22.968 23.294 24.844 25.370
27.627 27.577 26.611 26.341 26.482 25.735 25.854 25.818 24.718 24.933 24.744 24.694 24.174 22.618 22.201 22.705 20.899 20.973 19.926 19.125 18.074 17.537 15.918 13.846 13.672 11.490 7.879 7.263 7.552 4.017 1.059 0.002 1.880 4.111 6.671 8.068 9.722 10.953 13.546 14.985 16.796 17.866 19.346 21.591 22.611 23.898 22.873 22.538 23.953 24.595 24.975 23.758 23.547 23.063 23.584 22.811 23.019 21.965 20.610 20.274 21.237 19.945 19.798 20.961 22.036 22.888 23.336 24.766 25.609
28.256 28.193 27.423 27.539 27.440 27.120 27.187 27.413 26.611 26.850 26.721 26.832 26.355 25.721 25.084 25.124 23.662 23.834 22.785 21.433 20.629 20.608 18.455 16.486 15.131 13.883 11.292 8.795 8.086 6.797 4.239 1.335 0.001 1.948 4.896 6.812 8.719 10.533 12.826 14.964 17.805 19.031 21.160 23.174 24.377 25.328 24.653 24.480 25.743 26.156 26.424 25.591 25.297 24.934 25.456 24.361 24.677 23.834 22.471 21.781 22.778 22.015 21.115 21.975 23.277 24.223 24.001 25.141 25.385
28.378 28.627 27.988 28.119 28.211 27.935 28.271 28.271 27.817 28.196 28.082 28.265 27.824 27.325 26.521 26.851 25.474 25.668 24.280 23.530 22.912 22.467 20.518 19.331 17.815 15.914 14.092 12.016 9.670 8.173 6.717 4.284 1.749 0.001 1.909 4.700 7.130 9.061 11.356 14.082 16.601 18.889 20.962 23.334 24.670 25.752 25.199 25.248 26.521 26.997 27.440 26.585 25.983 26.050 26.532 25.454 25.990 25.213 23.927 23.348 24.400 23.621 22.805 23.508 24.935 25.557 25.236 26.190 26.296
28.208 28.311 27.769 28.050 28.098 27.885 28.208 28.449 27.853 28.557 28.325 28.560 28.239 27.800 27.228 27.539 26.459 26.425 25.415 24.653 24.061 23.354 22.295 20.948 19.352 17.570 15.235 13.537 11.857 9.275 7.497 6.797 4.588 1.731 0.001 1.990 4.985 7.641 9.514 12.527 15.366 18.305 20.588 22.659 24.372 25.462 25.107 25.301 26.444 27.012 27.406 26.795 26.327 26.296 26.721 25.487 26.115 25.478 24.347 23.559 24.822 24.375 23.499 24.009 25.366 25.989 25.350 26.544 26.449
28.370 28.416 27.587 27.594 27.747 27.230 27.705 27.958 27.163 27.915 27.829 28.119 27.506 27.026 26.054 26.322 25.349 25.298 23.831 23.100 22.855 21.870 20.106 19.179 18.295 15.992 14.474 13.146 11.715 9.194 8.961 7.951 6.453 4.345 1.629 0.003 1.613 4.754 7.132 9.201 11.525 14.345 16.988 19.359 21.742 23.048 22.059 23.156 24.554 25.635 26.084 25.350 24.846 25.180 25.656 24.472 25.261 24.372 22.623 22.245 23.500 22.883 21.952 22.903 24.590 25.332 25.074 26.412 26.608
28.136 28.057 27.312 27.133 27.357 26.665 27.299 27.651 26.857 27.747 27.636 28.017 27.355 26.883 25.989 26.257 25.409 25.105 23.483 22.707 22.699 21.434 19.484 18.528 18.250 16.055 14.334 13.809 12.292 10.190 10.930 10.154 8.209 6.354 4.124 1.624 0.001 1.736 4.400 6.302 8.169 11.218 13.650 16.385 19.321 20.728 19.707 21.073 23.051 24.224 25.004 24.328 23.742 24.225 24.980 23.567 24.418 23.594 21.686 21.313 22.813 22.237 21.149 22.381 24.374 25.368 25.075 26.645 26.790
27.683 27.721 26.615 26.995 26.990 26.237 26.983 27.359 26.323 27.271 27.084 27.490 26.800 26.211 25.047 25.536 24.489 24.178 22.616 21.806 21.691 20.600 18.842 18.524 17.985 15.755 14.311 14.609 12.876 10.548 11.960 11.953 9.732 8.018 6.360 3.844 1.491 0.001 1.851 4.246 6.039 8.753 11.584 13.780 17.000 18.780 18.248 19.822 21.862 23.246 24.157 23.168 22.272 22.914 23.550 21.883 23.056 22.234 20.400 19.828 21.492 21.010 20.337 21.236 23.507 24.663 24.173 26.057 26.366
27.706 27.615 26.515 26.453 26.567 25.831 26.593 26.785 25.877 26.323 26.548 26.795 25.864 25.202 23.674 24.144 23.128 22.742 20.804 20.069 20.318 19.302 17.283 16.833 16.657 14.130 13.075 13.513 12.200 10.712 12.182 12.033 10.468 9.033 7.270 6.067 3.855 1.513 0.001 1.718 3.820 6.715 8.915 11.372 14.143 16.123 15.293 16.685 19.306 20.912 22.040 21.237 20.544 21.374 22.504 20.961 22.349 21.323 19.084 19.051 20.386 19.631 18.855 20.364 22.570 23.416 23.557 25.407 25.852
27.364 27.135 26.143 25.956 26.297 25.417 26.125 26.554 25.284 26.190 25.963 26.576 25.580 24.896 23.445 24.087 23.043 22.564 20.711 20.239 20.085 19.048 17.317 17.123 16.706 14.655 14.105 14.879 14.362 12.555 14.689 14.656 13.461 11.845 9.326 7.528 5.908 4.007 1.679 0.000 1.813 3.870 6.147 7.708 10.349 12.510 13.144 14.582 17.605 19.143 20.667 19.938 18.854 19.985 21.042 19.619 21.037 20.006 17.997 17.665 19.405 19.143 18.454 19.987 22.207 23.675 23.595 25.328 25.906
27.454 26.833 25.737 25.411 25.513 24.612 25.329 25.601 24.325 24.983 25.344 25.756 24.470 23.652 21.997 22.738 21.886 21.788 19.381 18.483 19.089 18.343 16.152 16.049 16.510 14.297 13.898 15.218 14.920 13.387 15.831 16.025 15.236 13.899 11.748 9.889 8.018 5.550 3.835 1.451 0.000 1.588 3.590 5.792 7.626 9.826 10.448 11.228 13.863 15.199 16.941 16.387 16.135 17.148 18.800 18.244 19.697 18.637 16.713 17.014 18.242 17.755 17.291 19.186 21.317 22.420 22.917 24.856 25.479
26.830 26.641 25.284 25.044 25.309 24.017 24.782 25.193 23.628 24.685 24.886 25.370 23.799 23.236 21.979 22.253 21.419 21.242 19.564 18.451 19.005 18.370 16.595 16.633 17.129 15.696 14.878 16.586 16.607 14.940 17.364 18.198 17.425 15.884 13.710 12.346 9.599 7.090 5.231 3.301 1.233 0.003 1.057 2.158 4.194 5.762 6.606 8.700 11.236 12.681 15.008 15.506 15.115 16.405 18.067 17.568 19.120 18.011 16.401 16.591 18.143 17.225 17.342 19.098 21.133 22.545 22.687 24.727 25.281
27.138 26.521 25.385 24.884 25.088 23.728 24.448 24.591 22.933 23.974 24.252 24.464 23.293 22.423 21.071 21.565 20.550 20.644 19.078 18.206 18.781 18.102 16.066 16.404 17.046 15.667 15.085 16.323 16.677 15.598 17.360 18.383 17.926 16.472 14.657 13.704 11.044 8.296 6.287 4.573 2.478 0.851 0.002 1.022 2.225 4.112 5.813 8.229 10.831 11.805 14.273 14.847 14.686 16.037 17.299 17.127 18.436 17.355 15.974 16.360 17.526 16.926 17.223 18.958 20.857 22.156 22.387 24.891 25.155
27.152 26.468 25.318 24.725 24.642 23.293 23.961 23.911 22.549 23.343 23.639 24.098 22.698 21.978 20.715 21.444 20.823 20.989 18.643 17.742 19.131 18.403 16.163 16.539 17.747 15.936 15.784 17.331 17.636 16.485 18.263 19.303 19.002 17.984 16.679 15.901 13.885 11.143 9.347 6.462 4.548 2.788 1.032 0.000 1.570 2.913 5.343 6.405 8.836 9.953 12.235 12.119 12.995 14.680 16.544 16.554 18.281 16.919 15.703 16.478 17.725 17.085 17.307 19.285 21.176 22.345 22.820 24.769 25.388
27.267 26.570 25.670 25.289 25.181 24.210 24.827 24.861 23.477 24.209 24.361 24.778 23.530 22.963 21.508 22.542 22.089 22.320 20.598 19.459 20.643 20.031 18.152 18.828 19.458 18.273 17.684 19.619 19.961 18.935 20.344 21.769 21.427 20.512 19.385 18.258 16.723 14.339 12.295 9.627 7.118 4.627 3.321 1.095 0.003 1.301 3.176 5.516 7.473 9.151 11.913 12.150 13.519 15.397 17.416 16.983 18.537 17.991 16.559 17.227 18.552 18.546 18.879 20.258 22.087 23.322 23.731 25.300 26.091
27.151 26.548 25.325 25.235 24.892 23.757 24.182 24.207 22.853 23.517 23.684 24.098 22.883 22.051 20.776 21.595 21.358 21.455 19.402 18.694 20.004 19.500 17.088 18.124 19.315 18.087 17.663 19.715 20.281 19.733 20.890 22.306 22.418 21.409 20.578 20.105 18.609 16.631 15.131 13.446 10.813 7.079 5.784 3.231 0.851 0.001 1.276 3.987 5.631 8.131 10.586 10.425 12.130 13.858 16.213 16.459 17.822 16.767 15.857 16.615 17.894 17.757 18.285 20.007 21.560 22.763 23.398 25.153 25.856
27.195 26.729 25.598 25.245 25.074 24.007 24.298 24.223 22.901 23.629 23.621 24.095 22.872 21.866 20.938 21.740 21.127 21.407 19.248 18.799 20.029 19.784 17.848 18.751 20.040 18.889 18.728 20.856 21.674 21.161 22.131 23.220 23.493 22.750 21.961 21.320 19.761 18.547 17.329 16.944 13.966 11.133 7.422 5.948 3.410 0.967 0.000 1.533 3.440 6.570 8.220 8.124 10.780 12.029 15.330 16.454 18.116 16.925 16.781 17.874 18.955 18.731 19.200 20.922 22.470 23.769 24.148 25.832 26.424
27.481 27.049 25.948 25.492 25.244 23.793 24.077 24.065 22.703 23.492 23.578 24.179 22.830 21.776 20.820 21.597 20.567 21.212 19.502 18.413 19.681 19.332 17.638 18.398 19.786 19.146 18.758 21.115 21.824 21.512 22.542 23.842 24.076 23.176 22.410 21.960 20.611 18.917 17.655 16.048 14.474 11.328 8.890 6.596 6.460 3.536 1.069 0.001 1.212 2.428 4.400 5.998 8.272 10.310 13.255 14.773 16.818 16.128 16.069 17.703 18.578 18.761 19.525 21.034 22.246 23.380 23.900 25.432 26.172
27.334 27.004 25.767 25.549 24.963 23.916 24.043 23.852 22.595 23.026 23.280 23.705 22.036 21.692 20.577 21.153 20.553 21.045 19.057 18.670 19.585 19.280 17.959 18.427 19.782 19.024 19.290 21.316 21.930 21.797 23.051 24.339 24.350 24.127 23.087 22.648 21.123 19.313 18.195 16.230 14.213 12.378 9.135 8.033 7.188 5.518 3.012 0.917 0.001 1.151 3.426 5.519 7.360 9.951 12.488 13.942 16.321 15.561 15.926 17.562 18.396 18.392 19.408 20.868 22.163 23.318 24.045 25.637 26.304
27.732 27.229 26.128 25.931 25.424 24.189 24.077 23.643 22.493 22.912 22.841 23.413 22.031 21.353 20.564 20.971 20.889 21.320 19.617 19.111 20.432 20.225 18.972 19.760 21.382 20.696 20.922 22.836 23.746 23.779 24.712 25.930 26.151 25.774 25.000 24.796 23.253 21.552 20.452 18.548 17.127 15.177 12.550 11.239 9.997 7.387 5.180 3.379 1.093 0.001 1.465 4.101 6.297 8.990 12.263 13.912 16.655 15.728 16.098 18.385 19.312 19.178 20.068 21.589 22.505 23.569 24.414 25.723 26.582
27.532 27.059 25.850 25.604 24.850 23.856 24.029 23.713 22.175 22.773 22.974 23.357 21.729 21.067 20.124 21.133 20.423 21.121 19.291 18.609 20.067 20.143 18.863 19.553 21.105 20.784 20.978 22.867 23.750 23.885 24.991 25.962 26.141 26.056 25.421 25.338 24.325 22.892 22.008 20.274 18.762 17.192 14.770 13.155 11.602 9.006 7.751 6.071 3.392 1.051 0.001 1.544 4.477 6.538 9.623 11.849 14.041 13.228 14.209 16.730 17.586 17.898 19.238 20.901 21.951 23.203 23.944 25.534 26.285
27.569 27.047 25.952 25.347 24.855 23.589 23.707 23.326 21.731 22.151 22.398 22.383 20.966 20.102 19.514 20.092 19.589 20.176 18.448 17.667 18.896 19.062 18.332 18.497 20.051 20.187 20.585 21.913 22.997 23.282 24.093 25.219 25.728 25.617 24.922 25.033 24.107 22.761 22.382 20.730 19.729 17.573 15.700 15.185 13.028 11.951 10.214 7.611 5.148 3.055 1.182 0.001 1.751 4.022 6.743 7.746 10.251 10.303 11.294 13.596 15.419 16.461 18.105 19.864 21.395 22.499 23.156 25.131 25.748
27.532 27.019 25.652 25.577 24.763 23.364 23.525 23.037 21.562 22.391 22.068 22.585 21.289 20.387 19.421 20.558 19.542 20.480 19.145 18.125 19.539 20.015 19.147 19.330 21.020 21.207 20.980 22.759 24.015 24.221 24.841 26.070 26.587 26.230 25.685 25.908 25.035 23.899 23.951 22.174 21.839 19.630 17.749 17.558 14.782 14.724 12.456 9.666 7.075 5.715 3.713 1.271 0.001 1.617 3.480 5.646 7.297 7.641 9.855 11.780 12.816 14.643 16.468 18.284 19.670 21.089 22.000 23.945 24.895
27.203 26.545 25.307 24.926 24.160 23.394 23.478 23.058 22.170 22.378 22.675 23.229 21.790 20.676 19.859 20.750 19.963 20.675 19.166 18.109 19.209 19.440 18.309 18.141 19.720 20.039 19.688 21.118 22.591 23.027 23.487 24.558 25.214 25.219 24.710 24.972 24.175 22.681 22.459 20.989 20.323 18.425 17.301 17.172 14.825 14.718 12.890 9.633 8.408 6.511 5.566 3.474 1.204 0.001 1.058 2.570 4.429 5.628 7.571 9.482 11.224 12.861 15.025 16.886 18.404 20.240 21.267 23.104 24.284
27.445 26.881 25.389 25.019 24.355 23.329 23.609 23.039 22.324 22.937 22.993 23.233 21.565 20.793 19.814 20.387 19.518 20.192 18.758 17.250 18.544 18.848 17.376 17.113 19.246 19.234 18.603 20.307 21.770 22.058 22.607 24.047 24.661 24.307 23.978 23.917 22.865 21.564 21.453 19.879 19.828 17.982 17.024 17.693 15.962 16.467 14.359 11.173 10.199 8.401 7.131 4.734 2.677 0.868 0.003 1.137 2.773 5.073 5.829 7.636 9.743 11.957 13.727 15.545 17.299 19.011 19.617 21.670 23.298
27.018 26.168 25.346 24.495 23.947 23.254 23.569 23.083 22.661 22.901 22.750 23.551 22.120 21.423 20.276 21.397 20.102 21.216 19.674 18.326 19.205 19.802 18.170 17.872 19.585 20.025 19.193 20.754 22.522 22.930 23.345 24.605 25.519 24.875 24.690 24.823 23.791 22.405 22.408 21.074 20.854 18.679 17.964 18.420 16.732 17.458 15.994 13.199 12.347 10.641 9.874 7.018 5.067 3.111 0.938 0.004 1.446 3.499 5.170 6.215 7.585 10.602 13.006 14.413 16.182 18.029 18.347 20.310 21.960
27.243 26.460 25.530 24.479 24.239 23.564 23.865 23.311 22.748 23.402 23.341 23.918 22.658 21.390 20.490 21.144 20.206 20.916 19.334 17.478 18.749 19.478 17.699 17.327 19.406 19.415 19.107 20.535 22.061 22.532 22.912 24.339 25.155 24.485 24.177 24.182 23.352 21.990 21.925 20.491 20.519 18.563 17.676 18.765 17.125 18.107 17.155 14.276 14.475 13.035 12.923 10.751 7.344 6.482 3.507 0.895 0.001 1.449 3.911 5.736 6.622 8.384 11.471 13.709 15.070 17.060 17.527 19.633 21.505
26.987 26.390 25.283 24.931 24.210 23.416 24.206 23.969 23.127 23.950 23.821 24.240 23.270 21.750 20.478 21.481 20.040 20.895 18.937 16.680 18.271 18.844 16.659 16.045 18.346 18.420 17.999 19.385 20.979 21.334 22.049 23.355 23.924 23.890 23.264 23.399 22.381 20.904 20.920 19.255 19.424 17.599 17.352 18.135 17.236 18.289 17.750 15.407 16.229 14.435 14.298 12.087 9.835 7.104 4.968 3.453 0.868 0.001 1.872 4.556 5.940 6.837 8.785 11.690 13.957 16.241 16.435 18.664 20.298
27.016 26.388 25.284 24.993 24.393 23.666 24.282 24.199 23.140 24.030 23.640 24.422 23.216 21.909 20.439 21.216 19.812 20.448 18.429 16.903 17.700 18.040 15.955 15.718 17.459 17.315 17.005 18.289 19.851 20.386 21.243 22.548 23.117 22.725 22.310 22.456 21.427 20.293 20.103 18.815 18.950 17.348 17.030 17.872 17.035 18.229 17.685 15.721 16.542 15.344 15.179 12.488 10.248 7.990 5.873 5.863 3.935 0.985 0.001 1.965 4.063 6.253 7.668 8.700 12.138 14.466 14.870 17.064 18.914
27.422 26.887 25.605 25.242 24.791 23.788 24.495 24.272 23.364 24.224 23.905 25.043 23.774 22.471 21.104 22.176 20.855 21.766 19.615 17.253 18.729 19.048 16.782 16.127 18.376 18.423 17.710 19.241 21.062 21.513 22.049 23.617 24.168 23.835 23.095 23.239 22.182 20.977 20.979 19.605 19.717 17.669 17.684 18.510 17.389 18.923 18.346 16.212 17.042 16.076 16.038 13.324 11.060 9.019 7.848 6.349 6.164 4.782 1.143 0.000 1.794 4.620 6.201 7.125 8.886 12.595 13.307 15.576 17.539
27.328 27.055 25.656 25.542 25.028 23.882 24.545 24.210 23.087 23.944 23.855 24.479 23.071 21.545 20.109 20.855 19.417 19.814 18.419 16.172 17.427 17.829 16.160 15.434 17.235 17.549 17.307 18.802 20.464 21.129 21.780 23.355 24.090 23.741 23.257 23.507 22.333 20.853 20.946 19.288 19.580 17.929 17.639 19.157 18.358 20.014 19.321 17.349 18.661 18.157 18.039 15.666 13.428 11.520 10.869 7.893 6.984 6.713 4.047 0.980 0.000 1.808 4.752 6.220 7.382 9.402 11.399 14.196 16.615
27.370 27.082 25.634 25.293 24.882 23.938 24.412 24.247 22.970 23.947 23.312 24.090 23.087 21.150 19.975 20.794 19.207 20.253 18.316 16.089 17.543 18.171 16.627 15.342 17.795 18.029 17.641 18.774 20.891 21.413 21.988 23.321 24.136 23.981 23.330 23.672 22.854 21.384 21.223 19.810 19.988 18.436 18.410 19.436 18.586 20.470 20.246 18.153 19.288 18.690 18.945 16.539 14.957 12.683 11.736 10.893 7.957 6.977 6.206 4.604 0.938 0.001 1.760 4.681 6.617 7.921 8.915 12.518 14.583
27.469 27.159 25.963 25.469 25.360 24.381 24.946 24.782 23.622 24.369 23.892 24.758 23.667 22.271 20.687 21.295 19.922 20.499 18.635 17.043 17.769 17.974 16.548 15.919 17.831 17.770 17.697 18.731 20.710 21.193 21.787 23.203 23.738 23.575 23.042 23.184 22.454 21.144 21.093 20.042 20.106 18.334 18.580 19.702 18.826 20.953 20.413 18.723 19.926 19.605 19.817 17.401 15.916 13.662 12.508 12.415 10.877 8.040 6.855 6.477 4.631 1.063 0.001 1.730 4.982 6.429 7.380 9.406 11.464
27.698 27.425 26.070 26.071 25.592 24.678 25.440 25.394 23.941 25.292 24.431 25.354 24.091 22.635 20.940 21.648 20.224 20.646 18.538 17.098 17.939 17.869 16.368 15.900 17.382 17.309 17.445 18.467 20.216 20.931 21.857 23.216 23.713 23.626 23.027 23.177 22.151 20.845 20.977 19.767 20.094 18.340 18.361 19.904 19.265 21.396 20.934 19.078 20.860 20.485 20.825 18.510 17.338 15.732 15.439 14.280 13.412 11.374 8.015 7.454 6.584 3.986 1.181 0.001 1.839 4.197 6.182 7.255 10.499
27.525 27.215 25.865 25.862 25.455 24.818 25.559 25.484 24.079 25.149 24.704 25.440 24.512 22.839 21.587 22.463 20.805 21.653 19.769 17.456 18.810 18.805 16.806 15.918 17.863 17.756 17.422 18.514 20.414 20.944 21.671 23.045 23.606 23.493 23.110 23.332 22.670 21.189 21.272 20.011 20.306 18.394 18.799 20.010 19.573 21.832 21.711 19.958 21.705 21.281 21.741 19.829 18.536 17.622 16.946 15.851 15.164 13.588 11.442 8.748 7.558 6.702 3.967 1.072 0.002 1.977 4.835 5.752 8.832
28.156 27.729 26.635 26.732 25.882 25.423 25.977 25.846 24.522 25.556 24.834 25.736 24.808 23.416 22.196 23.019 21.560 22.540 20.668 18.784 19.391 20.268 18.499 17.409 18.954 19.367 18.827 19.353 21.525 22.227 22.834 23.832 24.769 24.545 24.066 24.455 23.847 22.715 22.841 21.756 22.056 19.977 20.184 21.814 21.121 23.417 23.186 21.473 23.219 23.142 23.392 21.345 20.195 18.716 18.183 17.530 16.091 14.529 12.938 11.313 8.546 7.790 7.018 4.330 1.374 0.003 1.785 4.369 7.370
28.038 28.051 26.876 27.154 26.538 25.813 26.452 26.378 24.730 25.484 24.436 25.549 24.181 22.734 21.615 22.135 20.444 21.488 19.762 18.311 18.609 19.280 17.747 16.709 18.331 18.399 18.350 18.999 20.806 21.791 22.380 23.664 24.458 24.173 23.880 24.078 23.386 22.135 22.187 21.023 21.460 19.990 20.220 22.035 21.692 23.504 22.944 21.307 22.921 23.002 23.233 21.196 20.534 19.627 19.550 18.908 17.856 16.286 14.704 13.596 11.072 8.600 7.827 6.270 3.427 1.316 0.001 1.809 4.532
28.466 28.334 27.374 27.137 26.540 26.241 26.604 26.403 25.411 25.967 25.284 25.865 24.854 23.169 22.436 22.756 20.993 21.916 20.696 18.852 18.947 19.947 18.694 17.659 18.970 19.894 19.228 19.849 21.560 22.215 22.934 23.994 24.501 24.353 23.975 24.395 23.723 22.623 23.033 21.847 22.739 21.152 21.385 23.015 22.909 24.637 23.777 22.361 23.855 24.014 24.331 22.555 22.469 21.038 21.521 20.798 19.778 18.086 16.391 15.124 13.180 10.738 9.132 7.315 6.148 3.981 1.485 0.003 1.697
28.441 28.505 27.663 27.800 27.301 26.872 27.179 27.126 25.983 26.418 25.569 26.268 25.525 24.083 23.750 23.853 21.797 23.130 22.220 20.459 20.323 21.702 20.205 19.093 20.476 20.825 20.262 20.908 22.326 23.068 23.329 24.364 25.055 24.900 24.444 25.049 24.469 23.501 23.820 22.694 23.474 22.195 23.098 24.439 24.236 25.813 25.401 24.180 25.282 25.345 25.409 23.942 23.783 22.675 22.852 21.835 20.850 19.310 17.711 16.473 14.611 12.718 11.387 8.895 7.543 5.636 4.005 1.579 0.010
