0.001 1.395 3.144 4.455 6.354 8.987 10.033 11.097 11.994 14.070 15.280 15.724 16.819 19.066 19.686 20.228 21.262 23.053 23.098 23.222 24.354 25.405 25.445 26.137 25.079 25.437 24.335 24.062 23.293 21.455 19.772 19.767 19.262 17.630 16.867 18.488 18.229 16.172 17.010 18.412 18.021 16.220 18.378 19.594 18.257 18.451 20.674 20.566 18.698 20.088 18.570 16.211 17.081 16.107 18.260 18.442 20.855 21.710 22.888 23.418 21.749 21.077 22.767 23.488 22.473 22.118 23.859 24.533 23.359 22.960 24.455 24.439 23.927 23.068 20.378 19.566 16.664 16.201 15.416 16.522 18.673 19.883 22.155
0.947 0.000 1.183 2.554 4.001 5.398 7.510 8.707 9.387 10.904 12.758 13.930 14.131 16.923 18.267 18.381 19.253 20.811 21.712 21.445 22.722 23.945 24.359 24.932 23.730 23.881 22.166 22.049 21.369 18.952 16.808 17.706 17.433 15.181 14.565 17.157 17.183 14.642 15.962 17.644 17.612 15.512 18.076 19.563 18.469 18.420 20.423 20.687 18.566 19.733 18.093 15.374 15.755 14.316 15.895 16.348 18.622 19.350 20.508 20.984 19.344 18.116 20.117 21.174 19.740 19.348 21.504 22.389 21.279 20.588 22.505 22.676 22.444 21.104 18.342 17.848 15.208 15.161 14.234 15.732 17.933 19.705 21.786
2.665 1.008 0.001 1.194 2.658 4.248 5.753 7.057 8.024 9.904 10.974 12.156 12.353 14.426 16.019 16.439 17.548 19.215 20.145 19.897 21.125 22.786 22.997 23.835 22.766 22.931 21.155 21.319 20.727 18.182 16.269 17.000 16.802 14.503 14.027 16.882 16.683 14.223 15.514 17.415 16.919 15.344 17.917 19.008 18.241 18.018 20.498 20.794 18.703 19.953 18.160 15.709 15.578 14.279 16.043 16.110 18.577 19.240 20.332 20.867 18.881 17.762 19.746 20.782 19.398 19.054 21.050 22.063 21.121 20.740 22.475 22.730 22.494 21.507 18.535 18.096 15.346 15.416 14.826 16.259 18.050 19.461 21.409
3.671 2.606 1.006 0.000 1.183 2.515 3.712 6.169 7.115 8.606 10.080 11.414 12.178 13.504 14.892 15.669 16.232 18.219 18.796 18.645 19.991 21.567 21.785 22.896 21.370 21.751 20.014 20.067 19.293 17.189 15.168 15.919 15.546 13.264 13.200 15.538 15.584 13.271 14.841 16.414 16.108 14.628 17.073 18.451 17.492 17.259 19.828 20.055 18.043 19.270 17.243 14.882 14.829 13.784 15.521 16.041 18.438 19.283 20.171 20.572 18.868 17.644 19.506 20.644 19.037 18.621 20.656 21.518 20.363 19.933 21.935 22.335 22.027 20.754 18.030 16.790 14.394 14.104 13.719 15.288 17.452 19.858 21.778
5.349 3.788 2.600 0.905 0.000 1.268 3.101 6.148 6.200 7.360 9.956 11.830 10.989 13.038 14.830 14.823 14.903 17.146 17.703 17.257 18.767 20.820 21.275 21.992 20.562 20.618 18.921 19.375 18.577 16.051 14.332 15.537 15.063 13.049 12.876 15.603 15.514 13.165 14.479 16.347 16.106 14.353 16.987 18.580 17.674 17.269 20.194 20.569 18.021 19.272 17.691 15.059 14.966 13.627 15.111 15.908 18.281 19.040 19.847 20.511 18.261 17.309 19.158 20.208 18.615 18.381 20.465 21.375 20.161 19.811 22.024 22.491 22.022 20.675 17.692 16.684 14.055 14.140 13.901 15.527 17.560 19.943 21.742
8.079 6.461 4.289 3.368 0.928 0.000 1.436 4.380 5.400 4.933 7.352 9.606 9.788 10.343 12.471 12.632 12.755 15.675 16.360 15.776 17.564 19.507 19.700 20.774 19.576 19.934 18.295 19.197 18.658 15.807 14.381 15.836 15.619 13.118 13.667 16.698 16.416 14.394 16.086 18.575 17.806 16.385 19.170 20.515 19.254 19.156 21.840 21.891 19.463 20.870 18.960 16.106 16.079 14.152 15.974 16.209 18.204 19.001 20.277 20.731 18.392 17.454 19.586 20.646 18.842 18.775 21.043 21.540 20.440 20.123 22.181 22.536 22.066 20.823 18.175 17.013 14.292 14.356 13.872 15.461 17.363 19.597 21.557
12.275 11.153 7.710 6.903 3.930 0.738 0.000 1.276 4.134 5.338 5.819 6.863 9.596 10.857 11.509 11.626 12.842 15.755 15.336 14.897 17.004 18.532 19.123 20.094 19.346 19.906 18.690 19.487 18.614 16.036 14.882 16.092 15.587 13.343 13.701 16.371 16.229 14.043 15.550 17.675 17.314 15.679 18.539 19.953 19.005 18.760 21.199 21.426 19.300 20.473 18.841 16.024 15.973 14.299 15.851 16.533 18.806 19.551 20.606 21.475 19.007 18.097 20.253 21.159 19.699 19.502 21.600 22.282 21.000 20.781 22.710 22.969 22.513 21.088 18.318 17.049 14.408 14.521 14.307 16.193 18.287 20.281 22.033
16.969 14.797 11.502 7.919 5.982 3.961 0.761 0.000 1.396 3.819 5.574 5.203 7.020 9.698 10.567 9.817 10.504 14.099 14.120 12.842 14.594 16.970 17.408 18.510 17.427 17.727 16.710 17.077 16.188 14.155 13.113 14.255 14.021 12.175 12.919 15.390 15.547 13.795 15.376 17.332 17.446 16.319 18.624 20.536 19.531 19.238 22.148 22.409 20.067 21.226 19.480 16.422 16.749 14.704 16.534 16.642 19.026 19.738 20.590 21.229 18.727 17.584 19.936 20.768 18.862 19.034 21.256 21.857 20.639 20.492 22.695 23.033 22.792 21.365 18.184 17.895 15.478 15.838 15.088 17.342 19.090 20.746 22.788
15.721 14.153 10.895 8.242 6.322 5.719 3.913 0.727 0.000 1.535 4.238 4.895 4.215 5.974 8.424 8.140 8.175 10.645 10.568 10.470 11.916 14.269 14.690 16.504 15.483 16.373 15.666 16.213 15.492 13.179 12.151 13.489 13.305 11.460 11.989 14.614 14.776 13.014 14.397 16.510 16.514 15.147 17.700 19.451 18.690 18.155 20.907 21.029 18.978 20.312 18.150 15.347 15.998 13.914 16.454 16.828 19.357 19.792 20.629 20.878 18.839 17.620 19.880 20.678 18.816 18.784 20.981 21.387 19.986 19.820 22.083 22.213 21.959 20.624 17.736 17.113 14.634 15.286 14.819 16.729 18.822 20.584 22.729
14.641 13.612 11.193 9.401 7.631 6.735 6.423 3.971 0.661 0.000 1.260 2.975 3.609 3.633 5.708 6.690 7.825 10.035 9.979 10.285 12.124 13.747 14.357 15.812 15.643 16.400 15.654 16.956 16.051 13.529 12.702 14.005 13.645 11.736 12.523 15.235 15.225 13.206 14.924 16.657 16.627 15.131 17.864 19.515 18.986 18.367 20.983 21.064 19.033 20.188 18.634 15.820 16.349 14.964 17.304 17.571 20.194 20.580 21.611 22.062 19.518 18.452 20.753 21.177 19.301 19.450 21.719 22.072 20.662 20.467 22.427 22.769 22.248 20.883 18.002 17.812 15.424 16.000 15.672 17.502 19.503 20.975 22.843
16.602 15.469 13.129 11.426 8.989 7.154 5.929 5.733 2.924 0.632 0.000 1.056 2.529 4.005 4.040 4.590 6.484 8.570 8.588 8.649 10.884 12.742 13.083 14.504 14.622 15.653 15.341 16.179 15.298 12.861 12.462 13.714 13.059 11.636 12.930 15.131 15.473 13.789 15.139 16.890 16.841 15.753 18.016 19.591 19.031 18.910 21.042 21.640 19.900 21.101 19.518 16.460 17.160 14.983 17.710 17.796 20.703 20.849 21.624 22.043 19.806 18.625 21.045 21.458 19.513 19.969 22.017 22.198 20.830 20.758 22.761 23.171 22.874 21.641 18.536 18.536 15.802 16.872 16.185 18.146 19.992 21.429 22.982
17.339 15.643 13.570 11.051 10.113 8.194 6.346 5.102 3.977 2.813 0.635 0.000 1.096 2.824 3.768 3.770 4.936 7.350 7.379 8.251 9.764 12.164 12.755 14.372 14.299 15.781 15.249 15.930 15.179 12.773 12.403 13.745 12.868 11.263 12.649 14.883 14.657 13.408 14.982 16.538 16.310 15.807 17.875 19.253 18.521 18.548 21.082 21.488 19.876 20.967 19.431 16.564 17.150 15.374 17.410 17.700 20.632 21.090 21.653 22.120 19.854 18.744 21.078 21.817 19.757 20.295 22.399 22.799 21.364 21.371 23.362 23.897 23.398 22.225 19.412 18.923 16.469 16.910 16.264 18.182 20.114 21.573 23.469
17.831 16.177 13.967 12.060 11.333 9.156 8.461 6.067 5.301 4.369 2.938 0.648 0.000 1.207 3.334 4.053 3.615 5.224 7.489 8.405 8.647 11.525 12.503 14.406 14.054 15.827 14.706 16.225 15.580 12.844 12.657 14.219 13.092 11.641 13.377 15.305 14.948 13.808 15.359 16.972 16.630 15.824 17.953 19.627 19.195 19.224 21.167 21.654 20.001 21.038 19.291 17.039 17.121 15.734 17.478 17.814 20.263 20.805 21.731 22.068 19.792 18.980 21.264 21.801 19.714 20.579 22.656 22.772 21.348 21.360 23.299 23.533 22.989 21.726 19.378 18.887 16.659 17.204 16.711 18.286 20.368 21.585 23.509
17.857 16.354 14.725 13.041 12.376 10.930 9.648 8.087 6.414 4.863 5.130 2.948 0.621 0.000 0.958 1.984 3.346 4.334 5.294 6.496 7.861 9.994 10.813 12.686 12.561 14.095 13.608 14.955 14.464 12.036 11.891 13.366 12.792 11.450 12.880 15.247 15.176 13.535 14.837 16.637 16.672 15.513 17.890 19.573 19.172 18.949 21.338 21.755 20.001 21.110 19.388 16.761 17.275 15.827 17.580 18.016 20.638 20.797 21.711 21.994 19.631 18.559 20.675 21.381 19.534 19.906 21.979 22.195 20.924 20.837 22.692 22.794 22.561 21.299 18.634 18.373 16.338 17.334 17.001 18.718 20.775 22.106 24.119
18.380 17.179 15.199 13.717 12.561 11.318 9.899 8.342 7.794 5.276 4.461 4.230 2.246 0.666 0.000 0.975 2.616 4.001 4.373 5.266 7.103 9.320 10.288 12.132 12.056 13.769 13.875 14.858 14.333 12.223 12.452 13.703 13.414 12.340 13.674 15.798 16.023 14.620 15.967 17.633 17.366 16.662 18.635 20.264 19.791 19.923 22.011 22.425 20.960 22.086 20.632 18.278 18.580 16.534 18.443 18.143 20.865 21.273 21.994 22.350 20.035 18.964 21.310 21.939 19.937 20.614 22.683 22.778 21.474 21.532 23.351 23.644 23.271 22.331 20.025 19.980 17.921 18.693 17.995 19.500 21.074 22.152 23.925
20.291 18.543 16.956 15.133 14.290 12.929 11.439 10.317 9.308 7.533 5.152 4.923 3.630 2.622 0.991 0.000 1.377 3.463 4.259 4.189 4.962 8.068 8.632 10.402 10.135 12.207 12.360 13.860 13.444 11.753 12.433 14.053 13.307 12.270 14.434 16.158 15.734 15.277 16.927 18.074 17.730 18.019 19.438 20.612 20.279 20.924 22.607 23.299 21.790 22.701 21.403 19.258 19.608 17.818 19.505 19.511 21.849 22.130 22.629 22.917 20.756 19.833 21.882 22.616 20.817 21.259 23.118 23.443 22.099 22.102 23.926 24.281 23.922 23.017 20.989 20.977 19.168 19.936 19.385 20.919 22.214 22.970 24.790
21.064 19.726 17.971 16.175 15.739 14.207 13.479 12.009 10.430 9.225 7.997 5.848 4.872 4.099 3.253 0.744 0.000 1.483 2.296 3.246 3.386 5.115 6.863 8.858 8.835 11.244 11.330 13.306 12.820 11.322 11.933 13.487 13.125 12.617 14.050 15.740 15.993 15.029 16.204 17.752 17.494 17.266 19.056 20.477 20.223 20.400 22.211 22.658 21.402 22.283 21.082 18.559 18.980 17.435 18.927 18.769 21.098 21.345 22.272 22.343 19.983 19.293 21.268 21.720 20.136 20.518 22.563 22.591 21.369 21.271 23.032 23.463 23.073 22.224 20.005 20.393 18.416 19.438 19.453 21.055 22.710 23.339 24.865
21.229 19.961 18.026 16.124 16.003 14.513 14.055 12.484 10.325 9.477 8.305 6.786 4.882 4.331 4.172 2.146 0.715 0.000 0.969 1.938 3.168 4.236 5.498 7.620 8.166 9.943 10.562 11.749 11.619 10.520 11.173 12.379 12.336 11.719 13.477 15.437 15.756 14.723 15.807 17.331 17.637 17.133 19.066 20.362 20.230 20.437 22.396 23.003 21.649 22.577 21.129 18.421 18.930 17.204 18.977 18.920 21.312 21.345 21.957 22.177 20.013 19.171 20.913 21.779 19.734 20.235 22.100 22.313 21.042 20.958 22.980 23.234 23.185 22.201 19.762 19.929 18.177 19.429 19.314 21.018 22.982 23.842 25.599
21.902 20.635 18.794 16.931 16.465 15.090 14.588 13.264 11.632 10.124 9.661 7.351 5.972 4.800 4.469 2.895 2.116 0.713 0.000 0.935 1.948 3.702 4.382 6.374 6.593 8.727 9.447 10.819 10.474 10.040 10.870 12.137 12.573 12.351 13.750 15.611 15.854 15.352 16.577 18.134 18.152 18.238 19.590 20.945 21.224 21.252 22.740 23.476 22.111 22.728 21.600 19.275 19.431 17.910 19.443 19.410 21.721 21.911 22.395 22.520 20.282 19.585 21.389 21.909 19.928 20.866 22.365 22.605 21.276 21.361 23.060 23.548 23.184 22.473 20.585 20.827 19.333 20.483 20.459 21.777 23.351 24.245 25.714
22.436 21.350 19.539 17.546 17.124 15.662 14.582 13.260 11.414 10.488 9.133 7.703 6.589 5.882 4.752 3.285 3.048 2.094 0.889 0.000 1.305 3.193 3.990 5.326 6.023 8.316 8.799 10.443 10.127 9.552 10.941 12.234 11.942 12.192 14.109 15.097 15.801 15.383 16.942 18.142 18.210 18.500 19.603 20.766 20.884 21.423 22.859 23.494 22.222 22.792 21.544 19.446 19.523 18.018 19.732 19.728 21.674 21.984 22.136 22.571 20.695 19.530 21.551 22.155 20.273 20.760 22.473 22.834 21.397 21.350 23.273 23.660 23.272 22.618 20.680 20.887 19.240 20.442 20.396 21.994 23.879 24.427 26.163
22.782 21.909 20.081 18.188 18.357 16.670 16.464 14.997 12.944 12.491 11.328 9.153 8.130 7.392 7.335 4.767 4.303 3.769 2.898 0.793 0.000 1.400 2.523 4.714 6.169 8.290 9.195 10.777 10.370 10.251 11.415 12.642 13.142 12.889 14.536 16.250 16.231 15.782 17.067 18.248 18.228 18.335 20.057 21.312 21.313 21.652 23.170 23.742 22.572 23.273 22.282 19.975 20.310 18.865 20.435 20.218 22.206 22.410 22.736 22.930 20.739 19.800 21.932 22.286 20.370 21.112 22.948 23.004 21.609 21.555 23.429 23.987 23.751 23.131 21.263 21.736 19.983 20.942 21.178 22.522 24.436 24.777 26.033
23.785 23.193 21.512 19.832 19.587 17.974 17.667 16.241 14.600 13.629 12.929 11.619 9.243 9.000 8.838 6.808 4.945 4.500 4.624 2.302 0.813 0.000 1.275 3.228 5.427 7.786 9.028 10.720 10.718 10.664 12.011 13.448 13.771 14.218 16.115 17.489 17.807 17.440 18.806 19.654 19.994 20.187 21.605 22.540 22.559 23.009 24.326 24.991 23.937 24.596 23.539 21.843 22.062 20.633 22.006 21.468 23.152 22.958 23.293 23.198 21.322 20.705 22.440 22.718 21.265 21.814 23.474 23.344 22.474 22.415 24.340 24.524 24.607 24.085 22.770 23.017 21.827 22.808 22.489 23.824 25.157 25.702 26.697
24.929 24.299 23.260 21.694 21.888 20.194 19.656 18.343 17.151 16.112 15.097 14.233 12.682 11.599 11.190 9.128 7.229 5.636 5.622 5.014 3.171 0.879 0.000 1.486 3.785 6.693 9.020 10.685 10.329 11.465 13.740 14.837 15.685 16.371 18.459 19.715 19.724 19.589 20.302 21.729 21.765 21.580 22.801 23.630 23.900 24.032 25.041 25.703 24.925 25.487 24.719 23.215 23.610 22.190 23.586 23.032 24.417 24.242 24.434 24.195 22.638 22.305 23.653 23.601 22.477 23.208 24.319 24.117 23.522 23.668 25.047 25.386 25.442 25.022 23.991 24.223 23.131 24.054 23.794 24.780 25.896 26.126 26.997
24.296 23.742 22.128 20.934 21.064 19.732 19.901 18.400 16.872 16.621 16.263 14.563 12.936 13.305 12.363 9.900 9.363 8.246 6.673 5.507 5.253 3.293 1.254 0.000 1.194 3.358 5.783 6.672 7.048 8.701 10.599 11.846 13.145 14.531 16.176 17.569 18.039 18.014 18.773 19.608 20.356 20.543 21.489 22.863 23.276 23.238 24.574 25.004 23.991 24.456 23.262 21.532 21.818 20.031 21.550 21.316 22.867 22.872 22.936 22.985 21.032 20.199 21.798 22.093 20.296 21.238 22.650 22.882 21.574 22.009 23.768 24.203 24.321 23.750 22.037 22.435 21.302 22.473 22.219 23.733 25.132 25.679 26.834
24.556 24.026 22.598 21.303 21.546 19.991 20.052 19.050 17.086 17.033 16.702 15.098 13.533 14.066 13.365 11.095 10.349 10.233 8.796 6.396 5.865 4.550 2.754 0.861 0.001 1.524 3.368 4.897 6.108 7.408 9.838 11.218 12.718 14.518 16.318 17.021 18.182 18.767 19.538 20.393 20.729 21.039 21.866 22.842 23.257 23.404 24.603 25.061 24.025 24.358 23.253 21.706 21.655 20.239 21.704 21.316 22.942 22.750 22.726 22.696 20.881 20.140 21.556 21.887 20.369 21.195 22.618 22.847 21.787 22.314 23.893 24.514 24.180 23.906 22.443 22.771 21.546 22.683 22.739 24.159 25.207 25.808 26.946
24.365 23.798 22.439 21.183 21.200 19.766 20.570 19.139 16.769 17.591 17.848 15.859 14.294 15.342 15.185 12.569 11.850 12.053 10.938 8.358 8.102 8.246 5.179 3.956 1.109 0.001 1.811 4.386 6.213 6.158 7.696 10.526 12.778 13.411 15.287 17.220 18.059 17.527 18.276 18.983 19.898 20.124 21.037 22.861 22.773 22.885 24.073 24.796 23.521 24.029 22.612 20.539 20.659 18.680 20.306 20.051 21.970 22.017 22.083 22.326 20.283 19.228 21.117 21.650 19.766 20.639 22.438 22.507 21.132 21.665 23.692 24.198 24.197 23.504 21.465 21.583 20.222 21.508 21.249 23.021 24.547 25.236 26.616
23.886 23.328 21.753 20.425 20.971 19.239 20.700 19.710 17.508 18.156 19.113 17.317 15.867 17.209 17.351 14.865 13.570 14.526 13.283 10.331 9.551 10.457 8.345 6.240 3.786 1.063 0.002 1.861 4.219 5.908 6.455 8.126 11.302 12.622 13.939 15.982 17.405 17.384 17.339 17.902 18.694 18.185 19.461 21.478 21.777 21.899 23.085 23.722 22.219 22.493 21.243 18.591 18.894 17.095 18.751 18.797 21.099 21.218 21.398 21.733 19.790 18.657 20.510 21.238 19.239 19.771 21.490 21.648 20.244 20.638 22.592 23.067 23.013 22.291 20.087 20.117 18.878 20.087 20.104 21.959 23.542 24.754 26.358
23.164 22.690 21.263 19.721 20.545 19.038 19.974 18.995 16.326 17.336 18.122 16.100 14.738 16.080 16.212 13.961 12.903 13.910 13.186 10.559 10.184 11.331 10.317 8.305 6.547 3.296 0.848 0.000 1.488 4.329 5.763 6.215 8.477 11.050 13.291 15.071 15.901 16.097 17.005 17.652 17.690 17.658 18.790 20.738 21.115 21.144 22.449 23.041 21.529 22.114 20.816 18.178 18.706 16.716 18.838 18.661 20.999 21.190 20.987 21.464 19.817 18.429 20.297 20.883 19.521 19.632 21.207 21.791 20.429 20.348 22.300 22.873 22.796 22.190 20.087 20.184 18.539 19.750 19.805 21.841 23.545 24.625 26.312
22.679 21.758 20.294 18.269 19.030 17.767 18.432 17.096 14.861 16.190 16.216 14.290 13.434 15.041 15.110 13.250 13.075 14.254 13.062 11.204 11.838 13.101 12.092 11.284 7.345 5.564 3.337 0.865 0.000 1.793 4.005 6.136 6.499 8.007 11.250 13.685 13.654 13.035 14.250 16.055 16.303 15.834 16.712 19.158 19.565 19.857 21.550 22.649 21.246 22.205 20.692 17.848 18.549 16.206 18.630 18.398 20.857 21.170 21.350 21.542 19.392 18.196 20.134 20.781 19.202 19.588 21.581 21.708 20.572 20.817 23.044 23.541 23.428 22.704 20.076 20.250 18.126 19.552 19.555 21.236 23.411 24.595 26.285
21.828 20.501 18.426 16.316 16.736 15.458 16.553 15.309 12.997 14.621 14.955 13.121 12.134 14.065 14.381 12.519 12.352 13.812 13.165 10.885 11.814 13.048 11.636 10.735 7.725 6.629 6.136 3.936 0.739 0.000 1.422 3.942 5.651 5.567 8.022 11.459 11.996 10.813 12.170 14.471 15.605 14.435 15.784 18.076 18.592 18.936 20.752 21.890 20.413 21.478 19.611 16.608 16.801 14.417 16.537 16.667 19.450 19.848 20.067 20.503 18.316 16.914 19.115 20.033 18.108 18.521 20.746 21.108 19.932 20.053 22.582 22.955 22.573 21.673 19.131 18.860 16.547 17.745 17.880 20.001 22.660 24.059 25.743
21.421 20.680 18.817 16.954 17.841 15.970 17.749 16.261 13.524 15.221 15.815 13.891 12.423 14.856 14.739 12.973 12.482 14.311 13.086 10.768 11.509 12.548 11.763 10.555 7.904 6.993 6.305 5.850 3.685 0.786 0.000 1.354 3.573 5.198 5.881 7.899 10.147 10.301 10.110 12.940 14.319 14.296 15.672 17.555 18.496 18.733 20.493 21.526 20.029 20.677 18.868 15.962 16.033 13.803 15.992 15.981 18.663 18.959 19.181 19.348 17.443 15.950 18.038 18.631 16.783 17.531 19.670 20.000 18.951 19.048 21.288 21.905 21.568 20.590 18.005 17.631 15.662 17.189 17.365 19.809 22.346 23.756 25.554
21.567 20.669 18.930 17.121 18.099 16.420 18.183 17.060 13.840 15.482 16.161 13.897 12.820 14.882 15.426 13.421 13.397 15.331 14.723 12.204 13.092 14.740 14.713 13.525 11.469 9.804 7.228 6.699 5.659 3.642 0.722 0.000 1.457 3.781 5.305 5.628 7.873 9.030 9.596 11.192 12.714 13.338 14.406 16.416 16.952 17.681 19.443 20.573 19.391 20.165 18.676 15.734 16.187 13.947 16.163 16.101 18.980 19.475 19.653 19.997 17.782 16.426 18.276 19.410 17.596 17.908 20.237 20.804 19.615 19.449 21.956 22.244 21.745 20.911 17.986 17.734 15.827 17.176 17.702 20.081 22.644 23.901 25.698
21.590 20.633 18.794 16.929 18.001 16.358 18.194 17.059 14.059 15.850 16.517 14.068 13.467 15.879 16.069 14.405 14.994 16.698 15.813 13.762 15.292 16.686 15.914 15.436 13.065 11.686 9.886 7.424 6.119 5.977 3.531 0.732 0.001 1.335 3.886 5.297 5.740 6.814 8.369 10.382 11.174 11.756 13.814 16.006 16.408 16.705 19.482 20.509 19.672 20.687 19.203 16.105 16.623 14.480 16.479 16.336 19.204 19.567 20.100 20.423 17.985 16.616 18.664 19.870 17.889 18.064 20.803 21.113 19.838 19.735 22.154 22.620 22.192 21.328 18.336 18.363 16.266 17.732 18.201 20.505 22.769 24.017 25.780
20.992 20.175 17.988 16.399 17.356 16.029 17.783 16.302 13.540 15.540 16.137 13.741 13.246 15.945 16.124 14.069 14.492 17.217 16.020 13.861 15.430 16.927 16.245 15.829 13.342 12.777 11.421 10.309 7.139 7.321 5.621 3.637 0.772 0.000 1.505 4.528 5.940 5.500 6.622 9.751 10.522 11.339 12.706 15.015 15.799 16.071 18.643 19.727 19.188 19.686 18.281 15.634 15.613 13.917 15.773 16.077 18.726 19.205 19.667 20.114 17.957 16.774 18.702 19.742 17.960 18.096 20.410 20.793 19.469 19.604 21.787 22.310 21.910 20.965 18.063 17.883 16.400 17.176 17.705 20.038 22.607 23.925 25.584
20.880 20.133 18.007 16.323 17.495 15.725 17.782 16.297 13.513 15.496 16.081 13.852 12.998 15.486 15.947 14.024 14.486 16.615 16.237 13.497 15.085 16.845 17.394 16.805 15.217 14.872 13.075 12.886 10.362 7.917 6.613 6.170 4.177 0.766 0.000 1.659 4.214 4.963 4.714 7.228 9.133 10.942 11.530 14.373 15.008 15.230 17.711 19.178 18.195 19.137 17.772 14.813 15.332 13.358 15.690 15.566 18.172 18.472 19.137 19.339 17.314 15.969 18.180 19.134 17.255 17.642 19.888 20.203 19.056 19.117 21.151 21.531 21.076 20.240 17.328 17.417 15.411 16.887 17.470 19.771 22.435 23.570 25.120
20.431 19.391 17.649 16.066 17.058 15.615 17.539 16.319 13.538 15.639 16.390 14.366 13.621 16.303 16.996 15.714 15.928 18.043 18.111 16.232 17.044 19.086 20.077 19.325 17.643 17.115 15.637 14.769 12.723 11.264 7.700 7.028 6.753 4.055 0.723 0.000 1.600 3.768 5.074 5.337 6.948 9.256 10.670 12.046 12.761 13.557 16.268 17.595 17.245 18.882 17.928 15.352 15.736 14.025 15.979 15.883 18.293 18.872 19.253 19.672 17.626 16.454 18.343 19.610 17.856 17.903 20.113 20.757 19.756 19.456 21.612 21.957 21.478 20.111 17.433 17.254 15.624 16.800 17.744 19.631 22.211 23.333 25.071
20.261 19.127 17.408 15.979 17.075 15.965 18.057 16.822 14.596 16.672 17.431 15.710 15.370 17.871 18.402 16.985 17.538 19.739 19.386 18.286 18.642 20.972 20.949 20.902 19.360 19.297 18.072 16.729 14.671 13.546 10.857 7.812 6.779 6.284 3.944 0.693 0.000 1.237 3.651 5.366 5.722 7.122 9.453 10.770 11.605 11.838 14.618 16.116 16.080 17.615 17.102 14.634 15.614 13.990 16.245 16.522 18.961 19.532 20.100 20.436 18.488 17.399 19.222 20.278 18.607 18.271 20.723 21.092 19.860 19.483 21.670 21.945 21.461 20.269 17.479 17.345 15.807 16.880 17.650 19.570 22.010 23.139 24.882
20.175 19.312 17.494 15.953 17.258 16.199 18.326 16.976 14.710 17.025 17.852 15.820 15.433 18.054 18.456 17.184 17.574 19.653 19.458 17.699 19.021 20.891 21.057 20.665 19.306 19.862 19.381 17.809 15.704 13.458 11.561 10.506 7.357 5.621 4.977 3.348 0.698 0.000 1.379 4.061 5.212 5.706 7.527 9.612 10.619 11.089 13.475 15.216 15.755 17.359 16.806 14.386 15.793 14.115 16.823 16.812 19.380 19.794 20.330 20.674 18.951 18.139 19.767 20.562 18.755 19.094 21.152 21.404 20.099 20.069 21.835 22.309 21.654 20.523 18.140 17.861 16.178 17.120 17.603 19.517 21.807 23.135 24.772
20.407 19.418 18.060 16.066 17.585 16.574 18.530 17.246 14.677 17.236 17.923 15.435 15.521 18.344 18.854 17.594 17.800 20.211 20.081 18.536 20.197 22.092 22.091 22.231 21.064 21.139 20.367 19.543 17.913 15.453 12.738 11.920 9.725 6.752 5.708 5.184 4.248 0.710 0.000 1.500 3.771 5.653 5.885 6.881 9.241 10.397 12.267 14.688 15.550 17.278 17.122 14.916 16.658 15.097 17.685 17.558 19.999 20.257 20.885 21.362 19.399 18.654 20.225 21.004 19.278 19.509 21.640 21.846 20.240 20.117 22.085 22.551 21.888 21.012 18.621 18.764 16.963 17.948 18.347 20.229 22.584 23.786 25.288
20.252 19.170 17.709 15.905 17.756 16.816 19.049 17.708 15.336 17.682 18.725 16.810 16.845 19.366 19.966 18.714 19.592 21.680 21.475 20.177 21.746 23.364 23.496 23.487 21.714 22.237 21.312 19.702 19.045 16.840 14.397 12.671 11.904 8.669 6.678 5.371 5.771 3.868 0.730 0.000 1.595 3.309 5.157 5.182 6.437 8.500 10.820 13.125 13.804 16.417 16.052 14.252 15.617 14.654 17.024 17.613 20.192 20.774 21.148 21.653 19.787 18.836 20.364 21.340 19.699 19.549 21.650 22.067 20.519 20.346 22.105 22.355 21.622 20.659 18.337 18.058 16.552 17.510 18.057 20.167 22.446 23.606 25.267
19.262 18.604 16.839 15.591 17.214 16.507 18.920 17.456 15.868 18.324 19.109 17.435 17.602 20.512 20.497 19.619 20.663 22.926 22.281 21.603 22.847 24.223 23.836 24.302 22.504 22.934 21.578 20.355 19.096 17.317 15.031 12.941 12.332 10.359 8.059 6.274 6.081 5.319 3.594 1.015 0.000 1.274 4.028 5.466 4.872 6.098 8.782 10.723 10.450 12.876 13.250 11.690 14.018 14.150 16.617 17.652 19.912 20.769 21.391 21.965 20.505 19.257 21.270 21.966 20.085 19.964 22.001 22.358 20.544 20.024 21.948 22.138 21.616 20.430 17.610 17.466 16.082 16.394 17.307 19.062 21.550 22.819 24.400
19.138 18.355 16.533 14.658 16.259 15.287 17.726 16.601 14.660 17.067 18.042 16.373 16.709 19.410 19.851 19.312 20.091 22.536 22.125 21.532 22.801 24.442 24.588 24.757 23.459 23.673 21.821 21.061 19.661 17.725 15.471 14.157 12.330 10.247 8.761 7.973 7.054 5.567 4.756 3.616 0.816 0.000 1.315 3.551 4.332 4.693 6.610 8.565 9.293 11.693 12.340 10.837 13.747 13.620 16.252 16.749 19.121 19.709 20.268 20.893 19.127 18.120 20.205 21.134 19.420 19.232 21.579 21.862 20.504 20.116 21.753 22.367 21.721 20.611 17.989 17.556 15.675 16.465 16.557 18.655 20.975 22.588 24.250
18.876 18.048 16.455 14.939 16.143 15.419 17.382 16.202 14.536 16.728 17.820 16.418 16.694 19.062 19.970 19.006 19.952 22.233 21.910 21.003 22.913 24.349 24.336 24.717 23.053 23.305 22.265 21.379 20.150 18.311 16.395 15.016 13.114 11.074 9.938 9.556 9.181 6.881 5.974 5.760 3.351 0.687 0.000 1.093 2.252 3.727 5.444 7.562 9.275 11.744 12.445 11.643 14.098 14.154 16.600 17.090 19.239 19.827 20.681 21.164 19.308 18.370 20.181 21.156 19.672 19.394 21.656 21.967 20.464 19.922 21.843 22.266 21.488 20.346 17.961 17.641 15.973 16.504 16.559 18.366 20.761 22.151 23.828
18.640 17.943 16.509 15.106 16.651 16.068 18.109 17.069 15.441 17.903 18.736 17.354 17.967 20.346 20.784 20.127 21.161 23.729 23.242 22.109 24.104 25.391 25.379 25.560 23.685 24.322 23.229 22.034 20.576 19.159 17.310 16.025 14.739 12.367 10.913 10.866 10.344 8.737 6.389 5.942 4.850 2.867 0.731 0.000 0.995 2.348 5.079 6.751 7.963 10.626 11.655 10.810 13.562 13.761 16.513 17.332 19.331 20.311 20.836 21.490 20.164 19.061 20.806 21.797 20.297 19.825 21.873 22.292 20.635 20.118 21.863 22.023 21.290 20.112 17.690 17.435 15.620 16.259 16.600 17.993 20.570 21.711 23.668
18.436 17.796 16.559 14.936 17.066 16.311 18.520 16.837 15.650 18.007 19.072 17.307 18.323 20.845 20.815 20.169 21.570 23.632 22.996 22.441 24.157 25.386 25.047 25.631 23.925 24.575 23.512 22.426 21.062 19.709 18.171 16.835 15.443 12.998 11.535 11.194 10.351 8.630 7.629 6.105 4.632 3.702 2.337 0.956 0.000 1.192 3.517 5.952 6.618 8.821 10.052 10.255 13.058 13.803 17.009 17.603 19.859 20.710 21.313 21.890 20.582 19.868 21.660 22.437 21.123 20.713 22.532 22.957 21.297 20.584 22.452 22.618 21.603 20.586 17.913 17.698 16.262 16.475 16.842 17.990 20.593 21.618 23.538
19.025 18.015 16.769 15.289 17.050 16.475 18.343 17.145 15.887 18.308 19.106 17.559 18.505 20.722 21.114 20.672 21.851 24.076 23.441 23.243 24.822 26.073 25.902 26.375 25.073 25.774 24.517 23.611 21.994 20.067 18.493 17.417 15.729 13.912 12.302 12.061 10.833 9.547 8.800 8.196 6.001 4.744 4.490 3.049 1.058 0.000 1.680 4.236 5.895 7.711 9.510 10.018 12.885 13.493 17.018 18.037 20.028 20.889 21.564 22.186 20.956 19.826 21.554 22.580 21.277 20.824 22.867 23.220 21.822 21.063 22.629 22.938 22.109 20.898 18.454 17.681 16.373 16.502 16.808 18.312 20.767 22.188 23.946
18.460 17.328 16.037 14.727 16.277 16.217 17.888 16.594 15.689 18.217 18.689 17.686 18.679 20.924 21.186 21.182 22.308 24.320 24.046 23.520 25.188 26.219 26.128 26.668 25.113 25.692 24.621 23.706 22.747 21.083 19.056 18.449 17.949 15.738 14.484 15.373 13.971 11.578 11.061 10.734 8.985 6.088 6.448 5.981 3.423 1.105 0.000 1.585 3.845 5.134 7.237 8.405 10.642 12.739 15.654 17.086 18.795 20.061 20.929 21.859 20.709 19.798 21.451 22.679 21.380 20.469 22.565 23.081 21.288 20.366 22.068 21.893 21.149 19.797 17.066 16.863 15.474 15.456 16.363 17.472 20.265 21.787 23.275
18.490 17.845 16.508 15.507 17.514 17.095 19.281 18.060 16.801 19.573 20.221 18.756 19.671 22.088 22.350 22.045 23.043 24.931 24.588 24.151 25.486 26.436 26.373 26.794 25.521 25.735 24.551 23.501 22.529 20.910 18.696 18.225 17.953 16.269 14.966 15.871 15.406 13.392 11.952 11.848 10.217 8.112 6.922 6.268 5.469 2.990 1.165 0.000 1.281 3.224 5.290 6.578 8.065 10.457 13.378 15.707 17.610 19.083 20.159 21.316 20.378 19.599 21.164 22.279 21.018 19.940 22.196 22.686 20.881 19.711 21.541 21.494 20.612 19.236 16.316 15.950 14.738 15.085 15.895 17.116 20.129 21.588 23.586
19.029 17.952 17.086 15.839 17.429 17.028 19.178 17.895 16.461 19.377 19.784 18.605 19.552 21.774 22.155 22.058 22.981 24.915 24.685 24.222 25.656 26.686 26.432 27.063 25.667 25.886 24.709 23.370 22.230 20.646 18.236 17.849 17.257 15.688 14.448 15.448 15.160 12.839 12.455 12.611 11.292 9.000 8.162 7.627 6.734 4.556 2.941 1.043 0.000 1.481 3.761 5.710 7.394 9.554 12.796 14.935 17.396 18.717 19.463 20.832 19.949 18.772 20.441 21.749 20.512 19.158 21.487 22.007 20.356 19.230 21.002 21.067 20.396 18.990 16.096 15.752 14.263 14.780 15.739 17.367 19.919 21.712 23.871
18.193 17.470 16.348 15.580 17.353 16.595 18.876 17.687 16.292 19.054 19.740 18.228 18.976 21.578 21.978 21.583 22.646 24.671 24.041 23.746 25.119 26.185 25.951 26.312 24.875 25.052 23.528 22.085 21.509 19.700 17.079 16.526 16.642 15.061 13.489 15.224 15.112 13.403 12.354 13.161 12.025 9.337 8.916 9.279 7.792 5.588 4.872 3.164 0.992 0.000 1.582 3.542 5.637 7.543 9.796 11.580 14.656 16.225 17.412 18.737 17.846 17.057 18.788 20.036 18.733 17.499 20.095 20.655 18.861 17.842 20.048 20.096 19.436 17.904 14.846 14.300 13.628 13.794 15.186 16.881 19.543 21.393 23.500
18.530 17.625 16.331 15.307 16.750 15.908 18.190 17.127 15.277 17.951 18.646 16.899 17.523 20.313 20.987 20.420 21.469 23.601 23.398 22.641 24.169 25.521 25.290 25.894 24.139 24.117 22.376 21.034 20.380 18.309 15.483 15.133 15.199 13.585 12.456 14.379 14.666 12.741 12.260 13.285 12.774 10.080 9.893 10.674 9.620 7.382 6.891 5.216 3.360 1.260 0.000 1.306 2.857 4.059 5.904 8.342 10.665 12.472 14.100 15.729 14.579 14.104 16.652 18.689 17.263 16.102 19.395 19.998 18.097 17.253 19.646 20.045 19.553 18.459 15.027 14.596 13.382 13.882 15.668 17.549 20.465 22.217 24.384
18.895 18.230 16.422 15.336 16.887 15.711 18.216 16.994 14.707 17.412 18.150 16.501 16.804 19.552 20.106 19.451 20.376 22.549 22.700 21.586 23.384 24.807 24.729 25.601 23.737 23.903 21.850 20.855 19.860 17.621 15.000 15.000 14.730 12.949 11.689 13.854 14.132 12.062 11.801 13.124 12.979 9.984 10.252 11.593 10.286 8.129 8.016 6.388 5.045 2.713 1.042 0.000 1.134 2.435 3.717 5.470 8.078 9.509 11.297 13.435 12.916 12.284 15.211 17.658 15.961 15.385 18.351 18.984 17.626 17.088 19.141 19.680 19.667 18.270 14.698 14.434 12.887 14.129 15.570 17.715 20.669 22.742 24.828
18.653 17.670 16.351 15.303 16.824 15.474 18.092 16.786 14.739 17.475 18.023 16.217 16.550 19.563 20.264 19.494 20.547 22.798 22.604 21.846 23.412 24.980 24.823 25.323 23.722 23.730 21.676 20.339 19.471 17.575 14.559 14.428 14.387 12.677 11.647 13.741 14.065 12.029 11.753 12.858 12.356 9.913 10.166 10.882 10.114 8.100 8.170 6.703 4.913 3.698 2.356 0.927 0.000 1.099 2.302 3.882 5.962 7.846 9.629 11.495 11.181 11.476 14.003 16.370 15.218 14.442 17.801 18.458 16.999 16.496 19.077 19.566 19.435 18.272 14.642 14.398 13.328 13.785 15.367 17.136 19.915 21.706 23.907
19.474 18.952 16.981 15.986 17.381 15.848 18.554 17.591 15.111 17.709 18.399 16.928 16.995 19.712 20.250 19.400 20.479 22.576 22.653 21.604 23.239 24.633 24.514 25.152 23.671 23.416 21.506 20.593 19.669 17.607 14.879 14.816 14.837 12.902 11.821 14.175 14.606 12.836 12.581 14.144 14.473 11.600 11.779 13.247 12.394 9.715 9.850 8.806 6.487 5.216 3.717 2.458 1.075 0.000 1.278 2.824 4.869 6.376 8.428 10.247 10.405 10.541 13.195 15.849 14.847 14.293 17.247 18.386 17.298 16.931 18.954 19.456 19.243 18.152 14.354 14.079 12.541 13.817 15.216 18.215 20.847 23.373 24.987
19.439 18.596 17.248 15.922 17.173 15.637 18.121 17.189 15.143 17.633 18.337 16.843 16.987 19.627 20.729 20.138 20.735 23.149 23.169 22.405 23.703 25.151 25.140 25.534 24.305 23.803 21.648 20.562 19.998 17.993 15.116 15.040 15.011 13.180 12.316 14.405 14.904 12.898 12.773 14.038 13.851 11.654 12.223 13.554 12.782 10.859 11.410 10.556 8.262 7.744 5.578 3.922 2.817 1.048 0.000 1.410 2.914 5.204 7.331 8.789 9.395 10.262 12.598 14.853 14.546 14.090 17.426 18.310 17.612 17.315 19.633 20.038 19.299 18.182 14.748 14.191 13.222 13.905 15.007 17.348 19.886 21.687 23.730
20.388 20.257 18.097 17.347 18.376 16.774 19.363 18.959 16.559 18.464 19.943 18.562 18.344 20.936 21.872 21.272 21.357 23.672 24.046 23.184 24.077 25.433 25.573 25.807 24.670 24.087 22.105 21.313 21.144 19.169 16.666 16.663 17.033 15.417 13.787 16.430 16.979 14.923 14.908 16.824 17.005 14.482 14.801 16.791 16.239 13.940 14.664 13.295 10.916 9.573 7.636 6.325 4.448 3.169 1.263 0.000 1.437 3.850 6.476 8.103 9.068 10.025 12.450 14.930 14.666 14.584 17.658 18.724 18.279 18.102 20.189 20.569 20.011 18.766 15.787 15.026 13.618 14.468 15.540 18.582 21.133 22.749 24.635
20.803 20.510 18.217 17.165 18.126 16.567 19.091 18.375 16.456 18.488 19.682 18.164 18.330 20.883 22.064 21.382 21.900 23.879 24.061 23.191 24.287 25.622 25.692 25.956 24.618 24.095 22.130 21.119 20.785 18.801 16.247 16.165 16.587 14.928 14.069 15.981 17.009 15.198 15.265 16.896 17.293 15.347 16.505 18.391 18.178 16.780 18.029 17.828 14.919 14.803 12.355 9.269 7.547 5.312 3.505 1.233 0.000 1.788 4.353 6.181 7.455 8.505 10.567 12.583 13.370 13.376 16.121 17.782 17.491 17.376 19.409 19.922 19.596 18.278 15.433 14.852 13.356 14.299 15.527 17.704 20.169 21.741 23.740
22.209 22.082 19.633 19.199 19.440 17.725 20.282 20.460 18.369 19.736 21.407 20.342 19.849 22.289 23.405 22.866 22.921 25.047 25.441 24.486 25.066 26.532 26.638 26.690 25.566 25.021 23.134 22.103 22.409 20.689 18.004 18.520 19.297 17.771 16.811 19.554 20.430 18.444 18.755 21.030 21.279 19.396 20.806 22.696 22.212 20.982 22.164 21.593 19.205 18.683 16.573 14.124 10.722 8.673 5.721 3.629 1.499 0.000 1.735 4.091 6.031 6.531 8.317 11.003 11.927 12.587 14.573 16.249 16.907 17.352 19.311 20.060 20.098 19.040 16.859 16.069 14.332 15.387 15.904 18.079 20.250 21.768 23.752
22.614 22.304 20.059 19.354 19.560 18.311 20.133 20.099 18.106 19.171 20.772 19.802 19.161 21.060 22.156 21.484 21.674 23.745 23.903 23.068 24.081 25.445 25.404 25.719 24.357 24.017 22.124 21.417 21.329 19.562 17.476 17.791 18.573 17.314 16.815 19.206 20.039 18.240 18.662 21.010 21.558 20.049 21.495 23.155 22.694 21.877 23.006 22.915 20.641 20.988 18.459 16.256 14.095 10.971 8.022 5.675 3.561 1.172 0.000 1.441 3.834 5.377 6.888 9.268 10.674 12.201 14.829 16.274 17.208 17.904 19.645 20.607 20.770 19.743 18.068 17.483 15.776 16.961 16.905 19.060 20.599 21.991 23.792
23.012 22.518 20.277 19.515 19.610 18.229 19.989 19.555 17.732 18.782 19.855 18.547 18.151 20.069 21.024 20.160 20.365 22.674 22.732 21.710 22.903 24.526 24.614 24.887 23.239 23.127 21.129 20.479 20.249 18.215 16.225 16.975 17.339 15.982 15.788 18.278 19.102 17.717 18.635 20.366 20.937 19.545 21.330 22.816 22.601 22.024 23.373 23.328 21.602 21.965 19.929 17.389 15.382 11.946 9.609 7.221 5.645 3.454 0.894 0.000 1.576 3.342 6.328 8.318 8.985 11.101 14.103 14.689 14.897 16.202 18.308 19.514 19.779 19.495 17.334 17.417 15.827 17.304 17.249 19.431 21.047 22.602 24.304
23.004 22.240 20.381 19.250 19.590 18.400 19.979 19.523 17.742 18.660 19.595 18.348 18.103 19.851 20.900 20.217 20.082 22.628 22.792 21.806 22.772 24.498 24.684 24.929 23.284 22.957 20.947 20.009 19.660 18.204 16.310 16.661 16.909 15.802 15.456 17.682 18.480 17.478 18.116 19.933 20.391 19.438 20.772 22.237 22.359 22.118 23.485 23.667 22.000 22.263 20.472 18.029 16.209 12.754 11.531 8.593 7.739 5.044 3.920 0.901 0.000 1.712 4.284 6.282 6.403 8.059 10.348 11.776 12.093 13.665 16.427 17.681 18.515 18.531 16.925 16.871 15.911 17.302 17.210 19.035 20.532 22.189 23.798
23.377 22.690 21.105 20.086 20.242 18.741 20.452 19.978 18.335 18.773 20.453 19.408 18.724 20.531 21.504 21.121 20.896 23.392 23.610 22.577 23.723 25.058 24.889 25.299 23.629 23.487 21.536 20.620 20.479 19.264 16.938 17.459 17.988 17.211 16.523 18.796 19.550 18.411 19.096 21.084 21.599 20.748 21.967 23.248 23.438 22.874 23.784 24.030 22.349 22.965 21.247 18.606 17.052 13.790 12.002 9.440 9.907 7.188 6.619 3.783 1.112 0.000 1.677 4.559 5.813 6.194 7.674 9.625 10.934 11.714 14.435 16.289 17.674 17.884 16.311 16.699 16.037 17.524 17.559 19.405 21.244 22.611 24.206
23.839 23.344 21.772 20.468 20.510 19.005 20.539 20.067 18.595 19.243 20.456 19.794 19.145 20.890 21.956 21.725 21.421 23.758 24.121 23.316 24.142 25.480 25.359 25.582 24.091 23.639 21.741 20.708 20.611 19.258 17.315 17.519 18.353 17.292 16.976 19.237 20.015 19.222 19.703 21.928 22.501 21.751 22.955 24.425 24.382 23.874 24.567 24.906 23.391 23.691 21.898 19.254 18.114 15.014 13.585 10.537 10.843 8.345 7.816 6.422 3.831 0.961 0.000 1.790 4.655 6.094 5.865 7.208 10.801 12.223 14.382 16.389 17.862 18.207 16.122 17.334 16.262 18.161 17.920 20.529 22.001 23.351 24.503
22.992 22.577 20.574 19.577 20.353 18.484 20.560 19.801 17.835 19.274 20.227 18.913 18.595 20.960 21.692 20.752 21.246 23.646 23.545 22.308 23.928 25.131 24.878 25.159 23.475 23.417 21.420 20.167 19.986 18.281 16.550 16.540 16.961 16.106 15.508 17.640 18.586 17.614 17.777 19.818 20.595 19.671 20.813 22.626 22.606 22.195 23.124 23.257 21.038 21.380 19.761 17.090 16.276 13.729 13.167 11.312 11.648 9.963 8.135 6.843 6.527 3.816 1.007 0.000 1.223 3.042 4.940 4.908 5.839 7.695 10.192 12.214 12.940 13.835 12.815 14.062 13.787 16.120 17.216 19.379 21.517 22.534 24.275
22.923 22.330 20.497 19.465 20.030 18.543 20.467 19.600 17.719 19.083 19.831 18.664 18.338 20.580 20.950 20.455 20.887 22.965 22.829 21.904 23.270 24.725 24.683 24.973 22.997 22.980 21.139 19.960 19.445 17.771 16.293 16.175 16.142 15.466 15.061 17.166 17.890 17.118 17.457 19.191 19.881 19.046 20.037 21.837 21.823 21.171 22.518 22.598 20.565 20.749 19.089 16.819 15.803 13.663 13.616 12.383 12.953 11.295 9.469 7.853 6.914 4.818 2.473 0.877 0.000 1.154 2.800 4.329 5.007 5.698 8.507 9.993 11.392 12.059 11.371 12.889 13.160 15.611 16.815 19.465 21.293 22.849 24.460
22.692 22.505 20.956 19.950 20.416 18.918 20.634 20.209 18.284 19.330 20.287 19.293 18.779 20.791 21.687 20.904 21.225 23.501 23.566 22.564 23.587 25.217 24.825 25.275 23.431 23.136 21.392 20.231 19.769 18.215 16.878 16.705 17.157 16.458 15.880 17.919 18.661 17.851 17.871 20.066 20.716 19.831 20.723 22.656 22.748 22.165 23.114 23.358 20.952 21.244 19.156 17.304 15.979 14.059 14.156 13.105 14.245 12.504 10.416 9.672 8.116 5.689 4.240 2.756 0.839 0.000 1.388 2.878 4.236 5.541 7.338 9.582 11.034 11.842 10.940 13.157 13.291 16.368 17.112 19.327 21.176 22.442 23.963
22.505 22.527 20.766 19.905 20.283 18.753 20.765 20.000 18.118 19.446 20.505 19.552 18.841 21.179 21.957 21.194 21.483 23.792 23.669 22.594 23.585 25.142 24.935 25.139 23.272 23.086 21.394 20.226 19.926 18.534 16.657 16.674 17.158 16.192 15.428 17.570 18.546 17.546 17.601 19.588 20.420 19.433 20.295 22.320 22.551 21.786 22.820 23.019 20.851 21.107 19.164 17.391 16.457 14.386 14.609 13.736 14.648 13.514 11.887 10.623 9.709 6.394 5.264 4.381 3.024 0.796 0.000 1.358 3.079 5.501 7.509 9.816 11.295 12.454 11.535 13.644 14.113 16.615 17.776 19.528 21.499 22.582 23.965
22.925 22.812 20.982 20.315 20.997 19.444 21.521 20.757 18.573 20.275 21.284 19.987 19.246 21.784 22.430 21.572 21.977 24.280 24.242 23.059 24.321 25.733 25.501 25.794 24.208 23.949 22.210 20.716 20.718 19.151 17.350 16.914 17.448 16.541 15.994 17.848 18.638 17.756 17.758 19.515 20.386 19.453 20.044 22.260 22.199 21.616 22.713 23.065 20.589 20.940 19.040 17.207 16.500 14.832 15.280 14.525 15.835 14.831 13.773 12.273 11.104 8.415 6.333 5.210 5.431 2.989 0.879 0.000 1.191 2.955 6.033 8.002 9.302 10.736 10.411 12.868 13.766 16.590 18.499 20.379 22.261 23.786 24.885
23.212 22.874 21.232 20.514 21.134 19.793 21.685 20.899 19.095 20.264 21.241 20.137 19.576 21.804 22.467 22.002 22.016 24.360 24.245 23.358 24.136 25.682 25.524 25.648 24.080 23.684 21.967 20.423 20.462 19.150 17.498 17.122 17.598 16.669 16.019 17.949 18.825 17.902 17.847 19.436 20.067 19.374 19.999 22.097 21.900 21.207 22.651 22.769 20.498 20.988 19.065 17.541 17.241 15.826 16.639 16.118 17.067 16.173 15.101 13.462 12.086 9.429 8.326 5.537 5.230 4.875 2.619 1.013 0.000 1.603 3.518 6.985 8.684 10.397 10.221 13.317 14.180 17.332 18.753 20.922 22.969 24.320 25.548
24.209 24.087 22.896 21.937 22.604 21.185 22.655 22.052 20.363 21.221 22.141 21.158 20.412 22.350 23.060 22.353 22.333 24.486 24.344 23.245 24.145 25.570 25.231 25.471 23.574 23.287 21.691 20.144 20.100 19.157 17.593 17.145 18.193 17.749 17.269 18.643 19.789 19.313 18.976 20.819 21.614 21.150 21.298 23.335 23.582 22.937 23.930 23.932 21.786 21.937 19.754 18.814 18.170 16.881 18.049 17.612 19.198 18.457 17.267 16.085 14.738 11.960 10.577 8.859 6.696 6.384 5.635 3.349 1.250 0.000 1.817 4.711 7.120 9.381 10.291 13.549 15.190 18.455 20.230 22.258 23.953 25.186 25.860
23.909 23.880 22.245 21.794 22.248 20.936 22.623 21.987 20.457 21.527 22.302 21.426 20.846 22.737 23.433 22.880 22.889 24.554 24.437 23.474 24.303 25.478 25.339 25.352 23.839 23.694 22.120 20.941 20.549 19.461 17.833 17.414 18.228 17.411 16.811 18.454 19.614 19.011 18.860 20.551 21.594 20.786 21.227 23.381 23.509 22.730 23.744 23.868 21.672 21.621 19.490 18.156 17.751 16.429 17.636 17.576 19.591 19.231 18.045 18.020 16.447 13.329 12.047 11.346 9.209 8.231 7.529 6.703 4.002 1.681 0.001 1.954 4.495 7.230 8.426 11.775 13.845 17.015 19.694 21.309 23.278 24.358 25.314
24.583 25.064 23.760 23.712 24.335 23.252 24.886 24.494 23.228 24.270 25.362 24.392 24.034 25.646 26.177 25.560 25.527 26.866 26.664 25.858 26.369 27.321 27.070 27.104 25.922 25.715 24.867 23.261 23.635 23.052 21.532 20.376 21.726 21.036 19.912 21.332 22.644 21.584 20.722 22.555 23.756 22.642 22.440 24.698 24.965 23.873 24.434 24.282 22.212 21.758 19.473 19.135 18.554 18.508 19.642 20.425 22.552 22.605 21.089 21.535 20.267 17.587 15.879 14.993 13.013 10.569 9.109 8.389 7.029 4.132 1.719 0.001 2.044 4.606 7.522 10.758 13.933 16.893 20.393 22.202 24.435 25.434 26.265
22.353 22.745 21.116 21.074 21.650 20.733 22.919 22.765 21.253 22.831 23.836 23.035 22.830 24.836 25.479 25.108 25.324 26.898 26.747 26.027 26.495 27.559 27.305 27.320 26.160 26.073 24.780 23.240 23.416 22.246 20.232 19.654 20.613 19.586 18.275 20.398 21.679 19.868 19.354 21.821 22.485 20.793 21.341 23.763 23.478 22.247 23.461 23.000 20.402 20.196 17.814 16.507 15.706 15.446 17.044 18.245 20.679 21.195 20.156 21.244 20.074 17.594 16.340 16.180 14.364 11.717 10.870 10.388 8.976 6.894 4.277 1.610 0.002 2.122 4.621 6.795 10.323 12.481 15.562 17.772 20.195 21.810 23.538
19.856 19.555 17.892 17.263 18.523 17.379 20.230 19.954 17.733 20.476 21.587 20.598 20.810 23.150 23.785 23.354 24.046 25.861 25.383 24.600 25.631 26.727 26.471 26.779 25.340 25.289 23.773 22.488 21.822 20.125 17.682 17.488 18.192 16.900 15.108 17.701 18.790 16.581 16.595 19.124 19.805 17.559 19.171 21.448 21.108 19.901 21.678 21.222 18.558 18.812 15.856 13.744 12.814 12.407 14.729 16.253 19.566 20.171 19.988 21.121 19.650 17.431 17.348 17.715 15.312 12.529 12.877 12.726 10.658 8.553 6.576 4.240 1.860 0.001 1.705 4.443 6.519 8.795 10.983 11.973 15.048 16.578 18.701
19.357 19.008 17.001 16.263 17.684 16.454 19.387 19.079 16.662 19.169 20.299 18.918 19.005 21.544 22.282 21.720 22.179 24.267 24.281 23.079 24.350 25.546 25.373 25.710 24.278 24.068 22.411 21.105 20.411 18.563 16.266 16.182 16.776 15.622 14.214 17.098 17.641 15.896 16.231 18.266 18.930 16.910 18.324 20.898 20.712 19.085 21.384 21.164 18.263 18.863 16.134 13.373 12.637 11.936 14.217 15.786 18.777 19.394 19.370 19.726 18.497 15.984 16.378 16.771 14.385 12.044 13.051 12.960 11.263 9.111 7.954 5.764 3.649 1.242 0.000 1.368 2.881 4.147 5.609 7.721 8.815 11.357 13.518
18.872 18.280 16.767 15.837 17.595 16.266 19.274 18.930 16.387 19.087 20.497 19.274 19.254 21.947 22.597 21.968 22.686 24.657 24.387 23.725 24.753 25.883 25.760 26.067 24.836 24.648 22.958 21.497 21.098 19.494 16.485 16.346 16.960 15.670 14.375 16.986 17.717 15.799 16.101 18.171 18.875 16.630 18.592 20.587 20.440 18.991 21.181 20.899 17.931 18.787 15.791 13.167 11.801 11.586 12.879 14.865 18.483 19.143 19.566 20.282 18.564 16.126 16.924 17.965 15.335 12.899 14.123 13.844 11.731 9.768 8.620 6.876 5.028 2.870 1.118 0.000 1.170 2.244 3.332 4.932 7.052 8.290 10.551
18.847 18.307 16.528 15.914 17.371 16.258 19.386 18.977 16.704 19.310 20.702 19.615 19.313 22.014 22.823 22.087 22.551 24.638 24.772 23.781 24.829 25.933 25.773 26.124 24.960 24.714 22.839 21.560 21.276 19.522 17.053 17.196 17.672 16.497 15.187 17.655 18.223 16.308 16.817 19.115 19.414 17.727 19.362 21.666 21.189 20.170 22.196 21.899 18.867 19.276 16.308 13.632 12.725 12.029 14.071 15.735 18.970 19.647 20.312 21.120 19.567 17.562 18.194 19.295 16.937 14.389 15.808 15.774 13.338 11.042 10.311 8.011 6.130 4.231 2.729 1.060 0.000 1.030 2.040 2.889 4.360 6.107 7.932
18.963 18.201 16.634 16.238 17.195 16.260 19.606 19.216 17.072 19.658 20.997 19.822 19.942 22.212 23.377 22.677 23.233 25.223 25.371 24.504 25.461 26.391 26.473 26.539 25.379 25.152 23.296 21.912 21.478 19.723 17.119 17.105 17.826 16.483 14.913 17.644 18.663 16.613 16.679 19.033 19.584 17.507 19.282 21.447 21.065 19.651 21.492 21.502 18.395 18.864 15.934 13.473 12.343 11.985 13.087 15.354 19.029 19.527 20.142 20.719 19.212 17.060 18.157 19.143 16.527 14.352 15.860 15.605 13.380 11.386 10.988 8.999 6.915 5.425 3.502 2.139 0.895 0.000 1.054 2.001 3.312 5.002 6.822
19.333 18.881 16.684 17.068 17.512 16.382 20.006 20.087 18.394 20.613 22.006 21.078 21.004 23.640 24.371 23.677 24.260 25.738 25.879 24.865 26.007 26.910 26.821 27.114 25.775 25.692 23.739 22.527 21.628 20.447 17.814 17.663 18.708 18.022 16.145 18.559 19.764 18.011 17.375 19.927 20.671 18.661 19.753 22.459 22.025 20.077 22.138 21.454 18.504 18.779 16.052 13.691 12.660 12.420 14.055 16.351 19.180 20.035 20.645 21.685 20.370 18.317 18.916 20.408 18.061 15.397 17.258 17.430 14.887 12.414 12.492 10.581 8.495 6.929 5.473 3.472 2.209 1.117 0.000 1.099 2.668 4.274 5.989
18.528 17.779 16.287 16.201 16.688 16.338 19.369 19.012 17.489 19.790 20.986 20.153 20.548 22.719 23.808 23.279 23.733 25.621 25.588 24.966 25.680 26.861 26.794 26.917 25.550 25.223 23.396 22.139 21.501 20.004 17.340 17.088 17.709 16.655 15.247 17.615 18.719 17.117 16.791 19.084 19.717 17.989 19.441 21.355 20.734 19.469 21.275 20.868 18.251 18.478 15.887 13.523 12.581 11.950 13.281 15.174 18.125 19.334 19.956 20.689 19.320 17.270 18.365 19.444 17.236 15.125 16.719 16.913 14.854 13.030 13.288 11.899 10.445 8.811 6.623 5.022 3.123 2.223 1.143 0.000 1.378 3.254 4.804
18.785 18.458 16.579 16.654 17.551 17.321 20.125 19.619 18.086 20.512 21.784 20.702 20.886 23.384 24.082 23.627 24.122 25.963 25.537 25.006 25.924 26.956 26.856 27.136 25.836 25.652 23.900 22.783 22.023 20.415 18.263 18.077 18.758 17.711 16.605 18.493 19.535 17.629 17.418 19.633 20.072 18.285 19.572 21.847 20.852 19.445 21.352 20.501 17.886 18.403 15.886 13.707 12.976 12.621 14.006 15.480 18.408 19.282 20.475 21.230 19.794 17.974 19.344 20.314 18.626 16.674 18.281 18.755 16.712 15.064 15.441 14.800 12.908 11.365 9.021 7.319 5.865 3.833 3.035 1.261 0.000 1.397 3.374
19.352 19.085 17.084 17.452 18.467 18.520 20.826 20.794 19.736 21.459 22.753 22.114 22.247 24.252 24.853 24.646 25.077 26.340 26.492 25.800 26.638 27.440 27.592 27.628 26.689 26.269 25.086 23.904 23.489 22.178 20.525 20.374 21.238 20.044 19.279 20.885 21.584 19.537 19.614 21.547 21.529 19.994 21.010 23.078 22.136 21.041 22.807 22.014 19.419 20.041 17.838 15.563 15.441 14.680 15.604 16.627 18.496 19.824 21.045 21.996 20.883 19.720 20.940 21.956 20.782 19.049 20.688 21.464 20.285 19.096 19.521 18.887 17.726 15.792 14.145 11.267 8.897 7.332 4.709 3.480 1.507 0.000 1.493
19.021 18.321 16.954 17.142 18.088 18.179 20.464 20.511 19.662 21.671 22.598 22.054 22.436 24.477 24.738 24.639 25.273 26.368 26.191 25.702 26.553 27.305 27.270 27.655 26.689 26.621 25.280 24.838 24.486 22.895 21.438 21.486 21.743 20.302 19.707 21.236 21.796 19.659 20.257 21.942 21.871 20.334 21.736 23.318 22.240 21.347 23.154 22.788 20.404 21.402 19.756 17.497 17.148 16.851 17.412 18.152 20.192 21.382 22.789 23.488 22.150 21.631 23.027 23.882 22.790 21.911 23.507 24.092 22.933 22.398 23.213 22.913 22.219 20.819 19.536 17.071 13.501 11.249 8.085 5.573 3.691 1.433 0.004
