0.004 1.349 3.233 4.037 3.650 4.036 6.308 7.485 7.370 8.338 10.487 11.272 10.870 12.416 13.494 14.756 14.415 16.215 17.924 18.071 18.492 18.847 19.783 19.529 18.828 20.172 19.845 19.518 19.260 18.937 18.815 17.888 17.765 17.844 17.410 16.229 17.086 15.897 14.225 13.772 14.899 13.992 15.420 16.764 16.253 17.160 17.403 17.624 18.310 18.773 18.338 19.128
0.840 0.006 0.994 2.089 2.488 2.306 2.479 3.737 4.382 4.013 4.695 6.236 6.522 6.363 7.109 8.271 8.040 7.934 9.262 10.066 10.102 10.285 11.158 11.332 11.548 12.302 12.651 12.481 12.649 12.628 11.143 11.601 11.313 10.355 10.228 10.480 9.843 8.331 8.556 10.175 9.818 10.517 12.331 12.043 12.111 13.015 13.566 13.472 13.927 14.850 14.653 15.259
1.931 0.646 0.001 0.688 1.103 1.358 1.220 1.424 2.068 2.358 2.458 2.699 3.357 3.622 3.586 4.265 4.662 4.788 5.483 5.795 6.508 6.795 7.112 7.274 8.253 9.001 9.118 9.409 9.684 9.725 8.966 8.676 8.030 8.037 7.544 7.209 6.552 5.953 5.684 5.953 5.649 6.010 7.603 7.381 7.203 8.332 8.418 8.231 8.796 9.459 9.800 10.173
2.092 1.099 0.565 0.001 0.600 0.881 1.019 1.015 1.175 1.551 1.827 1.922 1.985 2.454 2.608 2.731 3.215 3.638 3.884 4.356 4.734 5.076 5.606 5.592 6.234 6.832 6.906 7.144 7.532 7.394 6.798 6.320 5.853 5.940 5.301 4.878 4.659 4.210 3.842 4.115 3.939 3.976 5.022 5.039 5.124 5.517 5.900 5.903 6.337 7.245 7.461 7.915
2.239 1.375 0.983 0.539 0.002 0.543 0.792 0.894 0.906 1.115 1.408 1.629 1.659 1.857 2.203 2.445 2.546 2.912 3.312 3.591 3.746 4.246 4.753 4.903 5.172 5.946 6.167 6.284 6.373 6.082 5.663 5.102 4.845 4.664 4.204 3.895 3.763 3.399 3.043 3.136 3.230 3.490 4.050 4.288 4.507 4.800 5.166 5.353 5.817 6.541 6.748 7.392
2.549 1.462 1.097 0.824 0.524 0.003 0.551 0.758 0.874 0.911 1.130 1.373 1.553 1.658 1.909 2.202 2.341 2.555 3.028 3.204 3.354 3.633 4.075 4.358 4.641 5.374 5.701 5.739 5.789 5.638 5.248 4.885 4.595 4.290 3.775 3.634 3.417 3.010 2.751 3.077 3.048 3.464 3.909 4.147 4.139 4.720 5.147 5.291 5.556 6.366 6.577 7.168
2.718 1.575 1.138 0.908 0.768 0.520 0.003 0.557 0.720 0.894 0.965 1.232 1.357 1.516 1.687 1.946 2.129 2.407 2.666 2.924 3.148 3.418 3.820 4.121 4.492 5.382 5.666 5.736 5.866 5.689 5.371 4.948 4.608 4.398 3.839 3.614 3.322 3.023 2.684 3.041 2.936 3.241 3.753 3.846 3.993 4.493 4.890 4.967 5.425 6.092 6.375 7.115
2.726 1.695 1.288 0.979 0.827 0.720 0.536 0.001 0.532 0.779 0.850 0.970 1.069 1.308 1.517 1.646 1.802 2.113 2.380 2.344 2.659 3.006 3.324 3.714 4.103 4.971 5.352 5.379 5.483 5.271 4.964 4.497 4.139 3.936 3.548 3.219 2.870 2.663 2.355 2.489 2.373 2.519 3.037 3.128 3.227 3.576 3.955 4.125 4.511 5.285 5.638 6.281
2.899 1.794 1.442 1.036 0.855 0.767 0.696 0.507 0.008 0.528 0.738 0.901 0.847 1.028 1.257 1.458 1.586 1.753 2.073 2.204 2.342 2.668 3.055 3.258 3.694 4.482 4.874 4.822 4.862 4.548 4.200 3.702 3.403 3.260 2.906 2.632 2.439 2.278 2.037 1.952 2.023 2.243 2.634 2.660 2.911 3.322 3.588 3.789 4.262 5.069 5.302 6.092
3.248 2.102 1.846 1.473 1.118 1.033 0.944 0.766 0.513 0.002 0.549 0.851 0.899 0.910 1.138 1.288 1.445 1.572 1.850 2.098 2.196 2.366 2.888 3.007 3.486 4.336 4.809 4.844 4.847 4.625 4.363 3.919 3.417 3.328 3.014 2.723 2.515 2.235 2.017 2.180 2.096 2.356 2.853 2.850 3.023 3.491 3.784 3.876 4.314 5.057 5.523 6.119
3.506 2.220 1.954 1.591 1.379 1.124 1.057 0.865 0.653 0.528 0.002 0.539 0.688 0.838 0.841 1.049 1.243 1.437 1.662 1.813 2.063 2.336 2.554 2.878 3.466 4.321 4.793 4.668 5.143 4.812 4.346 3.842 3.319 3.182 2.896 2.521 2.364 2.230 1.980 2.008 1.981 2.107 2.559 2.575 2.795 3.204 3.495 3.533 4.168 4.894 5.358 6.030
3.546 2.622 2.097 1.873 1.594 1.317 1.187 0.939 0.775 0.732 0.524 0.002 0.535 0.742 0.819 0.883 1.154 1.307 1.503 1.633 1.816 2.122 2.438 2.629 3.175 4.061 4.558 4.493 4.749 4.470 4.137 3.556 3.119 3.003 2.711 2.370 2.202 2.065 1.833 1.835 1.695 1.804 2.172 2.289 2.308 2.652 2.874 3.085 3.552 4.366 4.756 5.543
3.769 2.796 2.482 1.953 1.659 1.518 1.449 1.051 0.903 0.833 0.696 0.514 0.002 0.527 0.705 0.810 0.877 1.079 1.320 1.448 1.604 1.828 2.219 2.453 2.900 3.736 4.209 4.179 4.210 4.030 3.712 3.138 2.658 2.638 2.332 1.983 1.926 1.834 1.626 1.531 1.531 1.737 2.024 1.991 2.270 2.559 2.665 2.894 3.450 4.233 4.681 5.279
3.856 2.781 2.530 2.157 1.763 1.533 1.570 1.305 0.995 0.934 0.954 0.730 0.539 0.002 0.551 0.788 0.882 0.947 1.190 1.409 1.541 1.732 2.139 2.449 2.973 3.811 4.384 4.237 4.444 4.107 3.735 3.309 2.916 2.599 2.408 2.225 2.014 1.740 1.623 1.734 1.696 1.945 2.258 2.258 2.433 2.808 2.928 3.083 3.739 4.435 4.941 5.637
4.130 3.076 2.666 2.451 2.055 1.737 1.690 1.466 1.249 1.095 1.018 0.855 0.683 0.523 0.002 0.516 0.722 0.886 0.895 1.065 1.311 1.607 1.899 2.280 2.839 3.659 4.188 4.283 4.648 4.279 3.949 3.536 2.893 2.684 2.538 2.256 2.125 1.844 1.776 1.860 1.601 1.930 2.286 2.226 2.382 2.777 2.986 3.025 3.647 4.468 4.962 5.687
4.183 3.313 2.883 2.452 2.170 1.943 1.791 1.583 1.377 1.237 1.071 0.947 0.815 0.711 0.518 0.003 0.538 0.732 0.858 0.910 1.080 1.355 1.767 2.038 2.544 3.465 4.014 4.070 4.256 3.908 3.626 3.109 2.771 2.577 2.408 2.187 1.880 1.813 1.824 1.794 1.407 1.800 2.151 2.033 2.155 2.517 2.671 2.938 3.351 4.199 4.711 5.416
4.452 3.619 3.296 2.850 2.412 2.334 2.212 1.799 1.587 1.551 1.460 1.229 1.040 0.886 0.722 0.523 0.001 0.516 0.712 0.903 0.848 1.101 1.575 1.897 2.332 3.198 3.940 4.012 4.170 3.931 3.566 3.254 2.869 2.464 2.400 2.246 1.875 1.814 1.909 1.797 1.506 1.949 2.237 2.066 2.275 2.750 3.053 3.172 3.575 4.622 4.995 5.577
4.755 4.000 3.490 3.199 2.791 2.378 2.439 2.125 1.792 1.662 1.580 1.424 1.179 1.035 1.008 0.751 0.534 0.006 0.567 0.826 0.899 1.001 1.504 1.827 2.356 3.358 3.880 4.212 4.312 4.074 3.796 3.368 2.906 2.604 2.569 2.293 1.850 1.789 1.902 1.934 1.611 2.008 2.341 2.265 2.459 2.921 2.996 3.136 3.809 4.554 4.943 5.792
4.935 4.021 3.679 3.209 2.980 2.670 2.503 2.218 2.001 1.796 1.681 1.526 1.370 1.092 0.995 0.853 0.688 0.522 0.005 0.527 0.726 0.951 1.248 1.520 2.295 3.213 3.803 4.017 4.468 4.098 3.809 3.506 2.979 2.655 2.696 2.473 1.918 1.900 2.077 2.111 1.738 2.166 2.461 2.259 2.356 2.956 3.030 3.149 3.661 4.489 4.999 5.560
5.186 4.574 4.078 3.653 3.279 3.063 2.856 2.491 2.291 2.167 1.991 1.624 1.573 1.379 1.175 0.873 0.837 0.692 0.516 0.010 0.519 0.796 1.143 1.422 2.212 3.170 3.834 4.277 4.480 4.218 3.855 3.512 3.028 2.737 2.799 2.555 1.875 2.071 2.210 2.185 1.735 2.301 2.566 2.186 2.243 3.030 3.114 3.110 3.737 4.443 4.862 5.693
5.682 4.939 4.645 4.171 3.743 3.395 3.269 2.950 2.570 2.473 2.318 1.920 1.746 1.654 1.584 1.145 0.976 0.917 0.767 0.525 0.003 0.566 1.039 1.327 1.952 3.090 3.793 4.073 4.362 4.239 3.964 3.766 3.048 2.645 2.888 2.631 1.932 2.006 2.324 2.350 1.906 2.308 2.783 2.358 2.557 3.190 3.355 3.285 3.867 4.726 5.061 5.694
6.840 5.904 5.663 5.269 4.714 4.171 4.059 3.865 3.423 2.915 2.967 2.708 2.241 1.982 2.080 1.718 1.214 1.206 1.176 0.896 0.555 0.006 0.740 1.304 1.952 3.148 3.904 4.189 4.536 4.386 4.230 3.897 3.327 2.826 2.932 2.771 2.100 2.185 2.382 2.629 2.242 2.810 3.274 2.702 3.077 3.817 3.858 3.840 4.569 5.412 5.901 6.661
8.242 7.406 6.761 6.691 6.264 5.563 5.250 5.091 4.768 4.251 4.069 3.643 3.342 2.770 2.920 2.452 2.155 1.642 1.511 1.324 0.962 0.637 0.001 0.823 1.662 3.183 3.942 4.446 5.511 5.477 5.191 4.886 4.223 3.620 3.940 3.768 2.837 2.925 3.472 3.867 3.040 3.758 4.348 3.464 3.618 4.805 4.890 4.381 5.012 5.960 6.504 6.980
10.701 10.029 9.579 9.336 9.129 8.382 7.913 7.531 7.204 6.644 6.174 5.733 5.323 4.804 4.550 3.869 3.572 2.923 2.346 2.023 1.825 1.375 0.907 0.001 1.123 2.641 3.731 4.403 5.039 5.675 5.911 5.774 4.902 4.465 5.481 5.009 3.657 4.123 5.177 5.442 4.717 5.531 6.051 4.685 5.189 6.338 6.034 5.459 6.321 7.369 7.622 8.195
15.936 15.794 14.814 14.648 14.211 13.501 13.195 12.585 11.815 11.470 11.458 10.112 8.945 8.868 8.068 6.490 6.235 5.475 4.857 3.985 3.487 3.267 2.414 0.845 0.001 1.321 2.884 4.442 5.484 6.473 7.843 7.928 6.147 5.642 7.799 7.453 5.795 6.756 8.254 8.132 7.107 7.987 8.323 6.841 6.899 8.183 8.043 7.308 8.279 9.798 9.991 10.445
18.857 18.700 17.629 17.310 16.395 15.845 15.857 15.096 14.502 13.524 13.406 12.162 11.061 10.492 9.993 8.924 8.179 7.017 6.261 5.635 4.265 4.308 4.232 3.053 0.837 0.003 1.539 3.670 5.025 6.810 9.130 9.538 7.300 7.072 9.376 9.252 7.778 8.492 11.810 12.168 9.823 11.431 12.515 9.604 10.220 12.446 12.016 10.401 12.108 13.465 12.657 13.455
21.829 21.644 20.794 20.522 20.697 19.835 19.517 18.769 19.501 18.243 17.170 17.001 16.376 14.910 14.853 13.899 12.524 11.495 10.857 9.827 7.826 7.068 6.827 5.232 3.238 0.931 0.002 1.604 3.908 5.149 7.103 7.286 5.804 6.791 10.120 10.300 8.797 11.336 14.300 13.780 12.727 13.371 13.321 11.373 12.194 13.309 12.153 11.468 12.836 14.089 13.488 14.861
20.820 20.574 20.367 20.244 19.920 18.740 18.860 18.685 18.768 17.328 17.370 17.319 16.135 14.403 15.705 13.878 11.956 11.489 11.024 9.757 8.660 9.004 7.740 5.622 5.279 3.242 0.963 0.007 1.568 3.372 5.870 6.432 5.292 6.151 8.738 9.095 8.147 10.335 12.155 12.071 11.425 12.717 12.514 10.730 11.362 12.587 11.649 10.540 12.216 13.254 12.845 13.576
21.758 21.487 20.345 20.343 19.543 18.473 18.491 17.876 17.118 15.919 16.193 15.315 13.945 12.752 14.219 12.964 10.964 11.340 10.908 8.830 7.619 9.009 8.134 5.932 5.822 5.163 3.816 1.002 0.003 1.548 3.327 4.686 4.079 4.619 6.595 7.194 6.837 8.633 10.277 10.464 9.587 11.311 10.966 8.832 9.931 11.164 10.083 9.717 11.305 12.781 12.186 13.217
14.914 14.166 12.927 13.999 13.956 12.608 11.998 12.832 12.532 10.883 11.531 12.211 11.026 9.801 11.733 12.052 10.306 10.561 11.290 10.119 8.101 10.174 10.459 8.266 6.999 6.524 5.015 3.188 1.106 0.000 1.280 2.596 2.820 2.957 2.679 5.024 5.662 5.486 5.578 7.253 8.019 9.740 9.606 7.946 10.103 10.723 9.747 9.882 10.964 11.889 11.526 11.881
10.080 8.923 8.319 8.587 7.904 6.860 7.250 7.261 6.312 5.640 6.416 6.189 4.750 4.625 6.020 5.414 4.539 5.087 5.617 4.955 4.373 5.526 5.993 5.113 5.296 5.610 4.875 3.442 2.303 0.790 0.003 0.708 1.202 1.537 1.379 1.564 2.201 2.869 2.920 3.338 3.373 4.066 4.151 3.538 4.970 5.474 5.414 5.588 6.359 7.207 7.447 8.055
9.533 8.588 8.041 7.946 7.417 6.285 6.565 6.466 5.642 4.968 5.248 5.117 4.141 3.804 4.679 4.215 3.459 3.893 4.207 3.521 3.163 4.207 4.258 3.913 4.242 4.486 4.146 3.212 2.603 1.148 0.576 0.001 0.579 0.927 1.158 1.199 1.365 2.003 2.399 2.842 2.483 3.433 3.449 2.796 3.562 4.343 4.044 4.338 5.029 5.903 6.093 6.776
8.517 7.767 7.106 7.104 6.625 5.818 5.679 5.651 4.994 4.294 4.560 4.480 3.542 3.301 3.955 3.708 2.951 3.033 3.487 3.208 2.719 3.545 3.863 3.672 3.638 4.221 4.039 3.227 2.594 1.475 1.001 0.557 0.001 0.576 0.945 1.146 1.138 1.606 1.978 2.352 2.342 3.383 3.333 2.541 3.536 4.244 3.908 4.171 4.913 5.806 5.943 6.770
6.861 6.044 5.686 5.670 5.252 4.556 4.644 4.680 4.173 3.599 3.839 3.815 2.936 2.672 3.491 3.249 2.568 2.733 3.387 2.961 2.358 3.299 3.643 3.411 3.397 3.991 3.919 2.880 2.558 1.567 1.161 0.816 0.522 0.001 0.539 0.780 1.021 1.271 1.538 1.959 1.983 2.636 2.773 2.281 3.037 3.727 3.587 3.714 4.454 5.206 5.489 6.183
6.768 5.830 5.483 5.582 4.944 4.180 4.418 4.351 3.659 3.280 3.585 3.366 2.576 2.549 3.219 2.837 2.340 2.632 2.948 2.706 2.325 3.083 3.294 3.143 3.420 3.766 3.794 3.193 2.553 1.628 1.194 1.051 0.872 0.526 0.002 0.534 0.843 1.205 1.447 1.634 1.706 2.370 2.471 2.023 2.720 3.198 3.249 3.381 4.238 4.931 5.184 5.968
6.696 5.967 5.476 5.303 4.919 4.091 4.185 4.141 3.492 3.078 3.305 3.113 2.451 2.358 2.863 2.536 2.090 2.323 2.604 2.337 2.017 2.811 3.021 3.012 3.272 3.768 3.922 3.307 2.981 1.898 1.453 1.177 0.931 0.801 0.529 0.000 0.551 0.939 1.219 1.414 1.489 2.072 2.016 1.732 2.427 2.955 2.934 3.234 3.727 4.755 5.075 5.770
6.251 5.365 4.972 4.698 4.364 3.852 3.620 3.459 3.169 2.868 2.803 2.608 2.219 2.004 2.460 2.237 1.792 1.934 2.318 2.134 1.780 2.415 2.795 2.671 3.040 3.706 3.978 3.360 3.143 2.252 1.928 1.500 1.190 1.104 0.934 0.564 0.001 0.582 1.051 1.406 1.357 1.864 1.978 1.560 2.357 2.959 2.777 3.045 3.705 4.305 4.732 5.487
5.272 4.522 4.201 4.146 3.769 3.230 3.190 3.207 2.799 2.390 2.686 2.650 1.977 1.909 2.373 2.262 1.719 2.016 2.426 2.096 1.762 2.511 2.795 2.699 3.082 3.639 3.851 3.462 3.210 2.661 2.459 2.074 1.470 1.343 1.165 0.913 0.565 0.001 0.564 1.189 1.392 1.888 1.995 1.661 2.313 2.697 2.683 2.897 3.618 4.404 4.648 5.411
5.815 4.906 4.593 4.541 4.037 3.507 3.452 3.343 2.961 2.552 2.730 2.680 2.045 1.961 2.436 2.291 1.745 2.098 2.425 2.202 1.969 2.515 2.927 2.915 3.213 3.702 4.131 3.858 3.635 3.211 2.805 2.380 1.854 1.457 1.335 1.053 0.907 0.584 0.003 0.613 1.144 1.596 1.632 1.679 2.283 2.684 2.743 3.120 3.949 4.706 5.246 6.079
5.610 4.693 4.383 4.341 3.805 3.145 3.172 3.179 2.662 2.275 2.445 2.366 1.809 1.714 2.089 1.949 1.572 1.889 2.175 1.941 1.925 2.465 2.716 2.696 3.134 3.759 4.158 3.826 3.721 3.340 2.983 2.427 2.018 1.801 1.584 1.085 1.217 0.959 0.611 0.002 0.633 0.936 1.091 1.237 1.324 1.712 2.010 2.264 2.687 3.635 4.117 4.837
5.652 4.690 4.402 4.091 3.542 3.099 3.161 3.029 2.676 2.413 2.471 2.329 1.769 1.759 2.155 1.749 1.432 1.935 2.032 1.665 1.906 2.499 2.662 2.726 3.293 4.047 4.492 4.009 4.055 3.456 3.153 2.801 2.295 2.351 1.923 1.401 1.362 1.317 1.013 0.588 0.005 0.548 0.901 0.937 0.948 1.152 1.609 1.963 2.420 3.154 3.723 4.585
5.399 4.411 4.089 3.862 3.432 3.015 3.054 2.843 2.468 2.233 2.283 2.278 1.740 1.725 2.029 1.892 1.605 1.875 2.091 1.806 1.921 2.425 2.665 2.635 3.151 3.965 4.246 4.042 4.134 3.594 3.293 2.705 2.246 2.189 2.059 1.494 1.391 1.491 1.290 0.827 0.555 0.000 0.536 0.761 0.848 1.035 1.255 1.640 2.276 3.053 3.460 4.456
5.297 4.232 3.990 3.826 3.289 2.815 3.026 2.857 2.434 2.322 2.564 2.305 1.807 1.971 2.238 1.986 1.727 2.167 2.372 1.933 2.119 2.658 2.870 2.800 3.351 4.044 4.353 4.179 4.128 3.689 3.372 2.752 2.205 2.272 2.088 1.444 1.426 1.665 1.479 0.963 0.741 0.522 0.001 0.551 0.769 0.937 1.047 1.369 2.074 2.756 3.430 4.226
5.657 4.865 4.615 4.362 3.754 3.248 3.349 3.164 2.751 2.640 2.821 2.413 2.005 2.022 2.413 2.053 1.831 2.174 2.285 1.898 1.952 2.520 2.668 2.623 3.115 3.813 4.185 3.982 3.973 3.511 3.397 2.810 2.153 2.158 2.215 1.516 1.397 1.621 1.548 0.992 0.855 0.712 0.526 0.002 0.539 0.785 0.970 1.116 1.823 2.542 2.995 4.029
6.301 5.704 5.106 5.021 4.491 3.968 3.910 3.924 3.271 2.994 3.327 3.144 2.344 2.326 2.946 2.450 2.202 2.528 2.765 2.125 2.275 3.015 3.181 2.962 3.577 4.389 4.590 4.245 4.343 3.911 3.598 3.000 2.464 2.428 2.215 1.757 1.643 1.879 1.702 1.220 0.974 0.864 0.762 0.535 0.001 0.617 0.999 1.190 1.708 2.726 3.290 4.113
6.933 6.095 5.697 5.420 4.875 4.467 4.435 4.325 3.642 3.474 3.844 3.268 2.557 2.544 3.178 2.582 2.369 2.880 2.928 2.350 2.519 3.258 3.382 3.213 3.849 4.626 4.768 4.532 4.896 4.479 4.162 3.642 2.949 2.901 2.850 2.181 2.033 2.235 2.256 1.755 1.160 1.111 1.043 0.849 0.555 0.001 0.630 1.131 1.675 2.276 2.951 3.934
7.312 6.775 6.277 6.046 5.752 5.140 5.325 4.889 4.147 4.095 4.522 3.997 3.298 3.573 4.125 3.505 3.096 4.058 3.925 3.168 3.437 4.256 4.274 3.855 4.666 5.367 5.137 5.010 5.221 5.072 4.672 4.013 3.215 3.580 3.445 2.605 2.458 3.018 2.889 2.158 1.742 1.434 1.163 1.195 0.900 0.588 0.001 0.762 1.471 2.341 2.891 3.995
10.526 9.638 9.451 9.577 9.209 8.499 8.631 8.441 7.286 6.714 7.790 6.759 5.710 5.875 7.205 5.700 5.025 5.869 5.793 4.459 4.779 5.701 5.245 4.537 5.513 6.237 5.664 5.659 6.168 6.000 6.065 4.974 4.192 4.848 4.550 3.388 3.604 4.451 4.011 3.231 2.810 2.500 1.862 1.610 1.549 1.188 0.723 0.002 1.063 2.290 2.945 3.827
14.069 13.511 12.215 12.582 12.127 11.360 11.232 11.977 10.922 9.762 11.181 10.074 7.968 8.194 10.460 7.640 6.519 7.859 7.711 5.842 6.273 7.626 6.996 5.836 7.082 7.643 6.527 6.357 7.285 6.775 6.715 5.791 4.920 5.726 5.739 4.571 4.386 5.815 5.751 4.454 4.122 3.889 3.353 2.433 2.343 2.061 1.524 0.739 0.003 1.318 2.574 3.833
16.377 15.959 15.326 15.288 15.046 14.150 13.821 13.905 12.914 12.531 12.272 11.935 9.622 10.108 10.722 9.374 8.433 9.616 9.654 7.126 8.420 9.569 8.710 7.605 9.606 10.235 9.234 9.556 10.926 10.936 11.009 10.126 8.837 9.387 9.767 7.991 7.177 9.032 9.674 7.291 5.587 5.651 5.488 4.730 3.483 3.276 2.917 2.246 0.808 0.003 1.372 3.162
19.858 19.327 19.203 19.113 18.797 18.103 18.272 17.614 17.232 16.449 17.100 15.995 15.072 15.393 15.851 14.351 13.874 14.890 15.171 12.580 13.866 15.623 14.240 12.306 13.915 14.634 12.415 13.459 13.890 14.446 15.212 13.543 12.010 13.059 13.862 11.175 11.481 13.256 13.166 10.689 9.235 8.029 7.542 7.554 6.318 4.343 4.375 4.301 3.266 0.929 0.001 1.634
24.482 23.833 23.622 24.017 23.866 22.202 23.205 23.425 22.365 21.291 22.426 21.551 19.950 19.829 21.292 19.295 18.327 19.613 19.314 17.072 17.218 18.884 17.459 14.773 16.772 16.704 14.167 15.018 15.350 15.123 16.933 13.967 13.039 15.369 14.840 12.527 13.925 15.764 15.684 14.070 12.664 11.878 9.626 9.401 9.593 8.284 5.200 5.720 5.780 3.928 1.134 0.005
