0.004 0.941 2.392 3.486 4.830 6.873 7.152 8.074 8.794 9.784 10.505 9.082 7.801 6.344 4.994 4.211 3.189 2.385 2.263 2.179 2.492 2.928 4.507 5.427 6.981 6.435 5.652 7.793 8.045 6.800 7.917 9.342 8.919 8.858 9.391 9.811 10.775 10.890 11.107 12.111 10.706 10.581 9.436 9.453 8.302 8.801 8.262 7.395 7.021 7.900 9.221 10.189 11.930 13.703
0.643 0.001 0.575 1.029 1.540 2.157 2.627 3.305 3.799 4.467 4.307 3.910 3.335 3.275 2.777 2.031 1.908 1.292 1.176 0.990 1.364 1.661 2.006 2.256 2.661 2.415 1.882 2.572 2.930 2.628 2.422 3.196 3.500 3.596 4.372 4.731 6.059 6.581 6.794 7.097 6.520 6.025 5.587 5.433 5.341 6.091 6.354 6.398 6.579 7.155 8.663 9.913 11.448 13.287
1.063 0.555 0.001 0.552 0.994 1.306 1.663 2.256 2.679 3.323 3.018 2.552 2.152 2.105 1.626 1.203 1.108 0.940 0.885 0.889 1.269 1.612 1.712 1.834 2.170 1.962 1.527 2.113 2.403 2.155 2.100 2.704 2.951 2.869 3.532 3.746 5.084 5.454 5.546 5.843 5.464 5.036 4.847 5.053 4.887 5.788 6.304 6.367 6.757 7.236 8.599 10.048 11.827 13.579
1.468 0.998 0.542 0.002 0.527 0.898 1.179 1.686 2.156 2.649 2.525 2.217 1.759 1.613 1.316 0.986 0.963 0.923 1.042 1.252 1.586 1.966 2.061 2.064 2.343 2.222 1.731 2.263 2.526 2.316 2.055 2.672 3.058 2.998 3.603 3.648 5.050 5.330 5.491 5.343 5.396 4.623 4.384 5.004 5.197 5.973 6.470 6.486 6.684 7.500 8.684 9.918 11.620 13.527
1.808 1.382 0.883 0.517 0.001 0.542 0.807 1.170 1.684 2.192 2.030 1.727 1.300 1.260 0.995 0.804 0.837 0.908 1.195 1.563 1.911 2.339 2.315 2.320 2.609 2.527 2.004 2.412 2.696 2.418 2.111 2.812 3.119 2.985 3.487 3.513 4.660 4.955 5.029 5.245 5.284 4.628 4.836 5.372 5.646 5.686 6.318 5.904 6.646 7.214 8.572 9.697 11.732 13.815
2.235 1.683 1.201 0.891 0.519 0.011 0.519 0.832 1.158 1.715 1.650 1.344 1.136 1.014 0.897 0.818 0.967 1.173 1.458 1.841 2.143 2.558 2.583 2.385 2.676 2.510 1.990 2.264 2.626 2.419 2.049 2.596 3.057 2.904 3.403 3.221 4.559 4.822 5.076 4.924 4.922 4.131 4.248 5.401 5.034 5.586 6.198 6.037 6.442 7.070 8.535 9.751 11.661 13.756
2.467 1.938 1.449 1.019 0.781 0.512 0.003 0.512 0.839 1.324 1.328 1.008 0.845 0.840 0.782 0.775 1.030 1.347 1.619 2.167 2.458 2.984 2.959 2.801 2.996 2.849 2.293 2.442 2.812 2.639 2.270 2.647 3.049 2.922 3.357 3.221 4.469 4.808 4.892 4.958 4.810 4.599 5.678 5.284 5.284 5.537 6.356 6.153 6.592 7.281 8.903 9.775 11.761 13.663
2.832 2.278 1.746 1.405 1.009 0.755 0.516 0.004 0.573 0.982 1.107 0.930 0.698 0.934 0.977 1.044 1.389 1.647 1.961 2.396 2.652 3.276 3.224 3.000 3.259 2.955 2.424 2.616 2.856 2.587 2.217 2.697 3.134 3.024 3.511 3.235 4.598 4.779 4.863 4.699 4.996 4.590 5.736 5.847 5.465 6.066 6.719 6.580 6.771 7.515 9.292 10.151 12.077 14.255
4.297 3.709 3.128 2.368 1.957 1.325 1.040 0.569 0.002 0.606 1.053 0.930 0.917 1.240 1.577 1.670 2.332 2.849 3.345 4.072 4.475 5.220 4.891 4.575 4.760 4.855 4.099 4.235 4.588 4.340 3.534 4.047 4.383 4.117 4.247 3.807 4.956 5.039 4.731 4.707 5.362 4.818 5.637 5.492 6.210 6.488 7.161 7.143 7.411 8.010 9.632 10.317 12.058 14.185
6.111 5.352 4.599 3.710 2.950 2.209 1.625 1.180 0.717 0.003 0.645 0.887 1.437 1.656 2.208 2.564 3.178 3.701 4.334 5.189 5.726 6.443 6.503 6.069 6.208 5.825 5.284 4.998 5.266 4.940 4.163 4.460 4.950 4.463 4.687 3.940 5.122 5.152 5.008 5.052 5.425 5.301 6.167 6.676 7.264 7.837 8.547 8.681 9.020 9.591 11.040 11.794 13.616 15.767
5.681 4.599 4.212 3.389 3.292 2.077 1.777 1.236 0.856 0.651 0.006 0.631 1.070 1.457 1.943 2.290 2.978 3.727 4.312 4.962 5.816 6.261 6.331 5.812 6.180 5.676 5.225 5.300 5.600 5.280 4.701 4.968 5.475 4.828 5.180 4.322 5.304 5.224 5.177 5.589 5.871 5.922 6.250 6.787 6.886 7.526 8.441 8.300 8.528 9.345 10.957 11.769 13.346 15.164
4.394 3.739 3.080 2.625 2.269 1.551 1.343 1.110 1.019 0.933 0.579 0.003 0.577 0.894 1.243 1.444 2.147 2.583 3.211 3.778 4.413 5.179 5.127 4.785 5.306 4.959 4.172 4.579 4.985 4.571 3.981 4.765 5.045 4.428 4.987 4.244 5.421 5.717 5.428 5.471 5.475 5.471 5.764 6.387 6.726 7.235 7.729 7.791 7.997 8.653 10.166 11.048 12.755 14.807
3.377 2.917 2.443 2.184 1.666 1.154 0.990 0.982 1.225 1.521 1.144 0.565 0.008 0.524 0.728 1.167 1.427 1.911 2.323 2.651 3.234 3.852 3.920 3.736 3.958 3.745 3.354 3.597 3.829 3.585 3.207 3.690 4.142 3.622 4.074 3.746 5.109 5.435 5.232 5.485 5.227 5.323 5.370 5.803 6.316 6.652 7.480 7.520 7.601 8.265 9.641 10.608 12.723 14.459
3.853 3.309 2.661 2.083 1.776 1.289 1.089 1.010 1.435 1.959 1.395 0.922 0.542 0.001 0.594 0.987 1.537 2.233 2.501 3.248 3.682 4.580 4.260 3.957 4.331 3.975 3.499 3.562 3.879 3.610 3.265 3.648 4.232 3.775 4.278 3.947 5.245 5.723 5.354 5.676 5.436 5.032 5.422 5.991 6.405 7.122 7.519 7.807 7.989 8.565 10.084 10.919 12.900 14.597
2.486 2.079 1.566 1.203 1.044 0.850 0.926 1.238 1.619 1.967 1.948 1.301 0.994 0.578 0.004 0.515 0.868 1.330 1.697 2.190 2.549 2.980 3.085 3.249 3.472 3.154 2.657 3.108 3.435 3.174 2.824 3.413 3.892 3.547 4.304 3.808 5.092 5.672 5.292 5.263 5.168 4.803 5.012 5.221 5.442 6.116 6.494 6.833 7.020 7.739 8.898 9.851 11.558 13.446
2.184 1.654 1.225 0.944 0.797 0.775 1.011 1.240 1.705 2.267 2.087 1.509 1.146 0.890 0.543 0.006 0.524 0.876 1.123 1.621 1.974 2.521 2.638 2.571 2.878 2.645 2.090 2.486 2.814 2.454 2.200 2.870 3.163 2.973 3.591 3.446 4.955 5.274 5.188 5.147 5.090 4.824 4.755 5.187 5.545 5.947 6.406 6.588 6.836 7.459 8.849 10.120 12.141 14.021
1.917 1.327 1.146 0.831 0.831 0.823 1.075 1.491 1.937 2.646 2.441 1.772 1.435 1.296 0.893 0.532 0.001 0.554 0.862 1.317 1.755 2.302 2.489 2.534 2.859 2.536 2.055 2.496 2.813 2.486 2.263 2.929 3.342 3.136 3.801 3.642 5.071 5.505 5.322 5.505 5.223 5.126 5.010 5.448 5.380 5.689 6.180 6.314 6.730 7.147 8.718 9.829 11.543 13.597
1.640 1.201 0.948 0.825 1.094 1.267 1.513 1.919 2.525 3.233 2.955 2.479 1.925 1.720 1.308 0.887 0.552 0.001 0.543 0.969 1.331 1.917 2.080 2.292 2.601 2.250 1.830 2.399 2.588 2.132 2.104 2.866 3.069 2.969 3.696 3.746 5.298 5.677 5.649 5.872 5.441 5.070 5.006 5.179 5.077 5.722 6.414 6.311 6.615 7.234 8.290 9.656 11.482 13.659
1.410 1.029 0.907 0.931 1.186 1.553 1.940 2.526 2.977 3.632 3.507 2.893 2.373 2.244 1.763 1.189 0.927 0.543 0.001 0.584 1.020 1.477 1.779 2.025 2.446 2.052 1.699 2.381 2.600 2.140 2.216 2.877 3.195 3.049 3.837 3.872 5.320 5.881 5.996 6.169 5.668 5.336 5.201 5.613 5.764 6.126 6.624 6.315 6.698 7.098 8.583 9.682 11.703 13.593
1.157 0.993 1.150 1.507 1.849 2.286 2.623 3.245 3.698 4.525 4.403 3.992 3.218 3.038 2.527 1.976 1.508 1.072 0.578 0.016 0.608 1.061 1.300 1.890 2.109 1.549 1.436 2.242 2.277 1.802 2.055 2.697 2.914 2.941 3.743 4.034 5.605 5.978 6.352 6.507 6.259 5.975 5.562 5.567 5.705 6.371 6.835 6.271 6.601 7.131 8.692 9.991 11.737 13.895
1.420 1.136 1.424 1.968 2.386 2.971 3.279 3.985 4.450 5.424 4.963 4.770 4.027 3.792 3.086 2.505 2.053 1.462 1.068 0.566 0.001 0.628 1.016 1.378 1.644 1.442 1.339 1.950 2.041 1.851 2.253 2.679 3.014 3.141 4.090 4.447 5.923 6.623 6.796 7.171 6.440 6.148 5.698 5.748 5.782 6.350 6.905 6.246 6.633 7.183 8.461 9.466 11.445 13.310
1.753 1.759 2.216 2.674 3.238 4.073 4.340 5.242 6.011 6.696 6.742 6.327 5.606 5.249 4.453 3.571 2.881 2.307 1.685 1.200 0.613 0.001 0.952 1.444 1.917 1.594 1.745 2.571 2.653 2.421 2.707 3.367 3.540 3.719 5.072 5.435 6.941 7.693 7.859 8.189 7.537 7.294 6.656 6.733 6.397 6.896 7.411 6.823 7.144 7.534 8.869 9.918 12.056 13.993
1.911 1.971 2.010 2.424 2.569 3.025 3.246 3.935 4.393 5.037 4.930 4.772 4.275 4.087 3.681 3.228 2.780 2.476 1.927 1.482 1.126 0.634 0.002 0.578 0.960 1.022 1.030 1.298 1.705 1.738 1.796 2.276 2.750 2.993 3.890 4.321 5.711 6.320 6.483 6.730 6.337 5.865 5.621 5.759 5.637 6.249 6.654 6.439 6.793 7.178 8.955 9.848 12.073 13.992
1.822 1.731 1.638 2.130 2.296 2.732 2.841 3.583 3.820 4.528 4.482 4.177 3.731 3.490 3.152 2.681 2.350 2.020 1.614 1.420 1.029 0.926 0.522 0.001 0.544 0.635 0.699 0.879 0.914 1.187 1.312 1.609 1.946 2.300 3.138 3.821 5.159 5.768 5.986 6.365 5.980 5.635 5.245 5.542 5.641 6.183 6.728 6.484 6.437 7.026 8.600 9.368 11.681 13.082
2.132 1.990 2.006 2.309 2.436 2.881 3.217 3.826 4.269 4.845 4.787 4.553 4.133 3.888 3.415 2.922 2.531 2.231 1.924 1.677 1.385 1.346 0.675 0.514 0.000 0.517 0.672 0.895 0.869 1.027 1.281 1.639 2.101 2.246 3.242 3.806 5.423 5.960 6.184 6.689 6.282 5.921 5.573 5.770 5.911 6.350 6.687 6.597 6.798 7.474 8.996 10.024 11.871 13.674
2.051 1.905 1.825 2.117 2.279 2.725 3.003 3.530 4.005 4.681 4.577 4.425 3.845 3.629 3.030 2.593 2.362 2.091 1.671 1.452 1.095 1.302 0.734 0.661 0.513 0.001 0.515 0.708 0.837 0.867 0.985 1.362 1.788 2.113 2.986 3.576 5.238 5.828 6.241 6.531 6.243 5.753 5.581 5.665 5.501 6.156 6.896 6.418 6.994 7.301 8.960 9.923 11.912 13.935
1.940 1.822 1.589 1.928 2.067 2.413 2.486 3.169 3.396 4.247 4.059 3.847 3.345 3.089 2.762 2.328 2.085 1.871 1.471 1.432 1.069 1.286 0.858 0.674 0.653 0.497 0.000 0.512 0.633 0.733 0.767 1.038 1.433 1.760 2.599 3.144 4.609 5.310 5.742 5.862 5.680 5.153 5.083 5.386 5.227 6.175 6.963 6.812 6.896 7.429 8.601 9.693 11.833 13.607
1.822 1.727 1.662 2.045 2.019 2.519 2.615 3.275 3.614 4.238 4.228 3.942 3.521 3.335 2.838 2.399 2.162 1.896 1.616 1.492 1.302 1.358 0.967 0.793 0.862 0.667 0.499 0.001 0.512 0.649 0.792 0.925 1.270 1.550 2.515 3.075 4.556 5.209 5.580 5.807 5.424 5.216 5.114 5.280 5.317 5.996 6.407 6.130 6.346 7.096 8.635 9.753 11.911 13.787
2.299 2.124 1.895 2.178 2.300 2.718 2.855 3.461 3.809 4.576 4.509 4.373 3.822 3.580 3.156 2.709 2.443 2.255 1.850 1.834 1.557 1.652 1.270 1.048 0.883 0.767 0.620 0.503 0.002 0.514 0.724 0.915 1.122 1.496 2.482 3.080 4.760 5.367 5.728 6.167 5.822 5.591 5.362 5.428 5.633 6.164 6.953 6.585 7.043 7.296 9.081 9.949 11.837 13.907
2.435 2.338 2.145 2.343 2.289 2.757 2.905 3.643 3.845 4.699 4.710 4.455 3.877 3.605 3.142 2.763 2.318 2.213 1.798 1.877 1.555 1.758 1.320 1.199 0.998 0.795 0.666 0.599 0.507 0.001 0.513 0.731 1.083 1.310 2.427 2.960 4.687 5.203 5.805 6.114 5.852 5.604 5.230 5.562 5.614 6.246 6.951 6.541 7.002 7.695 9.095 9.905 12.043 13.866
2.546 2.501 2.396 2.661 2.393 3.013 3.025 3.645 3.818 4.429 4.610 4.496 3.883 3.708 3.289 2.974 2.649 2.529 2.009 2.211 1.756 1.860 1.619 1.691 1.378 1.001 0.865 0.977 0.779 0.526 0.001 0.567 0.982 1.263 2.284 3.014 4.330 4.872 5.537 5.999 5.870 5.547 5.478 5.798 5.953 6.413 7.125 6.782 6.991 7.800 9.405 10.278 12.375 13.882
2.952 2.826 2.439 2.599 2.571 3.058 3.071 3.793 4.096 4.901 5.022 4.814 4.215 3.874 3.454 3.118 2.784 2.636 2.220 2.481 2.260 2.493 2.258 1.959 1.811 1.464 1.071 1.089 1.053 0.820 0.520 0.002 0.611 1.023 2.147 2.923 4.405 5.113 5.609 6.241 5.828 5.649 5.660 5.672 5.886 6.213 7.085 7.012 7.223 7.915 9.558 10.399 12.324 14.336
4.251 4.224 3.511 3.639 3.245 3.894 3.711 4.674 4.955 5.731 5.955 5.916 5.399 5.155 4.675 3.980 3.588 3.718 3.031 3.656 3.248 3.654 3.159 2.722 2.613 2.235 1.845 1.482 1.444 1.196 0.955 0.570 0.003 0.702 2.098 2.610 4.523 5.186 5.904 6.384 5.970 6.109 5.765 6.299 6.568 7.142 8.123 7.992 8.217 8.719 10.435 11.042 12.962 14.832
6.031 5.568 4.972 4.845 4.357 4.663 4.248 5.182 5.603 6.419 6.700 6.665 5.897 5.597 5.239 4.872 4.208 4.691 4.203 5.008 4.654 5.274 4.953 4.474 3.953 3.447 3.248 2.911 2.473 2.017 1.691 1.400 0.756 0.000 1.681 2.182 4.086 5.193 5.890 6.721 6.405 6.888 6.754 7.199 7.684 8.123 9.137 9.241 9.312 10.389 11.779 12.434 14.591 16.024
8.023 7.622 7.027 7.436 6.127 6.801 5.711 6.939 6.765 7.871 9.337 9.125 8.369 7.779 7.575 6.944 6.124 6.300 5.321 5.987 6.001 6.688 7.466 7.846 7.139 5.740 5.486 5.918 4.848 3.316 3.630 3.415 2.333 0.980 0.010 1.045 3.044 4.174 5.282 6.328 6.313 7.892 7.919 9.303 9.751 11.124 12.001 12.137 12.153 12.823 13.871 14.211 16.287 17.639
12.575 11.574 10.725 9.594 8.005 7.802 6.058 7.314 6.710 7.413 8.737 8.700 8.319 7.877 8.064 8.009 7.633 8.657 8.297 10.008 10.124 11.077 10.929 10.841 10.041 8.901 7.997 7.534 6.663 5.255 4.928 4.246 3.353 2.292 0.874 0.001 1.559 3.444 4.606 6.012 6.541 8.726 8.715 10.567 11.442 12.935 14.279 14.514 14.977 15.657 17.190 17.548 19.137 20.037
16.470 14.939 13.828 13.484 11.415 11.903 9.186 9.866 8.854 9.682 11.832 12.699 13.337 11.405 11.721 12.777 10.026 11.832 10.550 12.369 13.065 15.198 15.946 15.166 15.034 13.155 12.059 11.410 10.628 7.704 6.911 7.422 6.117 4.053 3.828 0.870 0.003 1.689 3.848 5.529 6.632 10.281 10.950 14.192 15.542 17.307 18.707 18.695 19.133 19.577 20.480 20.328 21.610 22.384
19.340 18.836 16.826 16.097 13.441 12.975 9.075 8.927 7.413 8.534 10.425 11.386 11.876 10.768 12.476 13.988 13.035 15.588 15.139 17.034 17.172 18.493 18.455 17.585 16.709 16.148 14.998 14.330 13.209 11.988 10.062 9.266 8.450 6.893 5.139 3.487 1.014 0.002 1.402 3.591 5.829 8.928 10.620 14.197 15.857 17.812 19.512 20.131 20.907 21.175 21.942 22.326 23.099 24.053
20.869 19.772 18.166 17.226 14.219 12.836 10.187 9.055 7.841 8.676 10.048 11.397 12.044 11.159 13.078 14.609 14.101 17.035 17.971 19.041 19.526 20.459 20.097 18.803 18.727 18.144 16.997 15.745 15.896 15.409 12.580 11.697 12.623 9.754 7.327 6.021 3.215 1.089 0.001 1.809 4.054 6.367 10.073 12.528 15.467 17.382 19.384 20.060 20.936 21.625 22.461 22.534 23.832 24.287
15.122 14.309 12.228 10.729 8.470 8.499 6.908 7.183 7.097 7.944 8.524 8.847 9.164 9.036 9.850 9.930 10.580 11.901 12.736 14.074 14.641 15.939 15.240 14.037 14.427 14.306 12.913 11.434 13.032 12.673 9.618 10.103 11.624 9.452 8.523 6.042 5.721 3.312 1.316 0.000 1.256 3.144 5.366 7.111 8.605 10.077 12.386 13.457 14.422 15.877 17.729 18.463 20.234 21.260
13.271 12.529 9.651 9.224 7.327 7.881 6.187 6.554 7.182 7.371 8.575 8.970 9.109 9.435 9.385 9.748 9.478 11.235 11.341 13.003 12.357 13.901 12.377 10.763 11.119 11.565 9.530 8.795 10.501 10.597 8.387 8.557 10.210 9.022 8.480 6.851 6.518 4.915 3.548 1.027 0.004 1.370 3.172 4.198 5.479 7.459 8.854 10.965 12.155 14.089 16.058 17.023 19.201 20.533
8.921 8.022 6.836 6.401 5.883 5.880 6.282 6.048 6.009 7.447 7.610 7.566 7.518 6.908 6.823 6.925 6.735 7.717 7.780 8.711 9.158 10.016 9.411 8.038 8.865 9.073 7.588 6.914 8.447 8.424 7.085 7.350 9.044 7.927 8.214 6.777 6.582 5.754 4.393 2.731 0.862 0.002 0.890 2.076 3.125 4.392 5.604 6.870 8.511 10.199 12.496 13.533 15.405 17.120
9.339 8.611 7.257 6.782 5.994 6.230 6.638 6.639 7.233 8.317 9.517 9.386 9.103 8.844 8.041 7.454 7.376 7.758 7.653 9.408 9.352 10.463 10.160 8.142 9.303 9.772 7.574 7.644 8.804 8.775 7.273 8.409 9.785 9.185 9.361 7.610 7.417 6.887 5.260 3.530 2.385 0.817 0.002 0.902 2.055 2.970 4.148 5.821 7.654 9.561 12.194 13.807 15.743 17.454
9.053 7.956 6.809 5.879 6.016 6.361 6.926 6.703 7.529 8.719 9.212 8.876 8.722 8.626 8.127 6.905 7.298 7.374 7.487 9.740 9.820 10.666 10.226 8.221 9.397 10.241 7.970 7.845 9.104 9.405 7.715 8.295 10.108 9.358 9.147 7.769 7.812 7.106 5.702 4.198 3.219 1.715 0.689 0.002 0.849 1.842 3.500 4.972 6.975 9.210 12.308 14.645 16.037 17.814
9.425 8.371 6.567 7.589 6.509 7.220 7.886 8.019 8.910 9.704 10.191 10.841 10.415 10.224 9.986 8.329 8.617 8.254 8.642 9.566 9.266 11.043 10.390 8.007 9.452 10.111 7.749 7.374 9.808 9.697 8.225 9.277 11.447 10.777 10.755 9.380 9.715 9.614 7.711 6.286 4.968 3.332 2.177 0.858 0.004 1.083 2.591 4.594 6.590 8.973 11.866 14.193 16.306 18.324
10.729 9.589 7.383 6.930 6.835 7.810 8.526 9.504 10.671 12.142 11.944 12.836 11.473 11.586 10.451 8.780 8.739 8.992 8.856 11.024 11.375 12.903 11.944 9.303 11.042 11.382 9.038 8.802 10.253 9.934 8.540 9.256 10.919 10.459 10.859 9.894 10.709 11.115 9.726 8.718 6.526 5.474 3.448 2.442 0.946 0.001 1.767 3.785 6.090 9.113 11.792 14.796 16.971 18.725
12.011 11.565 8.921 8.865 8.954 10.057 11.077 11.901 14.161 15.015 13.772 15.080 14.078 14.641 13.832 11.722 12.594 12.153 12.770 14.329 14.412 15.873 15.042 11.628 15.594 16.039 12.790 13.143 16.456 15.751 13.692 15.383 17.953 17.159 17.944 16.125 16.637 16.923 15.054 13.226 10.856 8.548 6.938 4.720 3.668 1.503 0.001 1.794 4.219 6.941 9.696 12.063 14.337 16.893
11.555 10.513 8.926 10.089 11.994 14.388 18.041 19.622 22.331 23.236 22.045 22.614 21.310 21.172 20.144 15.660 15.650 12.528 13.503 14.153 14.686 15.772 15.381 12.523 15.639 16.168 13.383 14.520 16.916 17.134 16.148 17.893 20.448 20.070 22.142 21.053 21.998 23.194 22.049 20.661 18.669 16.120 12.313 9.470 6.040 3.967 1.170 0.000 1.343 3.755 6.388 8.909 10.963 12.694
11.590 10.417 9.415 10.823 13.295 15.652 18.753 21.041 22.785 23.715 23.281 23.293 21.571 21.984 20.015 16.471 16.184 13.618 14.014 14.254 15.108 16.708 16.466 14.079 17.920 17.924 15.458 17.371 20.067 19.397 18.552 20.808 22.578 22.212 23.494 22.900 23.909 24.310 23.777 22.977 20.911 18.504 15.262 11.690 8.269 5.928 3.652 1.302 0.004 1.848 3.760 6.702 7.691 9.751
10.685 9.637 9.580 10.750 13.328 15.745 18.891 20.658 22.551 23.600 22.763 22.867 21.205 21.028 19.377 15.727 15.700 12.716 13.542 13.152 14.042 15.180 14.965 13.349 16.737 16.915 14.547 16.949 19.016 18.212 18.075 20.458 21.755 21.314 23.146 22.489 23.632 24.219 23.604 23.174 20.935 18.769 15.708 12.804 9.111 7.221 5.211 3.543 1.218 0.001 1.201 2.505 4.588 6.783
10.882 10.241 10.556 11.118 14.667 16.710 19.749 21.609 23.513 24.492 23.585 23.358 21.806 21.987 20.168 16.487 16.635 13.770 14.486 14.040 14.891 16.197 16.352 14.720 18.411 18.239 16.118 18.296 20.413 19.659 19.302 21.594 23.102 22.336 23.904 23.593 24.472 25.131 24.736 23.894 21.878 19.951 16.656 14.491 11.161 8.871 7.165 4.710 2.737 1.047 0.006 1.182 3.197 5.780
11.815 10.708 11.597 12.785 15.921 17.754 21.001 23.029 24.176 25.346 24.765 24.404 22.796 23.023 20.775 17.244 17.329 14.086 14.798 14.089 15.181 16.521 16.951 16.077 19.015 18.760 16.608 19.243 21.085 19.924 19.665 22.307 23.361 23.076 24.364 24.245 24.958 25.582 25.277 24.921 22.919 21.655 18.589 16.599 13.396 11.646 9.609 7.378 5.168 3.573 1.263 0.001 1.634 4.247
12.625 11.212 12.897 13.326 16.959 18.844 21.920 23.748 25.039 26.061 25.607 25.188 23.335 23.638 21.254 18.002 17.864 14.231 15.698 14.748 16.301 17.411 18.099 17.707 20.798 20.574 18.014 20.966 22.860 21.540 21.182 23.776 24.436 24.125 25.043 25.086 25.595 26.076 25.653 25.776 23.877 22.858 19.783 18.389 15.541 13.776 12.253 10.274 7.800 6.311 4.305 1.486 0.006 1.714
14.253 13.656 16.749 17.728 21.315 22.282 24.924 26.159 26.925 27.691 27.386 26.976 25.328 25.383 23.622 21.130 20.930 17.167 18.766 16.226 17.916 18.666 20.164 20.782 23.735 23.207 21.525 24.231 25.257 24.161 24.500 26.353 26.413 26.005 26.909 27.045 27.495 27.847 27.406 27.632 26.470 25.923 24.032 22.467 20.714 18.799 17.795 14.900 12.178 9.486 6.460 4.172 1.504 0.008
