0.114 1.332 2.034 2.714 2.634 2.774 4.643 5.437 5.149 6.018 6.630 6.982 7.580 9.266 9.420 9.842 10.598 11.928 12.354 11.730 11.940 13.235 13.339 13.256 14.193 14.060 13.959 15.045 15.281 14.553
0.763 0.098 1.035 1.515 1.662 1.726 1.993 2.807 3.246 3.132 3.334 4.310 4.900 5.243 5.505 5.955 6.308 6.543 7.333 7.549 7.524 7.611 8.268 8.627 8.569 8.671 9.252 9.644 9.942 10.189
1.256 0.629 0.322 0.693 1.012 1.226 1.149 1.226 1.691 1.948 1.906 2.055 2.543 2.854 2.717 3.146 3.543 3.689 4.017 4.417 4.822 5.156 5.136 5.658 6.126 6.250 6.307 6.324 7.179 7.311
1.610 1.007 0.584 0.387 0.547 0.742 0.868 0.816 0.908 1.182 1.245 1.339 1.458 1.692 1.829 1.879 2.183 2.452 2.669 2.871 3.027 3.409 3.560 3.738 3.970 4.386 4.434 4.528 5.009 4.961
1.689 1.361 0.850 0.521 0.188 0.577 0.662 0.782 0.793 0.919 1.044 1.171 1.282 1.410 1.556 1.754 1.883 2.058 2.374 2.638 2.656 2.896 3.156 3.467 3.534 3.809 3.942 4.129 4.491 4.591
1.680 1.360 0.970 0.689 0.518 0.207 0.516 0.607 0.724 0.696 0.828 1.001 1.122 1.190 1.311 1.537 1.715 1.721 1.975 2.316 2.467 2.600 2.743 3.242 3.462 3.530 3.745 3.965 4.314 4.366
1.759 1.328 0.927 0.775 0.665 0.514 0.327 0.518 0.654 0.741 0.730 0.860 1.031 1.138 1.187 1.368 1.528 1.642 1.739 2.065 2.314 2.336 2.567 2.894 3.065 3.270 3.391 3.514 3.907 4.037
1.851 1.420 1.027 0.818 0.719 0.629 0.508 0.344 0.507 0.621 0.670 0.736 0.860 0.980 1.083 1.176 1.322 1.444 1.579 1.742 1.915 2.112 2.273 2.524 2.698 2.922 3.053 3.265 3.587 3.683
2.154 1.659 1.197 0.945 0.841 0.777 0.615 0.499 0.155 0.517 0.653 0.732 0.729 0.826 1.026 1.119 1.156 1.337 1.504 1.652 1.681 1.966 2.209 2.349 2.631 2.895 3.040 3.247 3.578 3.709
2.091 1.716 1.305 1.059 0.888 0.764 0.697 0.600 0.499 0.354 0.504 0.627 0.699 0.731 0.844 1.000 1.079 1.173 1.325 1.491 1.633 1.725 1.990 2.220 2.376 2.573 2.813 3.037 3.402 3.399
2.263 1.802 1.405 1.244 1.082 0.870 0.726 0.669 0.626 0.507 0.404 0.517 0.664 0.736 0.778 0.903 1.076 1.176 1.255 1.388 1.564 1.728 1.795 2.024 2.272 2.368 2.638 2.860 3.251 3.298
2.460 2.119 1.574 1.340 1.220 1.067 0.855 0.784 0.722 0.632 0.510 0.370 0.514 0.675 0.773 0.783 0.899 1.102 1.219 1.293 1.399 1.604 1.776 1.786 2.103 2.309 2.454 2.784 3.117 3.211
2.517 2.246 1.736 1.410 1.258 1.146 0.956 0.840 0.740 0.694 0.607 0.502 0.423 0.504 0.641 0.725 0.725 0.854 1.062 1.192 1.227 1.381 1.587 1.731 1.811 2.120 2.306 2.477 2.864 2.953
2.650 2.233 1.827 1.588 1.358 1.229 1.119 1.000 0.839 0.738 0.663 0.619 0.502 0.318 0.501 0.633 0.675 0.720 0.847 0.988 1.069 1.197 1.325 1.435 1.579 1.725 1.974 2.136 2.475 2.566
3.025 2.601 2.092 1.921 1.750 1.490 1.352 1.252 1.155 0.918 0.822 0.778 0.648 0.505 0.341 0.527 0.707 0.771 0.804 0.913 1.107 1.239 1.366 1.426 1.642 1.823 1.868 2.197 2.489 2.572
2.997 2.617 2.150 1.795 1.723 1.573 1.365 1.257 1.148 1.012 0.841 0.815 0.742 0.638 0.511 0.439 0.518 0.665 0.762 0.764 0.862 1.077 1.214 1.292 1.416 1.681 1.832 1.897 2.365 2.507
3.138 2.745 2.313 2.019 1.760 1.674 1.494 1.334 1.167 1.081 0.960 0.868 0.727 0.662 0.623 0.504 0.412 0.506 0.645 0.698 0.722 0.836 1.034 1.134 1.265 1.409 1.630 1.863 2.083 2.378
3.400 2.977 2.500 2.193 1.992 1.845 1.696 1.536 1.355 1.196 1.088 1.067 0.872 0.752 0.727 0.658 0.503 0.298 0.506 0.632 0.692 0.742 0.875 1.027 1.156 1.330 1.425 1.704 2.058 2.241
3.780 3.446 2.839 2.492 2.346 2.203 1.909 1.826 1.665 1.462 1.309 1.291 1.152 0.950 0.858 0.792 0.675 0.509 0.235 0.523 0.713 0.770 0.826 0.933 1.146 1.295 1.450 1.626 2.002 2.227
3.902 3.553 3.013 2.704 2.422 2.390 2.084 1.852 1.789 1.619 1.431 1.309 1.194 1.053 0.926 0.809 0.724 0.650 0.506 0.282 0.506 0.655 0.726 0.734 0.893 1.103 1.220 1.412 1.662 2.043
3.941 3.588 3.152 2.807 2.575 2.431 2.225 1.941 1.816 1.716 1.502 1.407 1.205 1.087 1.024 0.856 0.769 0.698 0.642 0.502 0.304 0.509 0.629 0.674 0.738 0.873 1.057 1.234 1.472 1.794
4.273 3.751 3.336 3.096 2.821 2.618 2.332 2.144 2.023 1.810 1.721 1.616 1.392 1.195 1.104 1.023 0.851 0.786 0.740 0.639 0.505 0.341 0.515 0.638 0.732 0.821 0.947 1.164 1.430 1.676
4.601 4.185 3.559 3.328 3.161 2.953 2.613 2.359 2.260 2.107 1.859 1.855 1.645 1.435 1.252 1.155 1.089 0.937 0.831 0.740 0.667 0.508 0.318 0.517 0.670 0.793 0.875 1.048 1.350 1.624
4.683 4.341 3.812 3.439 3.302 3.141 2.755 2.553 2.362 2.271 2.072 1.936 1.768 1.508 1.437 1.230 1.134 1.075 0.933 0.787 0.699 0.641 0.502 0.180 0.520 0.701 0.781 0.900 1.150 1.529
4.992 4.621 4.144 3.751 3.456 3.309 3.037 2.781 2.620 2.389 2.348 2.192 1.951 1.793 1.656 1.487 1.316 1.237 1.142 0.944 0.845 0.793 0.706 0.512 0.168 0.528 0.804 0.885 1.069 1.480
5.581 5.009 4.464 4.178 3.889 3.610 3.426 3.053 2.956 2.675 2.542 2.409 2.236 1.937 1.930 1.697 1.506 1.351 1.286 1.151 0.919 0.874 0.811 0.682 0.524 0.254 0.546 0.782 0.977 1.288
5.774 5.240 4.691 4.344 4.170 4.105 3.657 3.315 3.330 2.998 2.863 2.692 2.554 2.259 2.117 1.990 1.737 1.564 1.406 1.273 1.162 0.944 0.908 0.788 0.725 0.529 0.241 0.620 0.909 1.276
6.489 6.264 5.671 5.302 5.185 5.060 4.502 4.162 4.173 3.814 3.498 3.363 3.204 2.958 2.769 2.431 2.287 2.044 1.866 1.628 1.529 1.392 1.116 1.016 0.968 0.783 0.589 0.258 0.654 1.057
7.521 7.274 6.921 6.821 6.178 5.952 5.809 5.302 4.740 4.622 4.349 4.214 3.822 3.699 3.341 3.025 2.790 2.651 2.455 2.064 1.977 1.772 1.527 1.197 1.184 1.171 0.919 0.618 0.192 0.864
12.007 11.256 10.688 11.018 10.698 9.791 9.668 9.902 9.191 8.303 8.356 8.350 7.725 6.727 6.924 6.799 6.059 5.680 5.271 4.453 3.952 3.966 3.559 2.728 2.109 2.020 1.962 1.598 0.911 0.259
