0.011 1.618 3.657 5.918 8.172 10.733 13.783 16.289 18.916 20.749 22.854 23.400 24.450 24.712 23.627 22.521 21.053 18.524 16.851 12.875 11.966 9.756 11.210 11.509 11.613 13.837 16.189 15.650 16.130 14.937 13.649 15.438 16.033 18.761 20.491 20.029 20.396 18.063 18.938 18.421 19.269 19.912 19.547 17.230 20.321 20.854 18.558 19.322 22.127 21.735 20.391 21.929 23.483 23.003 22.945 24.227 24.723 24.753
1.077 0.003 1.395 4.096 6.610 8.767 11.626 14.252 16.834 18.894 21.516 22.163 23.394 23.554 22.346 21.132 19.445 16.799 15.488 11.484 10.564 8.298 10.709 11.250 12.071 13.846 15.260 14.931 15.807 14.511 13.041 14.870 15.205 18.068 19.978 19.605 20.044 17.469 18.242 18.040 18.462 19.375 18.709 16.445 19.640 20.332 17.899 18.276 21.198 20.899 19.689 21.385 22.467 22.160 22.544 23.185 24.051 24.237
3.604 1.093 0.002 1.613 3.908 7.292 9.931 13.059 15.405 18.073 19.917 20.846 22.134 22.493 20.782 19.033 17.490 14.906 13.377 9.419 9.060 7.651 9.609 10.396 10.960 13.202 14.467 13.942 14.319 12.707 11.578 12.388 13.013 15.756 16.753 16.693 17.494 15.496 16.752 16.038 16.776 17.588 18.307 15.643 18.745 18.809 15.957 17.603 19.158 19.199 18.275 19.042 20.285 19.728 19.716 20.893 21.612 21.876
5.843 4.406 1.159 0.012 1.370 3.169 4.835 5.571 7.205 6.514 8.500 8.955 10.750 11.503 10.629 8.821 7.324 6.348 4.753 4.369 3.388 4.919 7.388 8.900 10.175 12.414 12.675 12.685 11.304 8.481 7.213 5.611 6.963 7.396 10.062 10.774 10.781 9.496 9.145 10.119 11.290 12.801 11.643 8.060 8.777 10.360 8.691 7.519 10.180 10.760 9.864 10.124 12.497 12.739 12.570 13.739 15.290 15.932
6.890 5.318 3.409 0.931 0.003 1.056 1.847 3.167 3.965 5.257 7.149 7.956 8.850 8.880 8.104 6.626 5.744 4.337 3.722 2.949 2.650 3.004 4.380 4.915 6.000 5.908 6.548 7.201 6.785 5.176 4.487 4.157 4.663 5.900 7.305 7.472 6.965 5.754 5.862 6.461 7.162 8.130 7.680 5.333 7.193 8.280 6.768 5.914 7.780 8.021 7.108 7.396 9.245 8.394 8.537 9.395 10.098 9.794
7.771 5.828 3.959 2.012 0.661 0.004 0.660 1.380 2.022 3.012 3.855 4.588 5.560 5.221 4.152 3.534 2.911 2.262 2.133 2.102 2.117 2.637 3.785 4.066 4.908 5.323 5.444 5.621 4.834 3.688 3.235 3.122 3.425 3.796 4.818 5.170 5.247 4.193 4.259 4.404 4.865 5.563 5.288 3.779 4.734 5.303 4.060 3.705 5.177 5.496 4.720 5.467 6.184 6.330 6.332 7.003 7.752 8.022
8.010 6.448 4.430 2.589 1.811 0.611 0.004 0.601 1.095 1.699 2.404 3.133 3.955 3.862 3.295 2.586 2.255 1.653 1.670 1.504 2.136 2.799 3.972 3.991 4.920 5.056 5.072 5.220 4.576 3.699 3.030 2.688 2.862 3.346 4.122 4.633 4.107 3.618 3.757 3.972 4.440 4.974 4.341 3.212 3.615 4.205 3.513 3.147 4.102 4.392 3.930 4.189 4.880 5.145 5.026 5.566 6.195 6.704
8.395 6.639 4.736 2.758 2.091 1.033 0.547 0.001 0.620 1.211 1.819 2.511 3.162 3.008 2.374 1.909 1.721 1.430 1.508 1.353 2.132 3.002 3.755 4.273 5.050 5.271 5.111 5.274 4.489 3.640 3.060 2.566 2.890 3.101 3.875 4.034 3.947 3.683 3.922 3.944 4.512 4.833 4.233 3.130 3.408 4.253 3.812 2.852 3.993 4.191 3.756 3.916 5.205 5.112 4.763 5.432 6.227 6.188
8.414 7.079 5.218 3.587 2.837 1.849 1.330 0.605 0.002 0.606 1.207 1.762 2.445 2.313 2.086 1.593 1.445 1.423 1.982 2.268 2.767 3.223 4.284 4.749 5.447 6.102 6.109 5.936 5.161 4.300 3.788 3.340 3.348 3.544 4.235 4.761 4.763 4.274 4.395 4.598 4.960 5.250 4.512 3.401 3.496 4.189 3.808 3.102 3.941 4.489 3.963 4.138 5.037 5.197 5.454 5.800 6.436 6.862
9.393 7.903 6.067 4.528 3.526 2.420 1.898 1.286 0.605 0.001 0.639 1.228 1.887 1.816 1.479 1.236 1.250 1.404 2.097 2.549 3.154 3.938 4.797 5.421 6.287 7.135 6.583 6.580 5.681 4.964 4.218 3.631 3.683 3.749 4.419 4.754 4.747 4.564 4.632 5.034 5.426 5.790 5.040 4.029 3.680 4.705 4.358 3.407 4.052 4.851 4.264 4.060 5.108 5.388 5.264 5.771 6.682 7.084
10.016 8.296 6.734 5.293 4.156 3.079 2.452 1.828 1.224 0.566 0.005 0.606 1.170 1.523 1.143 1.162 1.327 1.649 2.474 2.853 3.486 4.140 4.946 5.546 6.291 6.871 6.668 6.404 5.499 4.833 4.290 3.651 3.527 3.557 4.299 4.735 4.665 4.483 4.637 4.795 5.098 5.532 4.788 3.752 3.636 4.269 4.031 3.282 3.885 4.477 4.081 3.939 4.878 5.168 5.072 5.687 6.511 6.950
10.985 9.322 7.601 6.115 5.101 4.131 3.432 2.655 1.964 1.187 0.636 0.004 0.700 1.276 1.193 1.086 1.653 2.272 3.154 3.736 4.301 5.492 6.314 6.954 8.065 8.833 8.067 8.043 6.708 5.709 5.361 4.548 4.246 3.979 4.706 5.208 5.256 5.231 5.258 5.584 6.055 6.634 5.991 4.853 4.535 5.282 4.976 4.098 4.466 5.268 4.810 4.249 5.311 5.853 5.597 6.055 7.007 7.301
11.593 9.868 8.350 7.285 6.089 5.378 4.494 3.844 2.800 1.968 1.416 0.827 0.002 0.821 1.143 1.733 2.146 2.943 3.603 4.533 5.165 5.691 6.604 7.321 8.140 8.856 8.229 7.929 6.722 5.952 5.450 4.684 4.571 4.187 5.276 5.888 5.753 5.430 5.240 5.734 6.096 6.622 6.111 5.120 4.645 5.164 5.010 4.163 4.436 5.341 4.816 4.612 5.789 6.259 6.069 6.626 7.850 8.319
11.687 10.191 8.976 7.781 6.275 5.735 4.553 3.955 2.937 2.308 1.730 1.162 0.715 0.001 0.740 1.323 2.010 2.699 3.855 4.923 5.551 6.352 7.724 7.921 9.037 9.342 8.745 8.678 7.727 6.732 6.398 5.317 5.192 4.572 5.342 6.214 5.848 6.135 6.011 6.418 6.966 7.702 6.768 5.835 5.322 6.203 5.759 4.809 5.108 5.903 5.114 4.812 6.114 6.264 6.165 6.731 7.400 7.898
10.087 8.495 6.752 5.663 4.571 3.622 2.941 2.341 1.809 1.473 1.351 1.157 1.020 0.595 0.001 0.593 0.995 1.632 2.421 3.101 3.611 4.439 5.344 6.029 6.911 7.250 6.854 7.021 6.027 5.166 4.651 3.957 3.800 3.510 4.256 4.807 4.748 4.685 4.612 5.233 5.707 6.295 5.488 4.513 4.427 5.097 4.545 3.712 4.409 4.965 4.148 4.056 5.225 5.506 5.315 5.878 6.849 7.121
9.530 7.902 6.395 4.870 3.941 3.197 2.366 1.959 1.490 1.201 1.099 1.302 1.507 1.098 0.568 0.001 0.563 0.983 1.612 2.275 2.856 3.748 4.626 4.979 5.984 6.336 6.053 6.052 5.153 4.409 3.704 3.157 2.916 2.931 3.688 4.053 4.091 3.828 3.982 4.399 4.803 5.493 4.676 3.745 3.711 4.258 3.785 3.171 3.807 4.301 3.648 3.670 4.604 4.852 4.678 5.218 5.864 6.368
9.208 7.574 5.789 4.282 3.342 2.462 1.848 1.632 1.340 1.157 1.168 1.424 2.075 1.564 1.048 0.545 0.003 0.606 1.201 1.778 2.412 3.147 4.015 4.421 5.258 5.664 5.270 5.249 4.372 3.799 3.174 2.634 2.521 2.473 3.257 3.760 3.670 3.495 3.580 3.884 4.199 4.645 4.129 3.339 3.236 3.841 3.424 2.777 3.441 3.761 3.351 3.273 4.285 4.627 4.338 4.756 5.684 6.054
8.642 7.239 5.575 4.044 3.032 2.195 1.662 1.491 1.487 1.674 1.886 2.339 2.698 2.426 1.687 1.329 0.591 0.006 0.644 1.137 1.723 2.418 3.128 3.537 4.206 4.480 4.251 4.246 3.707 3.104 2.443 1.979 1.931 2.110 2.893 3.235 3.090 2.755 2.779 3.269 3.534 3.952 3.582 2.695 2.980 3.307 2.727 2.415 3.113 3.406 2.822 2.987 3.781 3.961 3.797 4.263 5.110 5.390
8.284 6.679 4.734 3.264 2.366 1.795 1.578 1.684 1.568 2.172 2.473 3.012 3.720 3.432 2.220 1.909 1.220 0.589 0.001 0.606 1.133 1.714 2.338 2.754 3.335 3.948 3.874 3.563 3.135 2.379 2.133 1.584 1.639 2.071 2.722 3.315 3.090 2.726 2.871 2.987 3.522 3.725 3.232 2.257 2.639 3.158 2.525 1.936 2.930 3.183 2.810 2.952 3.864 3.970 3.865 4.175 5.082 5.129
8.548 6.782 4.764 3.439 2.332 1.791 1.659 1.933 2.108 2.566 2.918 3.496 4.197 4.081 2.886 2.463 1.770 1.177 0.567 0.001 0.594 1.082 1.643 2.074 2.548 2.942 2.775 2.571 2.127 1.649 1.389 1.272 1.243 1.634 2.177 2.516 2.275 1.915 1.840 2.052 2.212 2.626 2.293 1.844 2.167 2.380 1.747 1.795 2.368 2.438 2.022 2.283 2.848 2.791 2.948 3.234 3.731 3.925
8.257 6.605 4.794 3.401 2.613 2.228 1.887 2.307 2.971 3.468 4.577 4.902 5.918 5.824 4.169 3.834 2.712 1.908 1.230 0.653 0.001 0.615 1.080 1.799 2.302 2.934 2.988 2.542 2.164 1.668 1.670 1.409 1.655 2.152 2.553 3.003 3.004 2.553 2.747 2.640 2.800 3.029 2.723 2.178 2.716 3.027 2.495 2.256 3.211 3.259 3.007 3.026 4.204 3.912 3.678 4.325 5.229 4.924
8.059 6.722 4.852 3.833 2.608 2.297 2.231 2.555 3.037 3.479 4.167 4.525 5.076 4.977 4.167 3.602 2.805 2.154 1.509 1.048 0.553 0.001 0.531 0.848 1.332 1.620 1.524 1.215 1.045 0.936 0.966 1.021 1.468 1.798 2.222 2.482 2.181 1.758 1.651 1.404 1.748 1.779 1.861 1.475 2.008 2.068 1.613 1.752 2.389 2.249 2.000 2.561 2.892 2.917 2.886 3.306 3.588 3.909
8.995 7.308 5.175 3.718 2.651 2.447 2.447 2.784 3.113 3.298 3.886 4.132 4.878 4.952 3.947 3.507 2.769 2.216 1.697 1.373 0.909 0.538 0.001 0.505 0.722 0.861 0.842 0.703 0.650 0.639 0.807 1.078 1.441 1.768 2.198 2.148 1.909 1.492 1.329 1.071 1.017 1.046 1.121 1.172 1.368 1.244 1.146 1.325 1.581 1.555 1.549 1.952 2.104 2.137 2.271 2.562 2.839 3.189
8.854 7.040 4.819 3.835 2.967 2.496 2.677 2.868 3.199 3.561 4.144 4.389 5.137 5.254 4.355 3.907 3.143 2.529 2.055 1.739 1.229 0.816 0.519 0.001 0.530 0.653 0.664 0.704 0.685 0.735 0.976 1.293 1.711 2.074 2.565 2.654 2.237 1.815 1.570 1.238 1.151 1.236 1.248 1.235 1.531 1.542 1.312 1.566 1.885 1.864 1.946 2.248 2.525 2.519 2.734 3.078 3.408 3.749
9.228 7.511 5.312 4.082 3.060 2.974 3.039 3.276 3.679 3.842 4.641 4.798 5.571 5.546 4.668 4.335 3.474 2.833 2.321 1.966 1.516 1.109 0.784 0.511 0.001 0.547 0.771 0.919 0.937 1.044 1.264 1.552 1.996 2.369 3.012 2.957 2.677 2.210 2.026 1.586 1.564 1.591 1.750 1.672 2.065 2.012 1.705 1.967 2.410 2.413 2.383 2.790 3.133 3.134 3.337 3.735 4.193 4.490
8.980 7.449 5.213 4.240 3.452 3.321 3.565 3.775 4.179 4.411 5.108 5.252 6.104 5.979 5.175 4.736 4.046 3.398 2.949 2.496 1.932 1.398 1.016 0.631 0.514 0.005 0.550 0.821 0.985 1.258 1.442 1.984 2.389 2.907 3.453 3.294 2.940 2.374 2.155 1.626 1.650 1.617 1.826 1.952 2.341 2.231 1.939 2.449 2.763 2.586 2.618 3.179 3.317 3.207 3.485 3.911 4.210 4.471
9.167 7.315 5.278 4.199 3.503 3.232 3.479 3.565 3.835 4.032 4.514 4.646 5.424 5.571 4.671 4.299 3.564 3.135 2.605 2.249 1.794 1.344 1.053 0.678 0.708 0.537 0.001 0.571 0.688 1.010 1.312 1.701 2.076 2.343 2.976 2.916 2.584 2.094 1.848 1.346 1.251 1.173 1.437 1.623 2.000 1.735 1.614 1.906 2.222 2.024 2.208 2.510 2.775 2.760 3.091 3.338 3.622 3.996
8.879 7.353 5.399 4.193 3.382 3.240 3.341 3.539 3.671 3.896 4.408 4.562 5.298 5.292 4.600 4.349 3.633 3.105 2.602 2.253 1.795 1.396 1.088 0.787 0.884 0.728 0.542 0.003 0.529 0.861 1.171 1.607 2.045 2.494 3.060 2.931 2.503 2.007 1.687 1.227 1.055 1.058 1.190 1.425 1.681 1.466 1.402 1.822 1.927 1.926 2.056 2.564 2.614 2.586 2.888 3.320 3.556 3.950
8.825 6.849 4.799 3.591 2.771 2.506 2.582 2.780 2.935 3.324 3.805 4.157 4.802 4.803 3.954 3.526 2.816 2.254 1.830 1.538 1.093 0.891 0.760 0.728 0.939 0.960 0.715 0.527 0.001 0.506 0.729 0.997 1.414 1.696 2.125 2.197 1.871 1.468 1.200 0.968 0.798 0.914 1.045 1.033 1.367 1.234 1.034 1.315 1.706 1.638 1.585 1.977 2.172 2.176 2.294 2.626 2.897 3.281
8.891 7.099 4.939 3.687 2.728 2.377 2.293 2.536 2.754 2.893 3.455 3.667 4.357 4.450 3.515 3.201 2.472 1.934 1.489 1.175 0.897 0.775 0.587 0.771 1.038 1.156 0.936 0.753 0.506 0.000 0.496 0.630 0.883 1.138 1.399 1.396 1.122 0.885 0.691 0.613 0.611 0.694 0.717 0.785 0.932 0.828 0.652 0.855 1.021 0.943 0.923 1.200 1.312 1.304 1.439 1.639 1.827 2.135
8.540 6.647 4.846 3.498 2.535 2.172 2.164 2.429 2.781 2.996 3.504 3.809 4.156 4.244 3.295 3.111 2.433 1.906 1.434 1.125 0.866 0.791 0.743 0.916 1.252 1.471 1.191 1.019 0.714 0.502 0.001 0.500 0.719 0.982 1.323 1.330 1.087 0.870 0.714 0.711 0.777 0.925 0.972 0.906 1.107 1.016 0.695 0.897 1.157 1.056 0.928 1.221 1.404 1.371 1.420 1.714 1.978 2.288
8.516 6.982 4.909 3.504 2.627 2.299 2.185 2.475 2.612 2.872 3.267 3.559 4.168 4.310 3.281 3.020 2.245 1.751 1.256 1.077 0.915 0.944 0.995 1.142 1.547 1.649 1.406 1.294 0.879 0.674 0.508 0.002 0.504 0.711 0.955 0.966 0.807 0.672 0.627 0.677 0.836 1.004 1.003 0.936 1.063 0.956 0.667 0.773 1.020 0.950 0.794 1.029 1.261 1.194 1.184 1.540 1.763 2.050
8.523 6.949 4.987 3.872 2.701 2.404 2.349 2.407 2.794 2.926 3.471 3.675 4.302 4.271 3.325 3.071 2.279 1.856 1.298 1.145 1.015 1.158 1.268 1.482 1.928 2.094 1.830 1.761 1.316 0.981 0.758 0.509 0.007 0.501 0.774 0.804 0.656 0.635 0.720 0.936 1.151 1.457 1.351 1.124 1.287 1.213 0.891 0.933 1.137 1.009 0.802 1.012 1.217 1.129 1.105 1.361 1.607 1.932
8.634 7.070 5.048 3.891 2.865 2.590 2.463 2.661 2.871 3.000 3.514 3.695 4.077 4.223 3.283 3.082 2.300 1.919 1.467 1.346 1.277 1.367 1.540 1.607 1.993 2.105 1.893 1.845 1.456 1.187 0.952 0.700 0.509 0.001 0.522 0.671 0.628 0.669 0.798 1.064 1.270 1.601 1.560 1.323 1.393 1.316 1.035 0.998 1.161 1.059 0.778 0.948 1.180 1.091 1.024 1.241 1.552 1.835
9.376 7.566 5.665 4.566 3.360 3.094 2.939 2.840 3.131 3.201 3.621 3.780 4.428 4.555 3.693 3.461 2.548 2.173 1.656 1.700 1.681 1.893 2.227 2.474 2.875 2.998 2.642 2.601 2.149 1.747 1.418 1.042 0.766 0.532 0.000 0.539 0.665 1.015 1.158 1.547 1.750 2.161 1.977 1.647 1.628 1.641 1.336 1.141 1.377 1.332 1.009 1.178 1.467 1.325 1.087 1.542 1.927 2.119
9.349 7.850 5.809 4.787 3.605 3.173 3.123 3.028 3.411 3.389 3.919 4.032 4.795 4.709 3.800 3.400 2.702 2.315 1.898 1.884 2.034 2.178 2.364 2.499 2.925 2.951 2.630 2.709 2.220 2.008 1.531 1.243 0.895 0.649 0.530 0.002 0.541 0.779 1.133 1.588 1.929 2.449 2.326 2.073 2.131 1.993 1.678 1.471 1.753 1.530 1.121 1.330 1.669 1.395 1.189 1.681 2.021 2.151
8.944 7.392 5.398 4.314 3.195 2.873 2.747 2.779 3.076 3.179 3.687 3.858 4.462 4.640 3.712 3.350 2.615 2.216 1.696 1.616 1.518 1.584 1.695 1.813 2.191 2.198 1.955 1.874 1.507 1.289 0.977 0.818 0.728 0.698 0.679 0.529 0.001 0.515 0.694 0.967 1.234 1.589 1.719 1.457 1.535 1.399 1.006 1.101 1.297 1.067 0.829 1.083 1.389 1.175 1.055 1.483 1.847 2.048
9.014 7.132 5.265 4.064 3.091 2.647 2.654 2.732 3.003 3.119 3.707 3.907 4.474 4.524 3.732 3.316 2.587 2.183 1.628 1.479 1.285 1.435 1.465 1.688 2.019 2.075 1.780 1.656 1.227 1.015 0.820 0.698 0.674 0.806 0.958 0.772 0.513 0.001 0.518 0.687 0.896 1.225 1.272 1.189 1.280 1.079 0.805 0.978 1.122 0.887 0.763 1.077 1.232 1.079 1.096 1.491 1.664 1.985
8.755 7.226 5.327 3.991 2.952 2.519 2.526 2.642 2.901 3.062 3.557 3.776 4.266 4.436 3.526 3.251 2.534 2.146 1.667 1.437 1.335 1.248 1.294 1.355 1.756 1.758 1.462 1.369 0.928 0.814 0.685 0.659 0.720 0.939 1.113 1.014 0.716 0.531 0.001 0.499 0.641 0.880 1.036 1.045 1.194 0.927 0.677 0.883 1.028 0.787 0.748 1.050 1.188 1.093 1.133 1.490 1.714 1.913
8.697 7.093 4.971 3.818 2.919 2.583 2.567 2.702 3.001 3.215 3.710 4.013 4.534 4.504 3.829 3.402 2.738 2.221 1.709 1.492 1.229 1.162 1.116 1.312 1.636 1.789 1.438 1.262 0.867 0.710 0.686 0.756 0.905 1.140 1.387 1.261 0.963 0.695 0.499 0.001 0.505 0.681 0.808 0.928 1.090 0.847 0.660 0.930 1.047 0.809 0.834 1.164 1.218 1.158 1.272 1.564 1.678 2.034
8.644 7.226 5.403 4.143 3.222 2.981 2.986 3.051 3.368 3.595 4.018 4.298 4.790 4.941 4.201 3.773 3.089 2.592 2.087 1.815 1.578 1.408 1.355 1.482 1.813 1.946 1.599 1.456 0.906 0.790 0.821 1.005 1.200 1.463 1.799 1.622 1.260 0.913 0.714 0.523 0.000 0.513 0.677 0.910 1.146 0.886 0.767 1.076 1.212 0.922 1.028 1.448 1.460 1.372 1.561 1.945 2.052 2.414
8.559 7.192 5.332 4.257 3.455 3.077 3.165 3.087 3.470 3.474 4.138 4.251 4.978 5.078 4.243 3.969 3.121 2.706 2.246 2.061 1.693 1.529 1.307 1.506 1.793 1.956 1.497 1.284 0.884 0.872 1.003 1.228 1.603 1.721 2.156 2.042 1.639 1.337 0.979 0.747 0.502 0.003 0.532 0.838 1.026 0.800 0.842 1.261 1.193 1.065 1.262 1.591 1.575 1.510 1.829 2.043 2.150 2.596
8.824 7.231 5.236 3.899 2.920 2.625 2.416 2.424 2.750 2.910 3.450 3.757 4.326 4.400 3.353 3.259 2.407 1.924 1.508 1.396 1.202 1.172 1.106 1.313 1.618 1.750 1.484 1.241 0.912 0.759 0.862 0.886 1.140 1.260 1.535 1.586 1.372 1.183 0.948 0.820 0.600 0.516 0.001 0.493 0.620 0.606 0.592 0.701 0.902 0.950 0.977 1.170 1.352 1.404 1.490 1.727 2.006 2.383
8.282 6.830 4.829 3.705 2.813 2.541 2.394 2.445 2.777 2.815 3.324 3.615 4.064 4.133 3.332 3.169 2.428 1.921 1.583 1.402 1.193 1.186 1.193 1.368 1.648 1.810 1.563 1.339 0.988 0.785 0.876 0.811 1.051 1.134 1.423 1.520 1.217 1.059 0.860 0.846 0.699 0.696 0.496 0.001 0.493 0.554 0.564 0.578 0.657 0.824 0.846 0.919 1.063 1.212 1.280 1.445 1.746 2.137
8.570 7.165 5.087 3.898 2.886 2.602 2.407 2.466 2.765 2.843 3.438 3.655 4.222 4.297 3.441 3.209 2.505 2.090 1.666 1.542 1.318 1.281 1.225 1.480 1.859 2.054 1.742 1.535 1.135 0.905 1.007 0.960 1.227 1.312 1.608 1.735 1.365 1.202 0.888 0.899 0.791 0.840 0.572 0.496 0.001 0.496 0.561 0.619 0.610 0.702 0.852 0.944 0.989 1.178 1.300 1.468 1.681 2.133
8.998 7.521 5.431 4.012 3.199 2.701 2.558 2.638 2.842 3.034 3.426 3.730 4.214 4.297 3.488 3.252 2.460 2.106 1.618 1.499 1.282 1.207 1.228 1.396 1.619 1.773 1.540 1.352 0.999 0.853 0.795 0.797 1.008 1.080 1.329 1.291 1.034 0.898 0.668 0.685 0.618 0.758 0.580 0.543 0.496 0.000 0.490 0.540 0.569 0.541 0.624 0.786 0.885 0.945 1.055 1.240 1.475 1.852
8.639 7.235 5.218 3.774 2.908 2.365 2.323 2.428 2.647 2.868 3.175 3.507 4.056 3.964 3.179 2.913 2.324 1.868 1.510 1.291 1.131 1.081 1.069 1.239 1.552 1.658 1.425 1.260 0.864 0.708 0.674 0.631 0.746 0.843 1.049 1.109 0.855 0.737 0.583 0.622 0.598 0.692 0.586 0.524 0.518 0.488 0.000 0.488 0.518 0.535 0.514 0.610 0.751 0.830 0.880 1.064 1.333 1.699
8.757 7.177 5.012 3.703 2.839 2.432 2.363 2.524 2.716 2.965 3.345 3.590 4.059 4.104 3.235 3.026 2.313 1.866 1.527 1.304 1.102 1.071 1.028 1.165 1.464 1.612 1.422 1.291 0.902 0.717 0.700 0.656 0.841 0.934 1.125 1.182 0.927 0.789 0.615 0.681 0.681 0.759 0.616 0.542 0.550 0.522 0.488 0.001 0.489 0.518 0.530 0.550 0.636 0.769 0.837 0.935 1.199 1.626
8.963 7.537 5.337 3.920 3.087 2.529 2.394 2.455 2.693 2.857 3.307 3.550 4.093 4.143 3.280 3.011 2.328 1.926 1.522 1.405 1.187 1.222 1.238 1.404 1.762 1.919 1.622 1.474 1.111 0.880 0.873 0.785 0.943 1.013 1.214 1.277 0.990 0.904 0.695 0.785 0.771 0.919 0.736 0.651 0.573 0.557 0.519 0.490 0.001 0.490 0.533 0.575 0.577 0.707 0.820 0.934 1.168 1.546
8.576 7.131 5.225 3.748 3.006 2.457 2.412 2.502 2.710 2.933 3.283 3.485 4.029 3.929 3.223 3.002 2.314 1.898 1.550 1.358 1.251 1.207 1.250 1.438 1.696 1.779 1.567 1.434 1.080 0.872 0.841 0.721 0.804 0.836 0.991 1.011 0.763 0.737 0.591 0.662 0.702 0.893 0.768 0.728 0.645 0.549 0.524 0.510 0.490 0.000 0.489 0.531 0.574 0.584 0.690 0.849 1.061 1.418
8.606 7.098 5.282 4.010 3.123 2.559 2.578 2.494 2.782 2.953 3.286 3.609 4.082 4.122 3.258 2.946 2.416 1.952 1.560 1.374 1.199 1.233 1.240 1.382 1.758 1.827 1.541 1.389 1.027 0.849 0.789 0.686 0.735 0.788 0.913 0.965 0.760 0.690 0.567 0.660 0.711 0.874 0.780 0.759 0.691 0.582 0.526 0.522 0.510 0.488 0.000 0.489 0.530 0.592 0.570 0.727 0.979 1.394
9.049 7.372 5.434 4.007 3.089 2.514 2.569 2.414 2.850 2.945 3.517 3.551 4.226 4.255 3.454 3.122 2.402 1.999 1.563 1.366 1.193 1.214 1.248 1.413 1.779 1.944 1.659 1.486 1.182 0.948 0.851 0.763 0.827 0.836 1.017 1.031 0.834 0.776 0.668 0.802 0.894 1.109 0.953 0.858 0.823 0.727 0.591 0.565 0.550 0.519 0.489 0.001 0.493 0.554 0.587 0.646 0.868 1.338
8.966 7.343 5.380 4.175 3.569 2.836 2.809 2.715 2.917 3.004 3.511 3.639 4.420 4.385 3.549 3.298 2.514 2.097 1.686 1.637 1.529 1.600 1.659 1.881 2.299 2.374 2.065 1.922 1.551 1.280 1.178 0.968 1.089 0.990 1.198 1.324 1.007 1.014 0.842 1.058 1.111 1.407 1.235 1.073 0.980 0.913 0.788 0.674 0.626 0.597 0.539 0.497 0.001 0.505 0.610 0.676 0.841 1.291
8.998 7.387 5.573 4.475 3.830 3.077 3.153 2.959 3.131 3.173 3.652 3.803 4.456 4.434 3.619 3.354 2.650 2.263 1.907 1.890 1.783 1.795 1.932 2.106 2.511 2.563 2.244 2.062 1.642 1.455 1.295 1.095 1.121 1.023 1.118 1.182 0.916 1.039 0.908 1.102 1.148 1.468 1.321 1.229 1.120 0.952 0.889 0.826 0.708 0.612 0.593 0.547 0.501 0.003 0.509 0.655 0.866 1.231
9.298 7.746 5.815 4.590 3.663 3.170 3.021 2.881 3.169 3.188 3.586 3.837 4.606 4.483 3.650 3.317 2.541 2.273 1.839 1.784 1.700 1.801 1.928 2.036 2.511 2.490 2.094 1.990 1.600 1.451 1.227 1.108 1.076 0.974 0.991 1.083 0.852 1.006 0.888 1.055 1.175 1.496 1.397 1.311 1.249 1.044 0.926 0.894 0.845 0.690 0.597 0.595 0.579 0.502 0.000 0.525 0.724 1.224
9.190 7.364 5.797 4.774 4.012 3.621 3.466 3.547 3.722 3.812 4.268 4.469 5.050 5.153 4.397 4.011 3.176 2.880 2.311 2.267 2.158 2.255 2.558 2.515 3.045 3.197 2.845 2.721 2.366 1.942 1.697 1.467 1.381 1.290 1.441 1.530 1.145 1.289 1.282 1.632 1.844 2.283 2.140 1.948 1.887 1.744 1.436 1.290 1.342 1.159 0.825 0.793 0.771 0.695 0.528 0.002 0.619 1.125
10.545 9.100 8.042 7.111 6.155 5.560 5.316 5.030 4.898 4.801 5.050 4.966 5.571 5.649 4.981 4.668 4.021 3.988 3.686 4.232 4.063 4.495 4.976 5.395 5.900 6.164 5.782 5.671 5.028 4.154 4.134 3.101 3.273 2.419 2.364 2.962 2.199 3.107 2.633 3.639 3.882 4.696 4.477 3.833 3.556 3.494 3.128 2.601 2.373 2.226 1.782 1.372 1.327 1.212 0.997 0.594 0.004 0.779
16.305 14.842 13.992 12.920 12.266 12.100 11.314 10.982 10.543 10.260 9.884 9.186 9.033 10.024 10.465 10.084 10.320 9.935 9.964 10.302 10.708 10.301 10.648 11.363 13.029 12.759 12.109 12.312 10.976 10.162 9.340 7.544 7.884 7.607 6.914 7.219 5.594 6.814 7.137 7.519 8.878 9.701 8.611 10.081 8.465 8.132 7.208 6.770 4.812 5.101 4.908 3.888 2.639 2.785 2.939 1.801 0.850 0.002
