0.001 1.598 3.628 5.754 6.803 8.389 10.423 12.842 13.984 16.404 18.368 19.556 21.406 20.965 19.656 20.760 22.273 21.492 20.970 22.632 23.584 22.785 23.540 24.703 25.167 25.074 25.728 26.735 26.751 26.805 27.270 27.789 27.808 28.119 28.424 28.751 28.823 29.011 29.037 29.165 28.994 28.932 28.631 28.224 28.049 27.878 27.819 27.007 26.676 26.842 26.458 25.419 25.379 25.540 24.892 23.539 23.827 23.869 23.126 22.262 22.792 22.968 22.837 23.638 23.873 25.055 25.047 23.969 25.249 26.259 25.785 26.104 26.743 27.542 27.529 27.946 28.396 28.616 28.800 28.859 28.703 28.603 28.904 28.957 29.219 29.662
1.104 0.003 1.959 4.323 6.201 6.535 7.159 10.742 12.776 12.996 15.950 16.074 18.291 17.091 15.538 17.345 18.589 17.427 17.491 19.460 20.334 19.745 20.568 22.488 23.078 23.050 23.828 24.874 25.296 25.359 25.926 26.559 26.747 27.041 27.418 27.740 27.667 28.117 28.118 28.218 27.969 27.947 27.662 27.042 26.923 27.046 26.800 25.992 25.549 25.953 25.504 24.350 24.521 24.606 23.939 22.395 22.869 23.231 22.693 21.175 22.082 22.283 21.466 22.725 21.946 23.741 23.785 22.430 23.434 24.877 24.409 24.210 25.347 26.407 26.241 26.521 27.423 27.703 27.732 28.103 27.710 27.573 28.179 28.132 28.690 29.218
4.406 1.115 0.001 2.047 4.424 5.476 5.192 7.044 9.649 10.474 11.886 12.775 14.656 14.876 13.992 14.937 17.017 17.266 17.103 18.188 19.637 19.824 20.486 21.863 22.591 22.630 23.426 24.417 24.856 25.246 25.855 26.229 26.556 26.742 27.246 27.447 27.549 27.732 27.843 27.965 27.807 27.733 27.581 26.896 26.502 26.679 26.607 25.606 24.994 25.587 24.910 23.554 23.717 24.012 23.174 21.811 22.021 22.579 21.682 20.492 21.410 21.452 20.505 21.845 21.311 23.114 22.978 21.477 22.673 24.320 23.846 23.765 25.142 26.246 26.083 26.397 27.554 27.760 27.766 28.214 27.823 27.778 28.354 28.484 28.746 29.303
6.363 3.798 0.759 0.000 1.204 3.450 4.312 4.748 6.125 7.720 9.861 11.234 13.199 12.984 13.167 14.695 15.957 16.488 16.885 17.806 18.937 19.330 20.089 21.564 22.285 22.378 23.547 24.040 24.615 24.829 25.595 26.130 26.379 26.792 27.140 27.476 27.547 27.753 27.944 27.962 27.774 27.728 27.584 26.928 26.666 26.705 26.659 25.540 25.003 25.511 24.964 23.579 23.579 23.921 23.159 21.694 21.835 22.384 21.510 20.382 21.369 21.436 20.828 22.010 21.530 23.406 23.125 21.901 23.040 24.667 24.038 24.113 25.256 26.436 26.077 26.546 27.567 27.856 27.935 28.107 27.646 27.647 28.326 28.353 28.735 29.162
6.465 4.849 2.689 0.764 0.000 1.220 3.277 4.439 5.059 6.169 8.619 9.628 11.716 10.935 11.154 12.867 14.037 14.682 15.461 16.667 17.618 17.803 19.113 20.422 21.053 21.373 22.586 23.542 23.911 24.292 25.047 25.617 25.886 26.214 26.496 26.958 27.031 27.195 27.570 27.480 27.400 27.178 27.016 26.675 26.210 26.431 26.129 25.040 24.491 25.230 24.365 22.953 22.975 23.291 22.345 20.695 21.226 21.605 20.856 19.673 20.924 21.033 19.991 21.359 20.568 22.598 22.524 20.843 22.385 23.921 23.311 23.433 24.635 25.797 25.567 26.008 26.971 27.509 27.401 27.678 27.288 27.213 27.909 27.935 28.447 28.951
7.464 5.293 4.439 2.795 0.748 0.000 1.509 3.375 4.531 4.763 7.151 8.193 9.730 9.612 9.573 10.938 12.659 13.425 13.877 14.819 16.778 17.043 17.915 19.500 20.531 20.775 21.907 22.899 23.350 23.953 24.529 25.016 25.654 25.821 26.040 26.715 26.849 26.767 27.115 27.226 27.261 27.110 26.933 26.335 25.556 25.889 25.779 24.762 24.394 24.812 24.262 22.755 22.596 23.035 22.379 20.420 20.763 21.456 20.699 19.293 20.280 20.550 19.306 20.719 19.913 22.129 22.187 20.145 22.065 23.645 22.807 22.652 24.412 25.532 25.288 25.795 26.940 27.301 27.241 27.547 26.920 27.240 27.738 27.972 28.332 28.945
8.083 5.821 3.981 4.385 3.235 0.830 0.000 1.181 3.390 4.403 6.023 7.028 9.410 9.874 9.253 11.194 13.581 14.298 14.146 15.680 17.312 17.325 18.109 19.958 20.962 20.760 21.817 22.593 23.407 23.554 24.252 25.032 25.513 25.886 26.093 26.809 26.966 27.217 27.427 27.296 27.073 26.914 26.760 26.002 25.285 25.623 25.305 23.782 23.428 24.010 23.016 21.478 21.654 22.172 20.968 19.621 19.847 20.444 19.665 18.588 19.859 20.131 18.973 20.383 19.682 21.856 21.944 20.046 21.531 23.414 23.062 22.740 24.430 25.652 25.709 25.725 27.084 27.492 27.423 27.865 27.352 27.400 27.950 28.244 28.513 29.122
9.648 7.667 5.397 4.736 4.412 3.086 0.747 0.000 1.127 3.414 5.141 6.761 8.471 8.591 8.701 10.686 12.408 13.227 14.090 15.203 16.520 17.098 18.108 19.240 20.319 20.388 21.542 22.499 23.218 23.180 24.479 24.991 25.381 25.439 25.866 26.316 26.358 26.676 26.896 27.019 26.763 26.713 26.538 25.853 25.458 25.578 25.577 24.061 23.763 24.202 23.579 22.132 21.849 22.319 21.340 19.834 20.227 20.544 19.676 18.739 19.634 20.079 19.292 20.385 19.771 21.677 22.019 20.426 21.760 23.306 23.183 23.183 24.519 25.631 25.473 25.892 26.987 27.430 27.269 27.548 27.145 26.969 27.660 27.887 28.254 28.872
10.009 8.640 7.025 5.239 4.453 4.445 2.432 0.839 0.000 1.184 3.526 5.989 6.960 6.770 7.358 9.502 10.601 11.391 12.759 13.970 15.710 16.358 17.823 19.132 20.322 20.647 21.910 23.029 23.615 24.318 24.920 25.469 25.930 25.825 26.392 26.744 26.932 27.006 27.376 27.402 27.141 27.025 26.777 26.386 25.822 26.075 25.916 24.777 24.525 25.191 24.507 22.782 22.740 23.340 22.323 20.130 21.005 21.460 20.209 19.003 20.065 20.495 19.112 20.773 19.826 22.345 22.214 20.085 21.972 23.940 22.766 22.506 24.633 25.713 25.241 25.816 27.171 27.383 27.291 27.656 27.157 27.071 27.983 28.067 28.389 29.002
11.505 9.989 8.445 7.993 5.703 5.068 4.192 2.832 0.986 0.000 1.800 3.862 5.227 6.415 6.723 8.100 10.046 11.449 12.258 13.458 15.520 16.031 17.450 18.974 20.280 20.669 21.779 22.286 23.093 23.543 24.011 24.454 24.888 25.416 25.434 26.114 26.530 26.449 26.916 26.905 26.814 26.745 26.597 25.848 25.299 25.854 25.402 24.009 23.787 24.536 23.690 21.882 22.033 22.753 21.469 19.857 20.350 21.172 19.693 18.447 19.850 19.960 18.266 20.184 19.444 22.012 21.975 19.544 21.643 23.641 22.834 22.449 24.424 25.658 25.452 25.733 27.041 27.350 27.339 27.669 27.100 27.380 27.678 28.175 28.366 28.911
14.379 13.606 12.013 11.492 9.902 7.645 6.669 6.562 4.103 1.197 0.000 1.984 4.514 5.958 5.591 6.235 9.134 10.740 9.999 11.240 13.898 14.698 14.852 16.611 18.673 18.990 19.779 20.981 21.880 21.638 22.438 23.447 23.818 23.750 24.046 24.754 24.874 24.784 25.312 25.620 25.421 25.372 24.885 24.361 23.853 23.609 23.817 22.553 21.804 22.243 21.774 20.063 19.693 20.830 19.876 17.874 18.384 19.251 18.036 16.915 18.226 18.669 16.764 18.320 17.365 19.928 19.907 17.941 19.376 21.601 21.247 21.007 22.736 24.319 24.495 24.905 26.129 26.585 26.768 26.938 26.643 26.197 27.122 27.309 27.743 28.413
18.898 18.432 16.140 14.908 12.957 12.453 9.787 7.803 6.394 4.784 1.156 0.000 1.659 4.156 4.710 4.495 4.847 7.977 8.447 7.466 9.846 11.803 13.080 13.237 15.607 17.055 18.364 18.211 19.230 19.691 20.225 19.932 20.500 20.606 20.529 21.238 21.514 21.559 22.508 22.770 23.054 23.216 23.156 21.749 21.529 22.167 22.484 20.962 20.754 21.810 21.185 20.194 20.210 21.217 20.349 19.122 19.760 20.853 19.407 17.939 19.053 19.013 16.988 18.833 17.913 20.060 20.207 17.846 19.359 21.729 21.140 20.590 22.213 24.027 23.758 23.858 25.220 25.850 25.998 26.074 25.673 25.591 26.299 26.865 27.467 28.088
19.744 18.605 16.661 15.090 13.328 12.865 10.593 8.112 7.906 6.645 3.711 0.721 0.000 1.042 2.471 3.014 3.067 3.902 5.066 5.633 5.956 6.714 7.848 9.177 9.677 10.172 11.992 12.633 13.097 14.100 14.740 14.729 15.309 15.883 15.861 16.519 17.463 17.637 19.237 19.479 20.085 20.008 19.879 18.337 17.259 18.041 18.063 16.003 15.471 17.083 15.730 14.149 14.493 16.102 14.801 13.115 14.738 15.768 14.979 14.181 15.971 17.024 14.829 16.595 15.099 17.699 18.436 16.401 17.252 19.944 20.486 19.705 20.908 23.063 23.962 23.284 24.977 25.600 26.159 26.025 25.657 25.638 26.098 26.481 27.159 27.797
19.512 18.321 16.339 15.055 14.088 13.090 10.984 9.322 8.451 6.838 4.712 2.533 0.645 0.000 0.866 2.286 2.849 2.991 2.966 4.285 5.047 5.114 6.052 7.163 8.675 8.309 9.858 10.269 11.204 11.631 12.233 12.461 12.986 13.528 13.839 14.079 14.881 15.633 16.738 17.255 17.919 18.212 17.938 15.732 15.448 16.038 15.462 13.804 13.239 14.499 13.193 11.611 12.402 13.370 12.421 11.312 12.746 13.942 13.336 12.838 14.285 15.615 13.859 15.669 14.210 16.794 17.831 15.268 16.866 19.632 19.887 19.038 20.634 22.848 23.436 22.681 24.743 25.203 25.649 25.731 25.221 25.108 25.595 26.151 26.792 27.560
19.659 18.561 16.379 15.163 14.228 13.017 10.547 9.155 8.347 6.987 4.857 2.889 2.603 0.655 0.000 0.936 1.973 2.573 2.930 3.239 4.486 4.541 5.032 6.306 7.116 7.221 9.008 9.158 10.472 11.470 13.289 11.688 11.759 12.893 12.942 12.669 13.566 14.421 15.650 16.445 16.785 17.118 16.769 15.474 15.139 15.412 14.555 13.653 12.592 13.510 12.915 10.896 11.593 13.106 12.360 10.605 12.314 13.956 13.262 12.319 13.991 14.910 13.220 15.309 13.728 16.577 17.508 14.713 16.306 19.529 19.829 19.104 20.649 23.205 23.590 23.065 24.684 25.739 26.051 26.108 25.578 25.416 26.136 26.519 26.852 27.361
19.905 19.116 17.347 16.114 14.532 13.547 11.325 9.411 9.202 7.322 5.963 3.542 3.367 2.180 0.638 0.000 0.894 2.192 2.923 2.880 2.526 4.494 5.236 4.372 5.078 6.281 7.031 7.119 8.461 10.295 11.058 10.406 11.137 11.446 12.190 12.088 13.004 14.053 15.373 15.977 16.330 16.479 16.497 15.091 14.560 15.452 15.570 14.023 13.282 15.294 14.779 12.747 13.303 14.878 13.997 12.027 13.816 15.217 13.992 13.037 14.576 15.410 13.748 15.486 14.379 16.926 17.670 15.192 16.609 19.629 19.582 18.866 20.193 22.903 23.349 22.667 24.278 24.990 25.311 24.895 24.712 24.416 25.112 25.729 26.424 27.351
20.313 19.361 17.717 16.345 15.244 14.557 11.707 10.423 10.197 8.764 6.534 4.260 3.692 3.059 2.220 0.562 0.000 0.615 1.052 1.467 1.281 1.521 2.122 2.582 2.543 2.931 3.831 3.737 4.200 4.369 5.235 5.380 6.013 6.123 6.819 7.570 8.169 9.250 11.023 11.263 12.097 12.295 12.292 10.764 10.511 11.273 10.761 9.545 9.531 11.019 10.203 8.761 9.959 11.528 10.687 9.167 11.101 12.376 12.232 11.528 13.225 14.607 12.643 14.622 12.980 15.739 16.294 14.140 15.724 18.393 18.749 18.301 19.319 21.567 23.244 22.417 23.834 24.541 25.569 25.240 25.031 24.174 25.125 25.377 26.277 27.263
20.417 19.778 18.088 16.585 15.888 14.983 11.995 11.323 10.785 8.960 7.583 5.260 3.991 3.382 2.338 1.068 0.531 0.000 0.558 0.888 1.039 1.078 1.173 1.781 1.915 1.985 2.382 2.931 3.048 3.186 3.739 4.070 4.349 4.664 5.115 5.870 6.555 7.215 8.928 9.813 10.745 11.260 11.165 9.642 9.928 10.423 9.726 8.630 8.602 9.760 9.168 7.842 9.117 10.493 9.756 8.662 10.290 11.777 11.801 11.255 12.580 14.015 12.419 14.084 12.821 15.649 16.350 14.286 15.495 18.603 19.217 18.387 19.792 22.278 23.009 22.123 24.028 24.787 25.106 24.976 24.588 24.590 25.150 25.772 26.193 26.877
20.553 19.652 17.812 16.726 16.130 14.869 11.774 11.395 10.956 9.235 7.690 5.413 4.672 3.338 2.219 1.461 0.843 0.533 0.000 0.564 0.810 1.003 1.066 1.226 1.501 1.667 1.797 2.042 2.427 2.559 2.731 3.184 3.532 3.791 4.262 4.853 5.808 6.491 8.300 9.152 10.026 10.445 10.399 9.004 9.162 9.720 9.310 8.021 7.959 9.470 8.981 7.323 8.526 10.599 9.682 8.308 9.995 11.541 11.429 10.881 12.419 13.712 11.999 13.868 12.385 14.932 15.805 13.224 14.774 17.830 18.179 17.540 19.311 21.162 22.593 22.110 23.436 24.308 24.691 24.562 24.053 23.842 24.536 25.173 25.697 26.258
21.212 20.021 18.306 16.980 16.171 15.433 12.412 11.364 11.117 9.583 8.079 5.823 4.875 4.271 2.973 1.594 1.208 0.806 0.511 0.000 0.549 0.736 0.898 0.864 1.120 1.261 1.528 1.592 1.910 2.138 2.408 2.669 2.996 3.351 3.652 4.348 5.118 6.130 8.091 9.037 9.804 10.247 10.161 8.818 9.008 9.592 9.033 7.853 7.674 9.475 8.769 7.327 8.563 10.649 9.711 8.335 9.853 11.555 11.534 10.852 12.212 13.437 12.014 13.381 12.246 14.843 15.782 13.790 14.956 18.167 17.891 18.076 19.632 21.825 22.005 22.300 23.723 24.454 24.971 24.470 24.382 23.851 24.461 24.556 25.488 26.686
20.776 19.858 18.335 16.876 16.405 15.577 12.718 11.764 11.436 9.495 8.008 6.095 4.974 4.065 3.361 1.670 1.280 0.966 0.735 0.509 0.000 0.558 0.709 0.795 0.820 1.079 1.282 1.437 1.634 1.879 2.254 2.515 2.766 3.161 3.620 4.023 4.997 5.998 7.906 8.960 9.792 10.429 10.302 8.932 8.987 9.973 9.410 8.090 8.035 9.695 8.950 7.565 9.013 10.570 9.753 8.666 10.249 11.723 11.862 11.557 12.685 13.819 12.402 13.912 12.704 15.245 15.982 13.940 15.163 18.067 18.146 17.584 19.420 21.023 22.509 22.019 23.212 23.848 24.749 24.559 24.654 24.219 24.711 25.126 25.552 26.670
20.632 19.988 18.551 16.957 16.220 15.348 12.379 11.730 11.524 9.365 7.791 5.849 5.182 4.375 3.062 1.966 1.248 1.058 0.910 0.726 0.525 0.000 0.527 0.709 0.835 0.866 1.015 1.299 1.521 1.611 1.899 2.369 2.574 2.728 3.078 3.678 4.432 5.429 7.418 8.639 9.546 10.075 10.019 8.772 9.106 9.803 9.082 7.785 7.712 9.117 8.662 7.146 8.601 10.153 9.298 8.454 10.152 11.710 11.362 11.111 12.589 13.645 12.514 13.971 12.958 15.533 16.233 14.157 15.153 18.462 18.653 18.014 19.529 21.516 22.990 21.954 23.348 24.325 24.967 24.544 24.086 23.786 24.735 25.017 25.537 26.456
21.153 20.106 18.386 16.975 16.452 15.476 12.633 11.825 11.572 9.887 8.288 6.020 5.424 4.732 3.335 2.161 1.649 1.181 0.904 0.844 0.690 0.519 0.000 0.551 0.701 0.810 0.866 1.031 1.297 1.583 1.615 1.911 2.288 2.528 2.866 3.452 4.230 5.152 7.364 8.390 9.324 9.764 9.646 8.674 8.785 9.551 9.234 7.581 7.565 9.394 8.689 7.271 8.448 10.278 9.393 8.152 9.759 11.196 11.074 10.783 12.097 13.155 11.986 13.469 12.329 14.963 15.924 14.078 14.994 18.397 18.248 17.346 19.273 21.123 22.246 21.263 22.864 23.736 24.158 24.201 23.632 23.713 24.157 24.737 25.342 25.974
21.441 20.203 18.700 17.096 16.679 15.980 12.836 11.959 11.848 9.731 8.398 5.997 5.126 4.693 3.865 2.304 1.873 1.545 1.193 1.069 0.860 0.711 0.505 0.000 0.530 0.678 0.784 0.804 1.009 1.170 1.433 1.593 1.969 2.254 2.587 3.242 3.977 5.058 7.081 8.319 9.372 9.879 9.944 8.586 8.732 9.768 9.048 7.625 7.623 9.353 8.667 7.314 8.559 10.323 9.659 8.400 9.984 11.542 11.810 11.009 12.297 13.325 12.278 13.475 12.705 14.965 15.578 13.934 15.156 17.814 18.095 18.006 18.971 20.986 21.980 21.400 23.137 23.940 24.567 24.054 24.133 23.490 24.321 24.526 25.461 26.639
21.488 20.441 18.872 17.385 16.940 15.923 13.159 12.477 12.117 9.899 8.303 6.536 5.635 4.687 3.876 2.668 1.926 1.789 1.434 1.073 0.963 0.905 0.655 0.508 0.000 0.516 0.686 0.776 0.838 1.046 1.231 1.468 1.885 2.188 2.735 3.175 3.978 5.027 6.855 8.244 9.322 10.170 10.123 8.717 8.869 10.134 9.494 7.645 7.858 9.318 8.696 7.310 8.861 10.193 9.590 8.683 10.151 11.717 11.964 11.455 12.290 13.645 12.733 14.207 12.933 15.530 16.424 14.439 15.074 18.688 18.603 17.949 19.835 21.411 22.062 21.636 23.266 23.757 24.166 24.060 24.401 24.081 24.325 24.937 25.507 26.555
21.548 20.459 18.814 17.508 16.881 15.812 13.067 12.521 12.205 9.939 8.456 6.539 5.661 4.979 3.743 2.567 2.123 1.888 1.659 1.301 0.981 0.950 0.744 0.638 0.505 0.000 0.512 0.641 0.835 0.914 0.925 1.332 1.696 1.989 2.353 3.082 3.892 4.822 6.748 8.228 9.344 10.102 9.734 8.737 8.965 9.660 9.146 7.414 7.747 9.076 8.450 7.059 8.741 10.135 9.322 8.411 10.324 11.978 11.599 11.363 12.652 13.732 12.766 14.012 12.817 15.559 16.304 14.589 15.310 18.675 18.681 17.838 19.444 21.529 22.256 21.937 23.656 23.906 24.539 24.330 24.192 24.001 24.461 24.613 25.308 25.983
21.672 20.515 18.816 17.309 16.892 15.813 12.931 12.442 11.995 10.107 8.733 6.600 5.934 5.130 4.048 2.525 2.221 1.830 1.617 1.504 1.148 0.982 0.780 0.759 0.613 0.509 0.000 0.520 0.649 0.861 0.841 0.995 1.332 1.737 1.970 2.582 3.335 4.174 6.421 7.994 9.022 9.575 9.436 8.380 8.510 9.502 9.080 7.477 7.355 9.221 8.536 6.902 8.450 10.017 9.411 8.391 9.709 11.212 11.323 10.974 12.000 13.228 12.408 13.724 12.542 15.132 15.843 14.089 14.613 18.309 18.599 18.168 19.174 21.503 22.457 21.654 23.229 24.388 24.574 24.279 24.203 23.900 24.083 24.855 25.042 26.132
21.986 20.698 19.039 17.784 17.325 16.313 13.222 12.805 12.552 10.224 8.997 6.868 6.049 5.410 4.586 3.091 2.526 2.267 1.960 1.587 1.384 1.335 0.993 0.848 0.772 0.653 0.498 0.000 0.520 0.689 0.806 0.847 1.180 1.452 1.831 2.505 3.402 4.377 6.294 7.985 9.213 10.058 9.836 8.495 8.656 9.775 8.976 7.404 7.456 8.915 8.342 7.083 8.261 10.104 9.337 8.292 10.100 11.667 11.799 11.290 12.348 13.445 12.421 13.925 12.982 15.518 16.088 14.274 15.021 18.319 18.323 18.549 19.282 20.744 22.626 22.018 23.461 23.884 24.833 24.585 24.704 23.818 24.666 24.732 25.609 26.558
22.062 21.064 19.254 17.843 17.395 16.402 13.584 13.292 12.811 10.675 9.212 7.206 6.259 5.672 4.984 3.385 3.131 2.626 2.308 1.961 1.626 1.677 1.333 1.024 0.859 0.848 0.644 0.515 0.000 0.541 0.725 0.890 0.967 1.351 1.786 2.508 3.457 4.747 6.275 8.011 9.243 10.076 10.102 8.383 8.858 9.711 9.044 7.411 7.546 8.760 8.451 7.265 8.615 10.238 9.608 8.667 10.177 11.861 11.784 11.414 12.470 13.859 12.849 14.368 13.205 15.984 16.859 14.958 15.152 19.140 19.062 18.032 19.882 21.844 22.195 22.134 24.128 24.305 24.367 24.384 24.469 24.094 24.192 24.855 25.740 26.191
21.875 20.741 18.936 17.709 17.191 16.182 13.086 13.142 12.764 10.137 9.442 7.345 6.484 5.673 4.885 3.731 3.102 2.768 2.367 2.144 1.872 1.746 1.696 1.316 1.127 0.957 0.867 0.736 0.544 0.000 0.526 0.743 1.057 1.139 1.358 2.252 3.094 4.149 6.020 7.581 8.914 9.551 9.446 8.043 8.354 9.071 9.022 7.093 7.565 9.299 8.342 7.185 8.968 10.803 9.450 8.719 10.460 11.919 11.540 11.306 12.454 13.952 12.784 14.261 12.920 15.347 16.368 14.869 15.392 18.640 19.039 18.458 19.505 21.876 22.479 22.030 23.548 24.674 24.841 24.795 24.510 23.739 24.427 24.513 25.259 26.117
22.036 20.775 18.873 17.610 17.258 16.175 13.157 13.151 12.668 10.379 9.619 7.452 7.013 5.926 4.965 3.676 3.442 2.964 2.595 2.366 2.126 1.968 1.615 1.515 1.269 1.051 0.870 0.864 0.732 0.520 0.000 0.565 0.870 1.057 1.333 1.891 3.097 3.934 5.885 7.655 8.803 9.640 9.583 8.084 8.571 9.494 9.096 7.545 7.582 9.091 8.615 7.246 8.385 10.104 9.421 8.373 10.084 11.740 11.506 11.327 12.449 13.685 12.612 14.145 12.943 15.475 16.419 14.362 15.106 18.451 18.484 17.967 19.507 21.601 22.527 22.058 23.931 24.899 25.054 24.921 24.904 23.820 24.778 24.710 25.391 26.369
22.556 21.375 19.696 18.291 18.020 17.035 14.086 13.825 13.460 11.333 10.260 8.052 7.457 6.918 5.949 4.563 4.201 4.044 3.295 3.021 2.723 2.596 2.157 1.920 1.684 1.571 1.172 1.014 0.944 0.840 0.509 0.000 0.583 0.890 1.159 1.583 2.454 4.017 6.083 7.912 9.170 9.908 10.040 8.479 8.994 9.811 9.249 7.648 7.944 9.725 8.764 7.512 8.968 10.806 10.087 9.058 10.849 12.360 12.336 11.971 13.110 14.535 13.406 14.620 13.644 16.081 16.844 15.140 15.557 18.897 19.058 18.126 19.269 21.588 22.537 22.510 23.742 24.407 24.832 24.694 24.800 24.552 24.469 25.145 26.069 26.233
22.379 21.562 19.670 18.446 18.020 16.877 13.904 13.988 13.461 11.243 10.513 8.433 7.761 6.938 6.335 4.859 4.347 3.997 3.914 3.439 3.040 2.835 2.685 2.257 1.897 1.838 1.669 1.215 1.001 1.149 0.784 0.543 0.000 0.631 1.068 1.670 2.379 3.645 5.749 7.621 8.961 9.906 10.222 8.562 9.149 9.922 9.798 7.723 8.103 9.684 9.170 7.888 9.054 11.137 10.052 9.303 10.895 12.779 12.265 12.007 13.522 15.013 13.562 15.049 13.856 16.477 17.357 15.637 16.109 19.384 19.647 18.488 19.636 21.987 22.911 21.873 23.646 24.659 25.016 24.868 24.410 24.139 24.841 24.971 25.349 26.409
22.901 21.839 20.029 18.868 18.648 17.465 14.596 14.653 14.447 12.097 11.584 9.540 9.094 8.069 7.510 6.496 5.784 5.190 5.035 4.847 4.027 3.860 3.545 3.097 2.762 2.294 2.608 1.870 1.390 1.556 1.241 0.984 0.568 0.000 0.697 1.586 2.632 3.578 5.700 7.302 8.621 9.789 9.994 8.309 9.190 10.392 9.469 7.848 8.632 10.997 9.935 8.729 10.160 12.316 10.861 9.934 11.870 13.385 13.034 13.000 14.483 15.769 14.416 15.905 14.238 16.395 17.671 15.953 16.488 19.467 19.663 18.665 19.984 22.285 22.829 22.066 23.947 24.945 25.136 24.809 24.463 24.300 24.478 24.934 25.648 26.229
23.328 22.400 20.622 19.580 19.566 18.224 15.508 15.875 15.580 13.565 12.896 11.161 10.706 10.151 9.093 8.301 7.924 7.228 6.618 6.516 6.131 5.717 4.984 4.392 4.088 3.486 3.234 2.883 2.521 2.044 1.753 1.661 1.284 0.594 0.000 0.838 1.843 3.045 5.306 7.440 8.786 9.788 9.847 8.607 9.192 10.322 9.604 8.024 8.718 10.386 9.616 8.723 10.058 11.781 10.803 10.108 12.032 13.644 13.243 13.345 14.758 16.153 14.947 16.110 14.853 17.063 17.992 16.320 16.498 19.198 19.787 18.657 19.996 21.784 22.962 21.971 24.195 24.761 25.284 24.933 24.711 24.634 24.504 24.835 25.425 26.275
23.744 22.842 21.908 20.529 20.363 19.187 17.186 17.076 16.992 15.351 14.321 12.778 12.434 11.895 11.438 9.833 9.835 9.660 8.661 7.993 7.634 7.569 6.839 6.186 5.609 5.383 4.430 3.931 3.680 3.350 2.366 2.220 2.025 1.469 0.630 0.000 0.990 2.568 4.925 7.106 8.223 9.583 10.045 8.376 9.459 10.759 10.334 8.763 9.796 11.533 11.237 10.005 11.429 12.957 12.482 11.445 13.526 15.089 14.759 14.981 16.134 17.415 16.203 17.037 15.979 17.788 18.501 17.044 17.190 20.152 20.068 19.123 19.844 22.265 23.101 22.011 23.916 24.898 24.998 24.495 24.017 24.231 24.015 25.095 25.241 26.210
24.927 24.173 23.271 22.501 22.355 21.228 19.947 20.008 19.784 18.470 17.537 16.422 15.671 14.969 14.372 13.292 12.919 12.224 12.029 11.358 10.326 10.352 10.198 8.889 8.357 7.807 7.866 6.180 5.248 5.534 4.224 3.147 2.940 2.976 2.099 0.836 0.001 1.299 3.675 6.583 7.852 9.466 10.399 9.295 10.578 12.172 11.575 10.344 11.993 13.880 13.170 12.944 13.561 15.810 15.050 14.235 16.125 17.785 17.443 17.390 19.048 19.758 18.626 19.595 18.318 19.685 20.519 19.007 18.959 21.542 21.621 20.708 21.352 23.416 23.758 23.083 24.586 25.515 25.912 25.580 24.901 24.504 24.795 25.269 25.405 26.271
27.713 27.475 26.974 26.771 27.084 26.557 25.854 26.275 26.174 25.742 25.663 25.258 25.090 24.165 23.569 22.992 23.072 21.963 21.799 21.573 21.124 19.726 19.237 18.743 17.323 15.681 14.921 13.524 11.416 11.020 10.166 8.801 6.137 5.711 5.757 3.347 1.087 0.000 1.795 4.923 7.094 10.266 12.575 11.676 14.438 17.573 16.495 16.777 19.300 21.261 20.530 20.884 22.069 23.227 22.773 22.603 24.214 24.885 24.996 24.773 25.739 26.526 25.608 25.976 25.172 26.084 26.025 25.182 24.815 26.140 25.953 25.242 25.294 26.185 26.550 25.725 26.665 27.194 27.412 26.984 26.554 26.190 26.216 26.370 26.478 27.389
28.741 28.298 28.207 28.011 27.731 27.824 27.444 27.185 27.353 27.316 26.623 26.372 26.631 26.112 25.530 25.178 25.253 24.454 24.278 23.856 23.468 22.577 21.676 20.668 20.206 18.816 17.333 16.671 15.625 13.551 11.636 11.503 10.060 7.536 7.230 7.092 4.163 1.453 0.001 2.097 4.406 6.948 9.130 9.339 12.551 14.123 13.826 15.090 17.321 18.801 19.232 20.087 21.194 22.730 23.006 23.290 24.283 24.792 25.253 25.532 26.060 26.426 25.902 26.014 25.457 25.612 25.918 25.384 25.219 25.431 25.874 25.425 25.219 25.761 26.149 25.654 26.149 26.651 27.092 26.473 26.135 25.858 25.945 26.079 25.817 26.674
29.266 29.016 28.912 28.686 28.761 28.702 28.619 28.394 28.457 28.470 28.143 27.919 27.876 27.787 27.549 27.138 27.143 26.751 26.546 25.893 26.045 25.618 24.333 23.589 23.654 22.561 20.560 20.158 19.496 17.982 14.469 15.396 13.961 11.060 9.948 9.462 7.408 4.494 1.663 0.000 1.748 4.629 6.993 8.753 11.373 12.690 13.648 15.711 17.273 18.027 20.051 21.236 22.279 23.435 24.343 25.087 25.757 26.382 26.837 27.064 27.558 27.776 27.269 27.112 26.668 26.520 26.468 26.533 26.066 26.130 26.370 26.223 25.705 26.039 26.574 26.221 26.405 26.707 27.282 26.987 26.705 26.273 26.347 26.783 26.562 27.128
28.858 28.352 28.274 27.908 27.900 27.816 27.414 27.459 27.557 27.372 26.956 26.571 26.645 26.481 25.762 25.245 25.394 25.014 24.129 23.423 23.698 22.770 21.004 20.888 20.971 19.508 17.161 17.602 17.689 15.629 12.679 14.101 13.107 10.517 9.993 10.050 8.495 6.231 4.278 1.350 0.000 1.941 3.903 6.432 8.007 8.709 10.508 12.311 12.685 13.612 15.361 17.012 17.828 19.644 20.852 21.718 22.458 23.511 24.492 24.715 24.882 25.504 24.967 24.641 24.135 23.872 24.271 23.921 23.493 24.193 24.580 24.272 24.203 25.062 25.483 25.143 25.608 25.977 26.512 26.277 25.985 25.549 25.913 26.220 26.225 26.922
27.788 27.377 26.677 26.305 26.624 26.299 25.504 25.952 26.071 25.368 25.189 24.734 24.514 24.251 23.292 22.896 22.917 22.377 21.231 20.806 21.306 20.086 17.698 18.448 19.297 17.820 15.098 16.616 17.197 14.520 12.354 15.060 14.579 11.794 11.720 13.163 11.710 8.861 6.580 4.297 1.438 0.001 1.562 4.490 5.572 5.704 6.787 8.309 9.179 9.657 11.231 12.748 13.432 14.958 16.119 17.283 18.324 19.331 20.724 21.094 21.906 22.514 21.889 22.045 20.660 21.179 21.980 21.330 20.871 22.660 23.027 22.436 23.136 24.187 24.580 24.078 25.272 25.692 26.085 26.056 25.663 25.430 25.800 26.272 25.988 27.077
26.204 25.476 24.662 24.332 24.565 24.280 22.701 23.779 24.072 22.985 23.176 22.536 22.303 21.620 20.227 19.744 19.713 18.384 16.968 17.037 16.790 14.640 13.470 14.142 13.637 11.355 10.594 11.464 11.140 9.161 9.041 10.431 10.216 8.988 9.725 10.987 10.618 8.935 7.907 6.303 3.964 1.371 0.000 1.534 3.632 4.750 4.629 3.832 6.913 7.693 7.298 8.409 10.565 11.459 10.667 12.774 14.878 16.295 17.094 17.915 19.348 20.613 20.331 20.608 19.227 20.557 21.465 20.258 19.951 22.507 22.592 21.647 22.421 24.134 24.094 23.398 25.121 25.261 25.535 25.498 25.042 24.478 25.033 25.448 25.561 26.608
24.603 23.397 22.307 21.161 21.318 20.874 18.844 19.289 19.586 18.543 18.387 17.281 17.536 16.835 15.282 14.537 15.000 14.119 12.302 12.453 13.107 11.351 9.901 10.707 10.969 9.356 8.873 9.762 9.781 8.379 8.273 9.964 10.310 8.882 9.797 11.255 11.080 9.500 8.940 7.357 5.513 3.348 0.916 0.001 1.011 2.363 3.010 2.675 3.061 4.382 4.569 4.911 5.846 6.785 6.668 8.273 9.445 10.815 11.310 11.968 13.186 14.719 14.839 15.771 14.957 16.813 18.495 16.867 17.425 20.023 20.326 19.581 20.330 22.222 22.623 22.089 23.309 23.794 24.346 24.656 24.283 23.721 24.634 24.773 25.304 26.526
24.771 23.459 22.392 21.325 21.334 21.301 19.397 19.749 20.430 19.056 18.877 17.704 17.821 17.489 15.587 14.757 15.689 14.618 12.807 13.090 13.964 12.412 10.746 11.298 12.197 10.545 8.993 10.500 11.230 8.978 8.645 10.637 10.858 9.280 9.601 11.414 10.911 9.282 9.203 7.631 6.340 4.673 2.385 0.634 0.000 0.898 1.930 2.315 2.248 2.239 3.877 4.303 3.942 5.286 5.862 7.058 7.843 9.319 10.175 10.825 11.664 12.977 13.106 14.022 13.676 15.896 17.158 16.066 16.886 19.942 19.884 19.460 20.095 22.223 22.851 22.514 23.674 24.577 24.941 25.021 24.588 23.883 24.820 25.106 25.402 26.671
23.766 22.315 21.000 20.142 20.003 19.524 17.411 18.310 18.606 17.291 17.384 16.044 16.362 15.956 13.597 13.251 14.477 12.944 10.475 11.556 12.627 10.418 8.674 10.488 10.842 8.934 8.276 9.662 9.618 7.979 7.842 9.640 9.800 8.698 9.246 10.920 10.941 9.274 9.489 8.358 6.626 4.828 3.120 1.933 0.552 0.000 0.587 0.857 1.307 1.090 1.398 1.788 2.078 2.420 2.561 3.401 4.188 5.542 6.402 7.248 8.817 11.158 11.487 13.472 13.058 15.550 16.715 15.174 16.124 19.211 19.661 18.886 19.535 22.038 22.467 21.724 22.547 24.214 24.184 24.176 23.983 23.985 24.275 24.741 25.219 26.246
23.251 21.967 20.887 19.710 19.572 18.945 16.929 17.515 17.643 16.321 16.356 15.126 15.614 14.772 12.629 12.323 13.276 11.987 9.699 11.147 11.874 9.856 8.331 10.137 10.040 8.392 7.939 9.334 9.097 7.930 7.961 9.367 9.812 8.958 9.635 11.351 10.997 9.543 9.694 8.196 6.890 5.075 2.940 2.066 0.895 0.533 0.000 0.545 0.806 1.029 1.004 1.123 1.594 1.929 1.986 2.600 3.883 4.948 5.908 6.672 8.331 10.506 10.956 13.092 12.663 15.387 16.979 15.096 15.819 19.193 19.199 18.208 19.246 22.126 22.000 21.508 22.864 23.298 23.945 24.075 23.740 23.685 24.236 24.696 25.081 26.168
23.217 21.956 20.792 19.555 19.265 18.563 16.564 16.934 17.079 15.460 15.598 14.390 14.746 14.130 12.159 11.821 13.141 11.668 9.554 10.405 11.229 9.771 8.034 9.726 9.953 8.172 7.817 9.379 9.553 7.681 8.150 9.946 9.984 8.891 9.916 11.540 11.080 9.567 9.585 8.189 6.779 4.824 3.134 2.099 1.247 0.761 0.537 0.000 0.542 0.758 0.980 1.093 1.209 1.707 1.847 2.155 3.315 4.758 5.458 6.462 7.871 10.020 10.930 13.214 12.707 15.607 16.840 15.265 16.020 18.842 19.013 18.598 19.227 21.588 21.980 21.640 22.857 23.757 23.948 24.268 23.936 23.390 24.381 24.768 25.409 26.344
23.209 21.954 20.786 19.804 19.512 18.911 16.748 17.283 17.441 15.847 16.001 14.728 15.266 14.640 12.350 12.096 13.302 12.020 9.753 10.673 11.781 10.197 8.091 9.827 10.412 8.817 8.158 9.581 9.841 8.204 8.200 9.998 9.916 8.921 9.705 11.593 11.166 9.653 9.601 8.117 6.943 5.215 3.495 2.322 1.212 1.157 0.839 0.515 0.000 0.580 0.789 0.970 1.058 1.316 1.587 1.932 2.729 4.532 5.354 6.046 7.492 9.864 10.735 13.061 12.317 15.264 16.443 15.223 15.692 18.719 19.370 19.134 19.401 21.494 22.455 21.821 22.909 24.269 24.244 24.381 23.652 23.713 24.490 25.005 25.633 26.506
23.399 22.281 20.801 19.748 19.529 18.875 16.874 17.623 17.730 16.366 16.257 14.959 15.614 14.741 12.743 12.391 13.736 12.013 9.861 11.209 12.152 9.889 8.285 10.126 10.446 8.483 8.028 9.834 9.735 8.079 8.339 10.392 10.363 9.203 10.119 12.106 11.871 10.192 9.945 8.427 7.163 5.420 3.613 2.744 1.473 1.091 1.060 0.763 0.513 0.000 0.541 0.759 0.880 1.080 1.298 1.879 2.812 4.446 5.810 6.200 7.819 9.938 10.967 13.222 12.787 15.142 16.608 15.333 16.276 19.204 19.258 19.339 19.724 22.118 22.591 22.374 23.390 23.977 24.543 24.499 24.184 23.993 24.436 25.032 25.550 26.693
22.834 21.738 20.482 19.263 19.040 18.433 16.549 17.096 17.388 15.934 16.035 14.900 15.244 14.735 12.512 12.135 13.216 11.967 9.607 10.990 11.497 9.550 8.018 9.809 9.826 8.071 7.773 9.653 9.457 7.950 8.475 10.413 10.396 9.257 10.226 12.195 11.687 9.981 9.962 8.061 6.667 5.081 3.466 2.560 1.649 1.178 1.028 0.862 0.692 0.519 0.000 0.532 0.766 1.094 1.155 1.428 2.734 4.138 5.312 6.254 7.836 9.911 10.999 13.145 12.826 15.524 16.879 15.276 16.271 19.650 19.312 18.521 19.750 22.025 22.003 21.709 23.311 23.964 24.046 24.146 23.699 23.641 24.262 24.736 25.491 26.339
22.848 21.881 20.404 19.427 19.121 18.516 16.592 17.154 17.215 15.636 15.914 14.731 15.258 14.459 12.600 12.048 13.178 12.128 9.571 10.540 11.768 9.396 7.885 9.721 10.093 8.258 7.870 9.576 9.667 7.690 8.101 10.116 9.950 8.861 9.882 11.559 11.147 9.736 9.761 8.061 6.760 5.131 3.980 3.113 2.153 1.560 1.147 1.052 1.040 0.750 0.538 0.000 0.595 0.949 1.193 1.577 2.349 4.368 5.351 6.029 7.790 9.979 10.655 12.894 12.464 15.332 16.188 15.055 15.646 18.954 19.126 18.398 19.445 21.549 21.913 21.381 22.904 23.615 23.654 24.173 23.632 23.455 24.421 25.035 25.560 26.475
23.228 22.015 20.753 19.790 19.707 19.046 16.830 17.458 17.977 16.288 16.429 14.837 15.576 14.937 12.765 12.635 13.723 12.465 9.982 10.876 11.902 9.845 8.345 9.850 10.059 8.451 8.195 9.470 9.593 7.957 8.316 10.487 10.370 9.412 9.957 12.080 11.933 10.183 10.423 8.895 7.478 5.701 4.485 3.634 2.527 2.102 1.779 1.363 1.242 1.157 0.945 0.532 0.000 0.683 1.004 1.436 2.030 3.914 5.557 6.035 7.654 10.170 10.835 12.802 12.231 14.446 16.301 14.813 16.304 18.501 18.980 18.593 20.261 21.888 21.932 21.946 23.260 23.714 23.680 24.089 23.309 23.640 24.382 25.110 25.616 26.349
23.088 21.932 20.766 19.658 19.554 18.904 17.091 17.697 17.976 16.581 16.566 15.337 15.907 15.264 13.027 12.890 14.092 12.616 10.053 11.822 12.448 10.096 8.499 10.716 10.966 8.897 8.458 10.542 10.381 8.761 9.225 11.262 11.416 10.100 10.787 12.977 12.593 10.776 11.137 9.373 8.018 6.269 4.878 3.951 3.164 2.515 2.372 2.031 1.487 1.194 1.283 0.925 0.553 0.000 0.642 1.285 2.236 3.478 4.807 6.106 7.775 9.788 10.696 12.791 12.538 14.929 16.201 15.165 16.029 18.762 19.262 19.183 20.025 21.785 22.147 22.163 23.295 23.665 24.130 24.223 24.040 23.357 24.484 24.935 25.644 26.490
22.680 21.573 20.519 19.198 19.147 18.714 16.830 17.268 17.684 16.306 16.475 15.249 15.702 15.095 12.772 12.601 13.716 12.553 9.864 11.057 12.042 9.852 8.390 10.217 10.770 8.740 8.477 10.457 10.788 8.856 9.181 11.277 11.503 10.177 10.635 12.919 12.355 10.720 11.041 9.123 7.948 6.148 5.092 3.916 3.061 2.877 2.535 2.386 1.820 1.380 1.303 1.276 1.046 0.585 0.000 0.656 1.894 3.417 4.273 5.107 7.537 9.540 10.426 12.670 12.556 15.434 17.090 15.602 16.668 19.635 19.873 18.998 20.285 22.151 22.365 22.105 23.702 24.405 24.114 24.248 23.853 23.785 24.779 25.272 25.849 26.596
22.947 21.918 20.472 19.571 19.426 18.669 16.958 17.519 17.722 16.319 16.526 15.397 16.090 15.590 13.468 13.189 14.438 13.189 10.173 11.908 12.977 10.534 8.889 11.166 11.758 9.466 9.047 11.519 11.505 9.390 9.996 12.127 12.397 10.798 11.853 13.616 13.104 11.876 12.122 10.544 9.369 8.119 7.057 6.068 4.933 4.718 3.804 3.634 3.389 2.573 1.949 1.948 2.040 1.615 0.669 0.000 1.015 2.937 3.738 4.482 6.237 8.982 9.878 12.244 11.927 14.935 16.239 15.044 15.852 18.808 19.097 18.638 19.836 21.835 22.373 22.054 23.326 23.954 24.157 24.333 23.427 23.695 24.587 25.336 25.778 26.699
23.658 22.566 21.398 20.325 20.484 20.104 18.407 19.230 20.154 19.142 19.072 18.005 18.898 18.174 16.022 15.734 16.630 15.422 12.215 13.853 14.432 11.949 10.085 12.662 12.754 10.496 10.320 12.671 12.366 11.240 11.684 13.440 13.681 12.357 13.552 15.401 15.425 14.423 15.182 14.392 13.919 12.845 11.749 10.251 9.117 9.162 8.043 6.859 5.858 5.914 4.676 3.398 3.713 3.465 2.775 0.738 0.000 1.143 3.321 4.592 6.137 9.433 10.780 12.753 12.218 15.008 17.231 15.747 17.342 19.790 20.073 19.710 21.109 22.750 22.944 23.092 24.345 24.804 24.966 25.194 24.631 24.613 25.255 25.862 26.316 26.978
23.837 22.825 21.539 20.533 20.868 20.652 19.084 19.666 20.450 19.721 19.578 18.569 19.496 18.978 16.569 16.480 18.003 16.720 13.338 15.451 16.544 14.320 11.742 14.858 15.689 13.553 12.727 15.240 15.797 14.479 14.654 16.622 16.881 15.610 16.509 18.250 18.094 16.988 17.439 16.453 15.828 14.519 12.991 12.564 11.627 10.436 9.384 9.022 8.043 6.370 5.595 5.334 3.986 3.482 4.098 3.111 0.745 0.000 1.285 3.377 5.591 8.818 10.513 12.684 12.894 15.381 17.454 16.675 17.266 20.470 21.186 21.047 21.326 23.361 23.991 23.940 24.679 25.249 25.742 25.884 25.194 24.927 25.772 26.136 26.764 27.444
24.255 23.170 21.629 20.356 20.926 20.303 18.679 19.035 19.867 19.178 19.035 17.919 18.695 18.627 16.071 15.860 17.676 16.524 13.763 15.397 17.299 14.822 13.547 15.834 17.138 14.701 14.710 16.945 17.464 15.906 16.348 18.227 17.941 17.148 18.821 20.100 19.688 18.858 19.266 18.617 18.013 16.963 16.254 15.239 14.386 14.617 11.961 11.627 10.200 8.832 7.694 7.521 5.836 4.623 4.761 4.924 3.027 0.896 0.000 1.218 3.668 6.828 8.029 11.389 11.907 14.592 16.429 15.348 16.109 19.561 20.245 20.038 21.179 22.918 22.958 23.288 24.608 25.066 25.070 25.498 24.922 24.732 25.666 25.961 26.617 27.270
24.121 23.023 21.211 20.314 20.538 19.875 18.079 18.755 19.307 17.828 18.354 17.719 18.204 17.944 15.471 15.377 16.840 15.639 12.936 14.834 16.187 13.881 13.092 15.533 15.919 14.311 14.918 16.847 16.898 16.403 17.041 18.811 18.491 18.292 19.931 20.913 20.714 20.464 20.640 20.477 20.198 19.415 19.289 18.263 17.269 17.159 15.499 13.981 12.426 11.495 10.222 8.786 8.096 7.119 5.575 4.936 4.768 2.994 1.097 0.000 1.567 4.515 6.506 9.257 10.496 13.441 14.789 14.320 15.147 18.256 18.954 18.950 20.424 21.816 22.629 23.169 24.112 24.608 24.800 24.981 24.445 24.599 25.437 25.964 26.468 27.256
24.350 23.606 21.830 20.865 21.285 20.785 18.975 19.761 20.363 19.481 19.794 18.718 19.782 19.236 16.291 16.157 18.247 16.720 14.208 16.971 17.513 15.232 15.465 18.358 18.437 16.993 18.861 20.865 20.404 20.003 21.744 23.055 22.591 22.925 23.932 24.319 24.296 24.274 24.616 24.570 24.479 24.242 24.106 23.254 22.583 22.556 21.510 19.340 18.284 17.768 16.011 13.344 12.764 12.491 10.105 7.701 7.149 6.891 3.860 1.213 0.000 1.804 5.247 7.852 10.115 13.166 13.954 14.008 16.463 19.270 19.669 20.689 21.549 22.863 22.998 23.742 24.238 24.701 25.006 25.289 25.176 24.766 25.988 26.155 26.948 27.724
24.850 24.296 22.502 21.480 21.936 21.139 19.453 19.808 20.377 19.149 19.764 18.170 18.795 18.586 16.093 15.659 17.127 16.596 14.238 15.738 17.131 15.752 15.211 17.510 18.744 17.580 18.520 20.837 20.861 20.649 21.936 23.348 23.031 23.218 24.247 24.927 24.834 25.044 25.469 25.217 24.855 24.477 24.054 23.166 22.344 22.017 21.420 19.924 18.486 17.731 16.807 14.156 12.551 12.341 11.727 9.073 7.520 7.486 6.519 3.888 1.437 0.001 1.671 3.759 5.236 6.721 6.885 7.088 9.218 10.216 10.729 11.798 13.480 14.762 15.550 16.755 17.863 18.618 19.419 20.206 19.995 20.262 22.300 23.027 24.846 26.251
24.173 23.720 21.752 20.958 21.328 20.401 19.178 19.472 20.127 19.139 19.513 18.141 19.220 18.867 16.653 15.727 18.058 16.994 14.451 16.180 17.920 16.592 16.311 18.456 19.563 18.651 19.636 21.274 21.756 21.312 22.416 23.728 23.800 23.829 24.644 25.377 25.515 25.691 25.731 25.937 25.484 25.225 24.998 24.532 23.649 23.099 23.155 20.828 19.982 19.544 18.296 16.225 15.163 14.870 13.928 11.125 9.579 9.569 8.137 5.887 3.289 0.979 0.000 1.420 2.982 4.405 5.494 6.028 7.660 8.810 10.092 11.347 12.156 13.898 15.251 16.140 17.041 18.003 19.081 20.581 19.607 19.613 21.722 22.600 24.298 25.529
24.530 24.242 22.489 21.527 21.817 20.985 19.671 19.956 20.271 19.247 19.636 18.281 19.143 18.155 16.250 15.448 16.890 16.336 13.940 15.231 16.719 15.519 15.016 17.622 18.776 17.889 18.516 21.056 21.414 20.927 22.338 23.481 23.702 23.716 24.643 25.385 25.529 25.341 25.867 25.744 25.359 25.218 24.836 24.015 23.462 23.254 22.969 21.398 19.760 20.306 18.546 16.564 15.075 15.281 14.347 11.907 10.734 11.704 10.288 7.557 6.342 3.477 1.082 0.000 1.480 3.390 4.739 4.757 4.666 7.013 8.838 8.194 9.255 11.303 12.266 12.521 13.390 15.363 16.359 16.718 16.078 15.811 18.043 19.108 21.499 23.638
24.713 24.316 22.557 21.590 22.113 21.436 19.677 20.384 21.005 20.113 20.161 18.702 19.267 18.705 16.759 16.029 17.131 16.841 13.824 14.910 16.884 15.447 14.301 17.080 18.925 17.401 18.126 20.217 21.191 20.750 21.592 22.779 22.893 22.766 23.466 24.554 24.715 24.288 24.723 24.514 24.525 24.250 23.976 22.817 22.278 22.636 22.378 19.868 18.979 19.736 18.749 16.847 14.766 15.825 15.308 12.657 11.311 13.037 11.549 9.129 7.336 5.309 3.300 0.887 0.000 0.980 2.610 3.183 3.047 3.009 4.905 5.561 5.554 6.536 7.835 8.264 8.676 9.986 10.647 11.789 11.820 12.806 15.357 17.039 19.729 21.736
24.641 24.376 22.695 21.864 22.269 21.397 19.871 20.153 20.760 19.767 19.865 18.229 18.715 18.678 16.393 15.354 16.964 16.532 13.927 15.048 16.597 15.590 15.029 17.217 18.745 17.433 18.425 21.120 21.140 20.940 22.134 23.142 23.184 22.818 23.980 24.482 24.794 24.407 25.053 24.670 24.591 24.370 23.709 22.654 22.131 22.369 22.389 20.395 18.944 19.800 18.529 16.838 15.457 15.937 14.901 12.696 11.063 12.286 11.022 8.916 7.302 6.226 4.459 2.459 0.659 0.000 0.926 1.690 2.432 2.084 2.695 4.148 4.714 4.761 5.791 6.134 6.935 7.810 8.778 10.093 10.449 11.614 14.019 16.215 18.565 20.847
25.133 24.771 23.281 22.123 22.499 21.623 20.164 20.513 21.215 20.016 20.156 18.575 19.217 18.538 16.674 15.223 16.684 16.393 14.245 14.939 16.447 15.924 15.645 17.443 18.642 17.545 18.693 20.895 21.071 20.917 22.026 23.234 23.379 23.291 23.906 24.698 24.776 24.614 25.127 24.886 24.499 24.217 23.931 23.382 22.536 23.076 22.754 21.011 19.299 20.438 19.479 17.395 15.689 16.658 15.983 13.650 11.999 13.316 12.192 9.883 8.597 7.334 5.081 3.217 1.820 0.582 0.000 0.908 1.693 2.012 2.145 2.500 3.979 4.324 4.458 5.733 6.702 7.224 8.036 9.357 9.592 11.046 13.445 16.077 17.960 20.393
24.734 24.312 22.860 21.604 22.131 21.376 19.615 20.005 20.776 19.208 19.552 18.125 18.900 17.957 16.082 15.161 16.672 15.888 13.316 14.777 16.315 14.718 14.153 16.792 17.998 17.455 18.695 20.201 20.495 20.474 21.402 22.109 22.668 22.571 23.323 24.146 24.210 24.025 24.346 24.461 24.085 23.845 23.751 22.818 21.875 22.204 22.113 20.094 19.352 19.561 18.797 17.538 15.582 16.290 15.832 13.160 12.020 13.283 11.994 9.305 8.405 7.473 5.193 3.337 2.609 1.695 0.586 0.000 0.876 1.493 2.217 2.614 2.915 4.257 4.573 4.908 5.885 6.508 7.316 8.427 8.955 10.170 13.147 15.131 17.793 19.674
24.945 24.686 22.992 22.022 22.076 21.419 19.426 20.053 20.693 19.176 19.644 17.995 18.849 18.063 16.116 15.102 16.336 15.748 13.905 15.000 16.357 15.516 14.849 17.234 18.511 17.408 17.386 20.423 20.998 20.355 21.648 22.934 23.103 22.915 23.263 24.264 24.426 24.245 24.966 24.785 24.521 24.116 23.561 23.267 22.111 22.035 22.155 20.588 18.620 19.657 19.186 17.164 15.784 16.557 15.847 13.086 11.910 13.599 12.161 9.578 8.401 7.527 5.464 3.784 2.764 2.534 1.536 0.585 0.000 0.745 1.610 2.474 2.479 3.128 4.095 4.925 5.375 6.458 6.874 8.110 8.835 10.043 12.883 14.831 17.504 19.638
25.139 24.829 23.365 22.366 22.620 21.882 20.066 20.580 21.250 19.921 20.143 18.692 19.147 18.800 17.043 16.078 17.109 16.849 14.673 15.454 16.849 16.017 15.437 17.568 18.559 17.745 18.362 20.583 21.427 20.801 22.125 23.329 23.337 23.270 23.663 24.576 24.406 24.464 24.846 24.590 24.431 24.587 24.165 23.119 22.652 22.692 22.214 20.681 19.668 20.072 18.684 17.608 15.696 16.368 15.731 13.799 12.624 13.663 12.854 10.622 9.372 8.660 6.766 4.460 3.225 2.664 2.186 1.599 0.579 0.000 0.824 1.617 2.500 2.576 3.461 4.127 4.762 5.439 6.465 7.782 8.437 9.943 12.617 14.787 16.937 19.239
25.568 24.979 23.581 22.528 22.818 21.940 20.450 20.917 21.791 20.296 20.485 19.112 19.635 19.296 17.478 15.961 17.656 17.051 14.962 15.144 16.763 16.191 15.795 17.752 18.479 17.870 18.792 20.278 21.308 20.761 21.617 23.030 23.641 23.413 23.732 24.529 24.492 24.044 24.523 24.400 24.235 23.973 23.941 23.287 22.137 23.030 22.501 20.857 19.278 20.375 19.745 17.703 16.705 17.234 16.707 14.229 13.059 14.436 13.535 11.038 9.900 9.475 7.021 5.514 3.984 3.012 2.334 2.290 1.621 0.552 0.000 0.793 1.808 2.601 2.579 2.800 4.395 5.194 5.403 7.387 7.944 9.839 12.324 14.684 17.062 19.137
25.454 24.905 23.456 22.364 22.482 21.937 19.998 20.473 21.172 19.816 20.012 18.928 19.096 18.577 16.862 16.093 17.167 16.249 14.523 15.605 16.722 15.824 15.391 17.664 18.476 18.011 18.883 20.345 21.170 21.333 21.796 22.830 23.360 22.860 23.503 24.390 24.570 24.596 25.006 25.010 24.705 24.151 23.687 23.561 22.368 22.418 22.290 20.644 19.632 19.883 19.773 18.223 16.752 17.299 16.833 14.328 13.109 14.392 13.309 11.054 9.841 9.157 6.919 5.813 4.463 4.143 2.656 2.292 2.339 1.622 0.569 0.000 1.012 1.801 2.392 2.538 3.228 4.642 5.055 6.162 7.174 9.108 11.916 14.318 16.619 18.472
25.531 25.201 23.494 22.514 22.789 21.967 20.063 20.694 21.208 19.716 20.311 18.812 19.419 19.079 17.042 16.001 17.363 16.900 15.049 15.729 17.003 16.171 15.816 18.348 18.843 18.311 18.224 20.865 21.318 21.366 22.256 23.524 23.666 23.569 24.391 24.651 24.537 24.676 25.413 25.035 25.140 24.297 23.677 23.423 22.670 22.067 22.697 21.018 19.895 20.559 19.983 18.652 17.012 17.801 16.709 14.875 13.486 14.780 13.572 10.924 10.119 9.873 7.125 6.086 5.083 4.018 3.433 3.057 2.654 2.332 1.445 0.554 0.000 0.789 1.739 2.337 2.430 3.534 4.895 6.300 7.474 9.398 12.239 14.257 16.465 18.792
26.198 25.586 24.258 23.165 23.426 22.934 21.092 21.573 22.216 20.926 21.113 19.770 20.231 19.978 18.180 16.805 18.418 17.889 16.011 16.251 17.965 17.518 16.498 18.503 19.732 18.943 18.968 21.444 22.003 21.448 22.412 23.675 24.021 23.596 24.143 25.248 25.249 24.676 25.315 25.278 24.999 24.890 24.078 23.392 23.083 22.937 22.185 21.175 19.984 20.195 19.772 18.488 16.588 17.579 17.274 15.116 13.751 15.310 14.356 12.255 11.235 10.818 8.955 7.111 6.005 5.075 3.770 3.873 3.140 2.358 2.535 1.672 0.574 0.000 1.011 1.764 2.573 3.119 4.142 5.637 6.895 9.089 11.630 14.060 16.501 18.520
26.201 25.676 24.067 23.167 23.802 23.049 21.506 21.939 22.970 21.448 21.672 20.114 20.608 20.284 18.599 17.138 19.186 18.307 16.785 16.888 18.586 17.873 17.095 18.589 20.109 19.137 19.445 21.610 22.151 21.845 22.289 23.681 24.438 24.583 24.221 25.512 25.444 24.806 25.218 24.816 24.783 24.034 23.986 23.481 22.370 22.808 22.720 21.568 19.991 20.507 20.298 18.563 17.443 18.207 17.869 15.716 14.572 16.196 15.390 13.355 12.583 12.395 10.145 8.359 6.801 6.301 5.274 5.159 4.935 3.178 2.631 2.874 1.772 0.594 0.000 1.003 2.072 2.935 4.061 5.359 7.019 8.933 11.623 14.044 16.331 18.427
26.332 25.786 24.551 23.380 23.647 23.312 21.413 21.675 22.723 21.352 21.292 19.884 20.251 19.826 18.431 16.982 18.580 18.250 16.602 16.809 18.196 17.962 17.665 18.049 19.841 19.941 19.061 20.678 22.213 22.635 22.817 23.955 24.348 24.072 24.970 25.438 25.285 25.075 25.650 25.541 25.436 25.163 24.683 24.300 23.441 23.363 23.428 22.166 20.944 21.195 21.114 19.674 18.141 18.756 18.753 16.835 15.559 17.201 16.220 14.063 13.934 13.439 11.322 10.195 8.097 7.631 6.710 5.907 5.689 4.571 3.521 3.406 3.229 1.960 0.666 0.000 0.983 2.371 3.574 4.970 6.590 8.631 11.323 13.819 15.856 17.804
26.558 26.143 24.856 23.976 24.271 23.820 21.984 22.187 22.987 21.446 21.624 20.056 20.395 20.315 18.648 17.204 18.475 18.406 16.792 17.420 18.767 18.107 16.807 18.967 19.959 19.089 19.932 21.685 22.322 22.219 23.051 24.098 24.575 24.326 25.085 25.377 25.208 25.262 25.534 25.604 25.660 25.251 24.914 24.298 23.155 22.760 23.573 22.127 20.816 21.168 20.568 19.141 18.153 18.872 18.353 16.362 15.693 17.133 16.734 14.484 14.415 14.101 12.436 10.996 9.802 8.737 7.919 7.009 6.838 5.228 4.599 3.925 3.346 3.175 1.914 0.644 0.000 1.103 2.264 4.195 6.160 8.475 11.006 13.416 15.702 17.677
26.809 26.479 25.087 24.300 24.606 24.338 22.676 22.939 23.561 22.468 22.662 21.081 21.502 21.377 20.057 18.438 20.071 19.711 17.953 18.108 19.503 19.277 17.837 19.448 20.951 20.243 20.032 21.768 22.965 22.185 22.614 24.215 24.727 24.140 24.664 25.778 25.818 24.959 25.930 25.419 25.295 25.074 24.490 24.150 23.178 23.012 23.127 21.874 20.602 21.115 20.830 19.117 18.058 19.249 19.172 17.130 16.405 17.997 17.240 15.839 14.879 14.432 12.796 11.185 10.392 9.268 8.147 7.573 7.652 6.202 5.321 5.099 3.596 3.263 3.532 2.193 0.718 0.000 1.104 2.667 5.039 7.713 10.519 13.376 15.615 17.802
27.042 26.897 25.570 24.893 25.478 24.879 23.723 24.043 24.589 23.675 23.682 22.496 22.529 22.624 21.144 19.932 21.302 20.767 19.174 19.631 20.892 19.756 19.136 20.339 21.711 20.716 20.673 22.418 23.294 22.841 23.252 24.494 25.071 24.885 25.088 26.046 26.468 25.921 26.550 25.951 25.887 25.469 25.195 24.308 23.593 23.433 23.800 22.258 21.423 22.186 22.094 20.275 19.970 20.975 20.924 19.080 18.853 20.211 19.858 18.592 17.590 16.873 15.545 14.472 13.733 12.243 11.302 11.032 10.239 8.378 7.336 7.512 5.916 4.016 4.472 3.888 2.720 1.029 0.000 1.358 3.549 6.163 8.482 11.570 13.378 16.071
28.465 28.185 27.390 26.997 27.267 26.860 25.989 26.166 26.581 25.833 25.778 24.923 24.614 24.815 24.251 22.782 23.313 23.416 22.506 21.949 22.522 22.211 21.729 22.248 22.744 22.267 21.942 23.381 23.803 23.751 23.850 24.919 25.274 25.279 25.736 26.341 26.755 26.830 27.234 26.868 26.794 26.503 25.975 25.441 25.122 25.149 24.931 24.273 23.507 23.920 24.000 23.110 23.106 23.924 24.284 23.113 23.465 24.377 24.249 23.727 23.432 23.348 21.976 21.805 20.412 20.371 19.650 18.489 17.271 16.192 13.563 13.023 11.995 9.315 7.428 6.587 6.251 3.855 1.388 0.001 1.618 4.436 6.900 9.839 11.582 14.205
29.123 29.151 28.652 28.423 28.646 28.382 27.781 27.948 28.229 27.710 27.691 27.345 26.875 26.940 26.635 25.603 25.793 25.480 24.750 23.956 24.435 23.975 22.982 22.716 23.637 22.845 22.191 23.263 23.994 23.789 23.655 24.999 25.199 25.363 25.525 26.354 26.627 26.704 27.023 26.645 26.762 26.354 26.278 25.606 24.987 25.266 25.272 24.465 23.719 24.970 24.793 24.149 24.506 25.387 25.322 25.060 25.865 26.478 26.653 26.689 26.816 27.069 26.088 25.819 24.287 23.992 23.282 21.663 19.336 18.406 17.571 14.905 13.659 13.048 11.001 7.373 7.625 6.978 3.968 1.654 0.000 1.849 5.014 7.258 9.587 12.142
29.040 29.060 28.330 28.060 28.261 27.946 27.228 27.309 27.672 26.884 26.937 26.110 25.904 25.645 25.122 23.786 24.139 23.653 22.142 21.891 22.842 21.941 20.852 21.344 22.550 21.981 20.644 22.493 23.489 23.482 22.936 24.783 25.346 25.685 25.499 26.410 26.547 26.681 26.905 26.657 26.581 26.242 26.057 25.306 24.016 24.757 24.990 23.415 22.578 23.757 23.368 22.074 22.082 23.122 23.060 22.208 22.827 23.963 24.350 23.967 24.273 24.766 23.185 22.848 20.736 20.381 19.514 17.979 16.019 15.576 14.038 12.591 10.753 11.033 9.389 7.030 7.408 7.716 5.478 4.000 1.392 0.000 1.548 3.184 5.089 6.418
28.864 28.747 28.044 27.787 28.145 27.715 26.853 27.324 27.436 26.669 26.768 25.977 25.593 25.678 24.744 23.506 23.871 23.540 22.301 21.589 22.359 21.657 20.689 20.487 22.151 21.077 20.766 21.981 22.903 22.374 22.676 23.979 24.292 24.982 24.821 26.140 26.169 26.454 26.675 26.612 26.297 25.634 25.589 25.043 23.962 24.095 24.378 23.088 22.205 23.364 23.018 22.093 22.174 23.278 23.243 22.458 23.043 24.156 24.459 24.140 24.273 24.657 22.815 22.247 20.384 20.122 19.347 17.664 15.681 15.580 14.524 12.083 11.050 11.314 9.781 7.371 8.061 8.538 7.252 5.661 3.398 1.284 0.001 1.203 2.706 4.579
29.121 29.221 28.635 28.414 28.790 28.348 27.787 28.043 28.235 27.499 27.727 26.867 26.440 26.616 26.103 24.682 24.693 24.761 23.444 22.506 23.157 22.808 21.456 21.003 22.665 22.488 21.022 22.546 23.556 23.322 23.271 24.463 25.056 25.278 25.297 26.525 26.530 26.678 27.012 26.962 26.588 26.063 25.969 25.348 24.550 24.510 24.920 23.449 22.462 23.953 23.641 22.903 23.016 24.019 23.947 23.521 24.103 25.118 25.292 25.339 25.491 25.944 24.270 23.751 21.769 21.337 20.775 19.076 16.818 16.734 15.994 13.584 11.551 12.256 11.081 8.431 8.674 9.464 8.326 6.820 4.593 3.232 1.131 0.001 1.315 3.311
28.965 28.829 28.185 28.186 28.403 27.824 27.281 27.814 27.834 27.008 27.160 26.524 26.033 25.921 25.458 24.362 24.101 24.321 23.253 22.403 22.732 22.536 21.289 21.027 22.343 22.079 21.059 21.832 23.043 22.883 22.768 23.879 24.449 24.766 24.814 25.802 26.039 26.468 26.640 26.496 26.220 25.719 25.711 25.122 24.170 24.498 25.075 23.505 22.660 24.574 24.038 23.136 23.331 24.618 24.482 23.816 24.545 25.375 25.641 25.319 25.673 25.988 24.046 23.757 22.206 21.732 21.033 19.017 17.206 17.102 16.542 14.239 12.935 13.350 12.836 10.114 10.472 11.703 11.480 9.365 6.785 4.485 3.385 1.176 0.001 1.472
29.017 28.958 28.465 28.332 28.787 28.455 27.991 28.067 28.348 27.623 27.782 27.154 26.800 26.868 26.381 25.616 25.136 25.372 24.714 23.794 23.969 23.948 23.392 22.446 23.419 23.193 22.062 22.436 23.717 23.633 23.517 24.134 24.597 25.066 25.210 26.155 26.465 26.672 26.870 27.049 26.667 26.390 26.183 25.486 24.883 25.219 25.647 24.316 24.061 25.403 25.111 24.400 25.198 25.851 25.782 25.475 26.104 26.505 26.748 26.673 26.733 27.051 25.995 25.746 24.585 24.254 24.262 22.392 20.863 20.888 20.452 18.344 16.948 17.925 17.037 14.023 14.556 15.915 14.820 12.614 10.063 7.717 5.532 4.135 1.379 0.007
